100
33 47 44 40 4363
33 38 26 39 5521
22 45 46 33 3871
27 37 42 27 977
30 41 43 43 3484
33 31 32 24 2347
36 47 29 32 1361
24 35 50 32 3613
29 44 41 37 631
35 42 25 36 3611
36 31 29 33 2483
34 47 26 29 2805
22 42 37 23 2366
19 46 34 40 3232
28 29 30 29 494
36 44 37 33 5359
36 37 37 27 5334
24 44 42 30 3258
22 36 41 26 4259
23 29 28 30 1548
22 45 41 32 4606
22 42 51 40 3214
36 50 34 38 2268
26 25 29 45 5108
20 33 50 29 2481
30 35 35 36 3251
37 27 41 45 530
19 41 38 37 649
28 29 30 31 4238
20 35 51 26 695
27 33 50 24 5113
33 31 43 39 2638
35 28 38 23 9
20 42 51 27 1007
30 36 38 25 4371
24 46 33 32 1695
30 28 29 40 4438
31 41 34 27 4961
36 36 29 24 2800
31 32 30 46 1926
32 29 28 45 1698
37 35 29 44 2237
27 46 37 26 5283
22 35 51 37 4736
26 47 50 46 3717
20 36 41 31 498
30 35 29 44 1290
26 42 46 33 3152
34 40 37 25 4481
20 35 41 34 1683
29 36 34 43 3167
34 36 50 33 2311
20 35 42 27 331
36 51 35 23 1483
25 28 33 29 2541
34 38 28 41 3393
31 35 39 24 4491
32 29 47 34 2051
28 49 47 25 2481
33 46 25 27 3853
26 41 41 43 2943
33 33 34 27 1899
27 45 32 27 4456
26 45 48 43 2247
33 37 37 31 1382
33 36 33 38 1330
21 36 29 45 596
28 36 47 36 3386
34 46 32 46 4524
28 32 25 23 2378
35 28 42 41 883
21 42 29 43 17
34 49 43 32 3860
27 27 26 34 5453
23 27 46 46 4297
36 36 51 46 3324
21 42 39 31 5007
30 37 38 45 2534
33 45 29 34 3184
34 33 51 30 2940
30 40 47 29 1352
33 25 47 23 3899
33 50 41 38 4094
37 31 42 39 850
27 25 30 37 2806
21 45 33 46 3852
37 32 41 25 161
23 31 47 45 5126
19 28 48 34 812
29 33 50 31 1273
18 32 28 40 2591
29 42 46 36 1463
31 27 28 46 4221
37 47 39 45 2580
30 51 48 46 558
34 37 46 39 611
24 40 34 37 15
37 47 25 36 3945
36 41 32 39 492
24 42 28 32 60
0 11 28 18 9 23 18 13 20 12 21 27 18 18 7 24 20 26 29 6 26 30 23 28 26 16 25 21 22 18 26 13 25 26 11 16 14 12 24 11 12 16 12 19 22 15 19 11 28 27 12 27 23 28 11 14 12 25 23 19 24 28 13 20 18 16 13 5 21 24 11 15 16 10 24 23 15 5 22 5 15 29 11 30 23 18 21 20 12 25 30 26 14 10 20 14 18 23 11 27
23 0 23 12 13 10 24 16 16 24 23 22 22 29 24 6 16 25 27 17 17 20 26 21 17 14 27 19 26 19 16 12 29 17 13 13 18 23 27 14 24 11 22 15 12 19 7 20 22 10 14 25 13 29 11 25 18 23 12 6 19 8 21 18 20 25 29 20 25 11 20 19 24 7 19 13 27 26 13 18 11 22 19 25 28 13 14 10 13 14 14 11 23 16 25 10 29 21 16 21
17 21 0 15 26 10 18 16 18 11 22 13 15 14 18 18 15 27 7 25 22 26 17 17 15 26 30 19 25 30 27 14 28 20 18 18 28 22 24 21 24 28 26 21 20 7 20 28 16 24 12 13 13 20 21 16 18 17 21 23 22 28 13 26 19 23 10 30 11 29 29 7 22 20 13 22 26 26 15 28 13 13 20 27 16 21 20 9 10 18 18 21 11 20 6 12 12 17 20 10
29 20 30 0 25 12 26 20 27 21 12 22 10 27 25 29 23 16 11 15 27 20 22 23 28 9 15 28 15 30 20 6 16 22 14 27 10 17 10 13 26 17 17 12 25 16 11 11 10 13 15 30 14 25 27 17 21 7 14 15 19 17 5 5 14 26 14 25 25 23 20 18 21 19 23 13 26 17 21 20 15 10 19 20 12 10 14 18 15 15 23 30 13 15 30 21 17 17 29 19
12 11 12 19 0 10 18 28 26 19 12 16 16 13 11 26 18 27 26 6 29 22 11 16 16 19 24 18 19 26 17 26 26 27 5 23 7 17 16 24 26 14 28 13 24 17 14 23 12 13 17 24 14 13 12 15 25 25 26 16 19 23 24 21 19 24 11 15 20 17 12 19 26 20 14 18 20 9 19 5 11 20 29 21 28 13 29 12 16 14 13 11 28 26 20 17 19 20 20 12
25 22 19 5 21 0 11 30 28 27 30 11 13 12 14 14 20 28 25 26 21 30 27 12 28 6 18 18 22 11 18 6 15 15 20 25 19 26 14 16 16 21 11 12 29 22 18 16 19 26 29 21 11 30 14 22 20 9 7 20 25 26 7 9 7 19 7 27 12 24 27 29 14 14 28 29 23 10 19 19 18 14 27 29 18 24 14 27 22 14 14 24 26 18 26 15 10 22 12 24
26 23 17 28 10 13 0 14 6 10 10 26 29 10 26 22 13 15 18 12 12 15 9 17 23 23 22 15 23 22 18 22 14 24 24 12 20 24 22 14 19 10 18 20 17 14 21 25 18 18 25 27 24 13 26 29 21 13 27 25 15 25 24 14 12 23 10 22 15 11 27 13 16 13 19 14 26 24 22 17 12 26 21 16 16 21 18 19 27 17 25 11 21 28 25 28 11 24 28 20
16 27 10 23 25 21 13 0 19 13 14 20 21 29 10 26 30 29 11 23 12 15 14 13 30 18 10 19 15 14 16 22 11 10 24 23 16 18 26 27 11 29 13 14 11 10 23 17 16 23 12 23 14 28 10 23 17 21 26 18 13 29 27 10 17 15 18 16 10 14 20 18 29 17 10 10 22 16 11 20 10 28 11 15 19 20 22 17 29 22 23 22 14 27 14 19 29 24 23 14
15 11 13 25 23 16 11 29 0 13 28 18 20 10 14 17 11 10 30 26 25 10 10 22 13 25 12 21 25 23 11 17 28 30 14 15 12 30 10 10 28 16 20 12 22 26 27 13 11 10 30 26 26 14 30 25 22 13 22 27 15 23 20 10 25 19 23 29 15 15 18 30 26 13 27 15 17 27 17 24 10 15 25 25 17 10 12 11 14 26 17 30 22 24 24 26 21 12 20 22
17 22 23 27 14 15 11 9 10 0 20 18 30 20 16 30 26 28 27 29 6 13 15 10 10 20 17 20 20 9 14 27 9 15 10 15 20 21 15 12 10 22 7 24 8 13 10 25 26 14 16 29 15 11 23 18 17 23 15 17 13 19 26 28 18 17 15 11 22 5 30 29 27 23 20 10 25 25 19 15 20 25 7 8 30 24 13 15 11 10 27 15 20 10 23 21 18 29 25 13
19 20 26 15 17 11 19 19 19 26 0 30 25 5 20 18 29 18 10 17 30 16 13 14 24 25 15 15 13 25 20 10 28 24 29 20 22 27 10 20 28 13 21 17 22 11 22 10 5 14 22 21 29 13 13 15 5 26 14 16 29 25 14 16 16 17 28 24 21 21 20 24 16 23 10 13 26 10 17 27 22 14 26 23 12 15 18 16 28 28 28 22 10 11 17 21 13 15 29 26
17 27 5 13 14 25 29 29 24 21 20 0 26 27 23 20 23 10 11 22 14 12 30 18 11 18 19 14 10 23 15 21 25 23 10 19 23 30 19 30 16 12 15 22 30 9 17 28 19 20 11 22 29 12 21 17 13 16 20 21 13 20 12 30 14 19 16 18 11 21 21 14 10 12 13 14 19 24 28 27 16 26 19 20 17 28 23 10 8 20 30 14 26 24 9 25 25 16 15 30
17 14 23 20 15 21 13 29 10 20 14 15 0 10 27 15 17 14 30 21 30 10 25 25 15 24 15 28 15 29 18 28 10 13 24 16 16 26 24 30 13 23 27 12 19 18 16 30 23 20 22 28 29 12 19 26 16 25 30 22 19 29 22 14 15 19 29 17 16 23 17 16 12 14 23 10 26 28 9 20 18 12 21 28 29 16 25 14 12 21 5 22 10 25 19 28 21 21 15 24
13 23 12 18 19 17 12 23 27 21 6 18 25 0 18 17 23 13 16 16 20 27 29 16 18 24 18 24 28 29 12 11 28 11 13 15 26 11 12 17 16 25 11 12 26 25 17 12 6 10 30 14 10 16 10 18 6 11 30 24 30 16 19 27 23 21 15 21 14 20 29 28 13 24 9 25 30 13 30 18 28 24 28 27 10 18 20 17 22 16 11 20 15 6 11 29 23 20 16 18
13 27 10 14 15 17 21 13 29 23 21 18 16 26 0 11 30 22 22 9 29 10 27 22 11 26 22 23 12 12 26 26 25 23 11 22 8 28 20 13 22 14 14 27 25 30 18 22 30 24 26 19 20 17 15 8 29 14 17 22 15 25 24 21 23 20 10 10 10 27 10 21 15 12 22 15 25 7 26 13 19 20 25 23 15 20 30 21 14 17 10 18 22 17 11 16 10 24 13 13
17 14 28 22 23 25 11 12 10 23 13 17 12 14 15 0 16 15 25 28 14 13 22 11 27 12 27 28 25 11 10 21 17 11 19 10 13 18 18 17 28 9 27 25 25 26 10 19 10 12 5 21 19 20 21 26 12 10 29 12 18 13 17 30 28 23 10 23 11 20 24 25 15 14 16 17 18 10 26 30 24 25 15 19 26 10 23 25 10 11 28 8 18 24 17 17 22 15 11 11
30 18 16 25 14 24 13 29 5 23 21 24 24 30 26 30 0 14 21 30 23 6 10 28 17 27 19 11 27 23 15 13 29 14 23 17 28 21 14 12 30 17 26 15 19 17 18 30 19 14 18 29 24 11 28 21 29 14 27 12 5 20 24 14 16 10 22 29 7 25 27 10 29 20 15 15 16 26 21 21 9 20 13 12 16 16 16 25 24 19 14 18 15 13 11 25 19 30 10 27
28 25 11 30 20 11 12 26 9 15 30 17 26 29 24 13 12 0 19 26 28 6 8 15 22 27 12 29 10 21 18 12 17 14 15 12 17 17 28 15 21 11 22 20 23 16 28 10 18 13 20 27 16 14 23 12 23 21 16 13 7 28 26 26 14 15 11 20 5 25 20 28 27 20 23 13 21 15 17 27 10 16 16 23 18 27 27 25 20 29 25 26 29 20 21 10 14 23 13 24
28 23 6 26 19 26 10 30 16 19 26 6 12 30 15 22 14 17 0 10 10 15 18 12 30 27 24 28 17 30 18 30 18 13 30 15 30 24 18 29 24 25 27 19 24 9 12 13 10 17 23 10 30 23 26 12 26 17 20 23 20 26 19 18 18 26 26 14 22 30 23 14 26 20 21 28 15 17 15 15 20 10 14 12 27 14 25 15 8 22 15 14 28 20 13 13 19 21 27 30
9 14 28 19 5 12 23 30 14 23 23 17 19 30 8 25 26 16 20 0 16 17 26 17 21 28 26 21 15 16 22 12 30 17 5 16 6 23 22 18 26 19 13 26 17 10 27 18 11 16 26 27 24 26 26 7 14 16 26 26 24 15 22 10 28 20 25 7 15 28 7 16 16 19 27 15 16 9 20 15 17 22 28 10 22 14 11 14 17 22 16 27 26 16 17 13 30 14 27 22
24 18 24 12 14 10 26 13 21 12 29 23 12 18 17 14 17 16 30 21 0 27 24 14 25 11 23 17 24 15 14 30 6 6 23 19 17 16 10 27 27 25 9 21 15 19 12 23 17 27 30 10 24 23 16 15 10 25 12 18 19 16 21 14 20 12 10 28 12 8 27 27 25 24 21 24 13 28 28 25 13 13 10 14 18 18 11 16 24 12 18 21 27 10 23 30 12 26 12 5
26 25 12 15 26 19 12 17 14 17 20 19 25 23 20 16 11 7 15 14 21 0 5 22 19 19 10 19 25 16 19 17 16 16 30 28 30 13 14 5 26 27 21 27 24 25 27 24 14 26 14 21 23 18 18 25 10 25 18 30 8 15 25 25 16 17 22 25 14 24 12 29 30 16 23 8 20 12 25 30 6 13 25 12 29 27 14 18 14 16 30 30 27 24 18 23 28 14 11 10
15 29 22 11 29 16 15 18 5 25 28 18 24 27 27 15 9 12 24 11 27 13 0 18 15 26 21 16 28 15 19 23 30 28 13 12 25 24 28 15 21 27 13 12 29 13 19 15 12 28 28 23 20 10 18 20 21 23 11 16 11 16 24 11 13 10 25 13 15 11 12 30 10 23 25 10 13 29 22 22 12 23 21 27 17 25 26 14 30 20 25 25 27 14 20 16 26 22 10 21
30 15 22 27 28 12 26 27 11 27 24 16 30 12 18 25 12 20 30 21 23 27 21 0 17 18 16 20 13 14 12 30 22 27 24 13 30 8 22 22 17 27 23 10 29 25 11 12 29 30 13 24 28 17 10 19 18 24 17 11 16 22 14 22 20 25 26 14 28 23 20 24 22 12 28 21 10 19 30 10 29 15 22 25 14 11 22 11 29 20 29 11 17 15 11 20 12 21 7 10
19 26 26 19 30 15 16 27 28 20 16 23 15 16 18 26 25 30 25 21 27 28 23 10 0 15 8 14 11 21 17 21 29 21 10 27 11 18 12 19 13 18 16 11 21 17 22 18 16 14 13 17 16 30 18 30 29 12 16 25 23 30 19 24 22 28 22 28 10 12 13 16 23 30 11 26 23 16 14 19 27 8 10 27 18 13 30 14 27 16 7 24 17 25 23 21 26 27 11 10
18 19 14 9 15 9 26 16 24 16 24 27 26 14 11 18 26 18 26 21 19 23 15 18 15 0 16 27 13 11 24 14 13 15 25 20 23 15 27 17 26 12 30 22 18 25 14 11 24 11 29 14 12 27 21 26 15 12 6 23 12 21 13 13 8 20 7 11 25 21 30 30 23 22 24 26 15 27 20 14 16 22 27 24 16 11 8 17 11 30 24 24 25 18 24 27 25 26 10 23
25 14 17 14 23 13 16 14 20 30 29 21 5 16 24 24 29 14 10 30 19 15 17 26 10 28 0 25 6 17 19 24 28 17 16 30 23 11 30 11 10 18 11 22 27 11 18 30 11 21 12 19 21 14 26 25 27 20 29 27 17 19 16 29 18 20 13 22 27 14 27 14 30 21 16 11 24 29 5 29 22 12 25 16 15 24 19 19 26 27 8 19 26 26 19 20 20 18 22 18
29 13 17 28 27 30 13 27 14 10 24 26 17 28 17 10 19 26 17 10 19 21 16 19 11 12 25 0 26 15 15 18 30 20 21 9 30 19 11 14 25 14 30 5 22 16 25 10 29 10 16 13 15 8 13 12 11 19 21 30 25 28 18 24 20 7 14 24 19 13 20 19 11 27 24 19 20 12 29 16 26 18 17 30 14 25 24 24 26 10 26 30 20 18 21 6 29 13 30 28
24 30 10 27 10 23 28 10 22 18 13 15 14 26 20 29 12 29 16 20 19 18 29 18 12 12 6 22 0 16 20 12 14 16 30 16 30 14 16 14 13 26 13 23 11 30 21 23 14 29 21 21 22 10 19 30 23 14 12 22 27 25 11 24 14 23 13 21 12 13 11 22 23 20 20 15 29 16 7 27 13 15 18 27 30 16 12 18 10 14 5 28 18 22 26 10 20 30 25 10
15 13 15 28 11 13 15 14 25 9 18 17 11 14 24 12 22 26 19 20 5 20 30 18 17 18 28 24 23 0 11 25 7 12 26 19 11 24 25 29 28 20 5 23 6 19 10 20 23 19 28 16 30 26 27 17 21 25 14 29 10 29 30 28 25 20 22 12 19 8 21 30 13 13 19 17 18 20 30 13 24 17 11 15 12 27 25 10 20 20 26 10 24 26 29 23 18 13 28 5
30 25 10 15 10 21 25 29 30 20 11 18 15 25 21 30 19 20 24 21 23 12 29 16 23 22 26 5 10 30 0 11 25 25 21 6 22 21 9 22 22 22 15 13 27 28 10 6 29 20 29 6 13 10 13 22 16 16 27 25 26 26 24 19 27 14 25 17 10 19 22 13 12 29 11 29 11 25 15 17 19 19 28 25 25 15 10 18 19 27 14 11 19 22 25 13 10 5 21 25
24 22 24 8 26 14 11 14 28 24 24 29 11 20 10 15 14 19 29 11 25 30 10 10 10 9 12 11 17 14 27 0 28 15 24 28 28 30 18 28 15 22 18 26 12 24 11 28 19 29 20 24 5 25 11 21 12 11 13 12 29 13 7 14 10 23 15 24 12 22 21 22 13 23 22 23 13 15 26 19 22 20 27 29 23 26 6 19 27 13 10 11 14 17 22 18 26 11 11 21
19 29 22 20 25 13 30 12 16 12 24 12 15 23 13 28 28 24 13 17 8 18 20 29 19 21 15 22 16 7 14 30 0 14 23 27 15 10 15 20 30 26 8 12 13 17 17 27 26 26 23 22 26 12 27 19 10 12 21 25 22 13 11 18 26 23 24 17 12 8 29 17 22 26 28 10 10 15 13 23 25 10 11 6 11 30 14 17 16 25 27 28 25 13 21 26 26 22 13 12
24 20 13 17 22 24 29 15 23 5 15 17 23 18 17 11 25 17 25 18 15 17 28 13 25 15 30 18 14 9 22 25 14 0 12 21 23 11 28 10 13 23 7 23 8 21 22 19 29 13 22 20 26 27 21 29 26 11 27 13 11 12 26 18 17 14 16 23 17 8 24 30 25 23 14 16 23 20 28 11 30 29 13 14 10 15 20 26 28 19 29 13 10 21 26 17 20 12 23 5
13 27 26 15 15 22 22 27 15 28 22 20 15 30 12 21 19 21 11 13 28 14 18 17 25 29 19 13 18 23 15 10 20 18 0 10 8 17 11 21 29 28 30 26 24 20 13 18 16 28 18 12 15 15 17 8 11 20 24 15 30 15 18 28 11 11 30 13 13 17 13 17 19 18 25 11 24 14 24 9 20 12 15 14 14 17 12 28 13 12 26 19 18 15 25 27 28 24 22 18
19 19 16 13 20 14 21 29 28 23 10 20 21 14 17 12 16 11 11 26 12 25 24 13 24 18 10 11 12 17 7 12 19 23 20 0 20 13 13 19 21 20 25 9 20 26 14 12 25 16 11 9 13 11 8 26 21 20 13 24 23 16 11 20 21 15 17 19 22 16 28 25 8 28 23 10 29 21 19 23 13 28 13 16 10 30 18 22 24 30 27 21 22 28 29 15 19 10 11 21
12 27 15 15 7 20 23 24 11 10 30 24 23 22 11 18 20 13 15 6 20 12 28 21 23 11 10 13 24 16 13 19 27 27 12 30 0 21 10 16 17 15 18 16 13 29 12 22 24 24 17 20 17 11 11 11 29 21 27 14 11 25 14 19 15 12 23 11 25 24 12 25 23 16 20 26 16 5 28 15 28 19 29 14 25 22 18 13 14 10 16 17 20 29 20 12 26 24 17 14
21 26 28 14 30 30 12 20 12 23 18 28 22 27 11 20 17 30 12 20 23 29 17 11 20 14 22 18 13 25 23 26 20 21 18 10 10 0 29 20 18 14 18 25 18 27 28 10 25 23 14 23 24 11 27 25 21 19 14 14 25 27 28 29 30 19 15 11 17 12 18 16 22 15 23 19 13 14 28 18 15 30 14 30 13 17 12 30 20 22 15 20 26 24 26 19 14 16 13 28
10 22 11 17 21 26 18 17 10 26 26 27 28 28 20 19 22 25 27 26 10 27 10 20 29 17 17 7 16 10 12 10 14 25 11 15 15 15 0 29 27 15 14 6 22 17 20 11 22 13 29 14 13 9 8 16 29 22 14 26 25 13 24 19 12 11 11 19 25 27 26 25 9 26 19 29 15 23 14 28 25 28 30 29 10 27 10 26 14 22 25 30 19 21 14 14 10 6 14 20
27 21 11 28 25 19 14 26 7 30 26 29 29 30 29 25 6 15 10 24 19 9 11 25 14 25 10 10 20 25 17 29 13 11 19 28 21 16 18 0 29 11 13 13 18 28 30 29 12 28 23 22 17 30 11 22 14 16 20 27 8 10 30 30 15 11 13 20 14 19 16 22 22 10 23 7 12 25 12 16 13 26 19 16 29 30 11 29 20 27 10 19 10 30 13 18 20 20 11 25
20 23 16 13 19 28 27 25 14 26 17 20 6 29 18 22 20 17 12 22 29 10 12 24 8 16 10 30 13 13 21 25 15 26 10 12 19 26 16 25 0 17 12 27 13 18 28 27 23 12 20 11 21 18 22 10 13 18 27 30 20 10 29 14 21 28 18 29 22 18 11 29 27 26 18 17 20 13 9 16 24 12 27 26 13 20 30 12 12 26 8 25 30 13 14 14 27 26 30 23
14 14 22 25 14 13 22 25 30 22 21 22 14 19 15 8 18 16 27 20 17 25 29 29 10 10 16 11 13 23 25 17 12 24 12 20 17 20 15 25 24 0 18 14 20 12 13 21 12 14 12 29 28 19 27 20 21 22 16 8 27 9 19 23 27 15 17 16 14 27 10 26 16 8 28 23 16 26 29 18 12 16 29 28 14 12 16 28 21 8 26 11 15 28 25 26 30 16 12 18
12 19 27 26 22 24 19 6 28 8 27 18 21 29 30 29 14 30 26 13 8 30 29 29 13 28 14 19 27 6 29 21 6 5 11 30 30 16 27 27 12 21 0 12 6 29 12 21 11 14 28 11 24 13 29 12 28 10 11 13 24 30 24 22 27 30 21 19 11 10 18 21 26 18 22 17 22 30 24 30 22 15 10 14 15 19 14 14 18 17 30 13 22 29 20 17 21 24 24 15
11 20 30 29 16 28 18 19 17 14 20 29 25 20 19 14 23 15 26 26 13 26 12 14 16 16 13 8 15 24 10 23 19 22 25 15 15 14 10 21 22 26 17 0 29 27 16 7 19 15 15 13 25 7 11 15 28 15 19 20 28 10 19 29 22 9 14 17 29 21 22 16 8 20 20 23 21 10 28 22 29 23 13 22 19 30 24 23 22 10 23 13 20 12 18 13 25 13 18 27
14 15 14 27 20 27 11 9 15 9 19 14 27 29 14 15 24 16 23 14 10 18 16 29 29 21 23 30 10 10 21 19 10 12 14 29 24 15 16 15 18 13 10 17 0 14 16 20 28 19 28 16 19 18 14 16 25 29 12 10 26 25 17 11 21 24 10 10 15 12 20 15 21 16 21 13 25 17 16 10 12 10 5 7 28 18 19 24 23 24 21 22 28 24 11 10 27 17 26 14
14 16 10 25 11 14 10 29 24 11 19 8 20 27 18 27 19 11 15 19 23 21 18 26 27 23 10 13 22 16 26 14 23 21 17 26 13 26 12 12 10 16 14 18 29 0 21 21 28 11 12 29 16 21 26 14 12 16 21 16 30 22 16 10 29 22 27 14 28 10 27 9 24 15 13 12 24 20 12 28 15 20 10 11 22 23 10 9 14 24 16 28 23 29 13 15 24 30 18 15
26 12 14 20 16 14 29 10 29 26 14 23 26 21 17 12 23 19 10 14 18 12 19 14 21 20 22 26 18 24 13 27 10 29 23 30 20 19 13 15 23 11 15 20 29 28 0 15 16 28 7 24 23 13 13 19 19 26 20 6 28 12 24 14 24 11 26 20 10 28 12 22 11 10 18 19 14 19 10 18 23 19 13 16 10 13 14 29 12 8 30 12 27 22 15 30 22 27 13 11
10 17 17 28 22 30 25 11 26 29 13 23 15 22 28 10 11 20 20 25 25 15 17 25 14 18 19 12 16 14 5 13 20 29 19 11 16 15 9 15 21 20 22 15 15 16 17 0 17 11 18 7 25 14 14 19 14 21 25 14 17 18 17 10 27 15 27 23 17 10 16 13 12 12 10 16 22 10 19 21 13 15 15 21 21 28 12 10 15 21 21 25 10 16 23 6 24 5 15 28
29 17 24 22 25 26 24 20 10 27 6 22 16 12 20 28 17 10 26 17 15 11 16 21 17 16 15 22 18 24 28 21 17 25 11 30 11 24 30 12 27 25 18 30 28 10 14 29 0 12 16 21 27 10 15 26 7 19 23 26 14 14 23 26 23 13 18 14 21 28 21 16 13 24 12 15 15 29 11 16 30 14 28 26 9 20 19 30 28 19 22 11 10 12 13 12 14 17 22 19
20 24 30 21 14 20 18 24 27 30 9 21 20 9 11 23 15 28 26 27 18 11 12 12 23 22 28 15 24 16 28 29 29 11 10 30 16 20 21 16 11 25 27 22 15 15 10 20 15 0 14 26 15 27 24 20 6 12 14 18 27 16 28 19 14 29 24 10 16 16 21 28 23 11 5 21 23 16 22 24 14 13 26 14 6 21 29 14 23 15 21 10 5 12 23 22 14 10 14 16
28 14 23 29 23 12 25 23 29 17 10 15 16 25 20 6 24 30 25 22 23 11 11 17 28 10 25 18 23 29 16 25 15 12 13 15 18 12 19 19 10 7 25 27 12 25 14 15 12 27 0 18 19 19 18 26 19 19 18 11 14 9 17 18 16 17 10 13 21 23 15 29 23 5 20 21 15 11 10 15 21 28 26 11 17 12 17 21 22 12 27 9 30 20 20 30 21 30 26 13
14 12 27 26 25 23 29 12 20 21 29 17 27 30 20 15 13 11 13 10 26 12 17 14 21 26 28 5 20 30 8 10 24 13 22 12 19 20 15 15 13 25 24 6 24 14 14 8 15 24 21 0 23 12 15 17 29 29 25 19 23 17 26 25 15 8 28 19 16 20 16 20 12 10 16 13 13 28 12 19 16 15 14 26 18 20 26 27 22 10 10 29 10 10 19 11 22 11 26 28
19 23 27 15 19 12 10 22 19 25 25 16 26 15 30 10 20 20 19 28 14 17 12 28 14 10 18 16 19 15 18 9 20 30 14 25 10 13 19 28 17 14 14 23 23 19 26 27 11 10 13 27 0 26 21 19 18 9 9 10 27 30 15 8 6 10 14 19 14 29 24 28 21 15 17 12 18 17 24 23 28 13 10 24 13 28 8 24 25 15 18 19 15 30 25 17 22 15 13 20
14 30 18 24 20 22 27 19 18 11 22 19 27 15 26 23 22 27 23 10 18 11 23 16 18 18 28 9 20 28 11 13 24 20 14 9 11 26 5 15 14 24 30 7 17 26 25 10 21 21 30 11 19 0 7 16 24 20 28 18 21 30 19 17 28 10 13 12 19 15 23 20 8 20 26 13 29 14 23 26 28 14 16 14 29 11 28 18 21 27 18 22 10 30 10 8 11 11 18 23
30 27 19 25 22 15 25 27 17 28 22 30 25 21 22 26 28 29 18 12 23 14 14 21 13 20 12 6 23 17 13 15 16 20 24 11 30 15 9 13 11 10 19 10 14 11 11 11 19 12 26 15 28 8 0 16 21 30 13 19 10 11 23 18 24 13 14 30 16 14 18 10 13 15 19 24 21 27 25 11 27 16 12 25 21 25 25 23 18 15 30 25 28 20 17 10 23 11 19 12
6 24 23 15 15 26 10 12 16 11 22 17 11 23 11 19 29 11 17 12 23 18 25 16 15 13 11 22 22 14 10 11 20 21 8 22 8 28 14 11 16 26 30 16 29 24 22 11 30 27 23 25 17 11 12 0 11 17 26 30 30 28 28 13 18 21 30 9 19 30 8 10 30 28 28 17 24 8 11 9 22 18 10 24 19 10 29 29 29 15 28 15 26 28 24 22 12 12 14 12
20 12 15 11 29 22 29 14 19 19 11 11 26 15 26 27 28 23 12 18 28 12 12 18 25 12 27 19 11 24 15 27 27 13 21 16 19 13 27 23 23 24 13 14 17 14 23 24 15 12 12 29 15 25 24 14 0 14 17 14 18 22 12 20 30 17 27 19 11 16 23 19 17 10 13 15 15 20 27 27 22 25 18 17 8 17 19 10 22 29 22 11 11 5 20 17 28 18 22 28
27 22 10 11 29 5 11 30 14 24 30 20 29 30 21 23 19 17 10 18 24 23 17 11 14 15 12 17 13 19 21 15 18 25 13 24 12 15 17 15 28 11 27 25 22 28 21 13 20 14 17 17 5 17 10 13 26 0 5 28 17 28 10 10 5 12 8 13 16 27 27 25 29 29 16 25 27 23 29 26 16 25 23 28 25 23 11 25 12 25 12 27 30 22 19 15 24 15 17 19
17 27 20 8 15 5 18 26 19 25 22 21 28 13 10 28 29 11 28 26 24 10 13 10 29 12 11 15 23 22 11 13 25 11 18 14 23 24 27 14 14 13 19 18 23 14 25 10 24 10 14 29 9 17 24 19 19 11 0 18 14 18 14 10 9 24 14 25 11 24 24 28 29 12 29 10 12 14 15 27 24 15 27 25 13 20 11 25 12 15 23 20 10 18 12 26 30 25 20 22
14 8 23 12 24 25 30 18 19 18 27 13 19 11 30 7 25 27 24 30 21 23 12 17 10 10 29 15 23 23 12 28 29 29 19 18 11 16 29 13 20 15 12 22 10 25 10 29 14 17 8 16 15 26 14 18 30 28 25 0 14 6 25 17 26 20 11 11 28 28 15 18 26 6 27 20 11 22 20 16 20 13 26 12 23 11 19 12 20 11 24 9 23 15 21 29 28 18 24 21
17 12 11 28 13 28 6 10 11 18 16 15 23 17 20 22 6 7 28 27 25 14 14 12 15 21 17 17 16 25 16 20 14 21 13 20 19 28 16 10 13 22 27 14 24 22 30 26 21 20 21 24 20 19 26 26 14 28 14 21 0 20 23 26 20 20 10 13 5 20 16 10 12 19 30 12 26 10 14 11 13 10 22 26 15 30 12 22 27 22 23 13 15 26 25 10 20 20 25 17
16 5 17 29 10 29 17 10 10 24 27 30 20 14 21 12 24 17 18 26 19 30 12 18 12 26 12 14 30 22 16 28 21 17 13 29 13 12 21 17 18 6 27 24 16 13 13 11 28 24 14 29 17 29 16 30 23 10 19 9 20 0 22 10 15 25 16 15 27 19 27 23 24 6 17 28 25 12 25 23 29 30 10 12 26 10 17 27 17 10 25 9 21 13 22 20 30 25 19 27
13 14 27 10 19 14 18 15 28 27 15 23 24 15 13 14 25 22 19 11 26 26 18 25 30 10 25 30 19 30 10 11 23 26 27 17 25 16 30 15 12 27 13 29 12 23 17 30 11 22 12 13 12 17 11 14 10 15 9 25 26 11 0 6 15 15 9 10 11 20 19 16 17 23 18 15 10 29 30 26 29 28 16 12 29 18 6 11 16 28 12 22 28 19 29 19 20 17 22 20
29 29 20 5 30 15 29 26 26 29 15 12 22 19 26 26 16 25 16 22 25 26 10 30 13 14 21 25 25 30 25 7 15 29 18 16 29 12 27 20 17 20 22 29 18 30 15 28 21 16 27 22 11 11 19 22 26 6 6 19 23 28 8 0 15 12 9 21 22 13 19 14 25 14 17 30 22 23 24 22 21 30 22 12 14 10 5 18 11 17 17 10 17 10 26 14 22 29 26 15
25 10 10 10 27 12 13 10 16 30 11 29 11 11 16 17 27 19 22 15 22 18 29 15 22 13 29 16 23 25 14 6 28 27 28 27 13 29 16 21 10 20 27 30 20 15 21 25 14 10 25 27 11 28 16 17 14 6 11 11 24 23 5 11 0 20 10 19 22 16 10 12 23 19 30 23 27 16 23 28 16 18 29 10 11 11 10 25 23 14 29 16 23 16 10 10 25 21 26 25
19 21 12 11 24 19 26 24 29 28 30 15 24 29 24 28 15 10 24 13 17 21 22 11 23 18 30 14 21 10 8 28 15 30 10 6 27 29 6 28 15 13 15 14 11 25 19 6 25 25 12 8 29 11 13 23 26 11 30 13 27 13 15 19 15 0 22 30 25 17 10 17 9 25 21 26 21 11 29 27 16 27 23 15 29 14 18 25 13 19 11 11 24 26 21 5 14 6 28 18
17 12 11 8 24 15 28 17 13 25 23 21 16 14 24 29 11 13 18 28 16 15 22 19 12 9 26 28 27 14 21 6 12 20 10 25 15 26 26 27 14 29 24 19 30 19 27 20 17 10 14 13 12 28 15 10 23 6 7 26 13 27 13 12 8 17 0 21 29 25 27 18 21 21 24 19 12 21 21 12 16 10 14 26 28 20 7 15 22 24 22 13 19 16 24 21 17 23 20 15
15 23 29 11 7 17 22 29 18 28 17 21 25 14 5 29 30 17 19 9 25 28 27 13 11 24 28 30 10 22 13 18 14 21 11 27 5 18 19 17 20 29 10 21 19 28 24 10 30 27 24 14 13 30 21 8 15 27 24 13 10 18 10 18 24 22 11 0 28 17 9 11 11 18 30 13 29 5 21 11 27 27 15 28 17 17 14 16 18 11 23 17 15 18 16 18 10 19 23 14
23 20 21 29 16 30 13 11 14 24 20 16 28 12 10 28 11 7 30 28 24 7 13 29 21 21 26 18 17 26 25 16 12 22 29 25 19 22 15 13 13 26 27 10 11 27 10 12 24 29 21 20 16 12 25 10 23 19 25 18 11 24 11 23 14 20 19 19 0 30 18 29 27 27 19 8 22 14 10 26 13 13 26 22 24 12 28 18 30 20 22 18 18 15 16 26 21 22 11 30
24 19 21 18 24 30 17 13 29 10 16 19 23 13 28 18 16 17 19 24 5 27 20 27 30 19 15 15 13 5 22 16 8 9 26 18 30 20 24 23 19 22 11 24 10 29 28 18 22 10 19 17 16 25 23 20 18 22 16 30 12 13 21 28 26 23 22 11 29 0 27 15 22 14 20 18 14 10 10 10 26 29 13 11 15 26 23 16 30 13 23 27 14 26 23 18 29 18 23 15
11 26 28 30 15 28 27 29 12 25 27 19 28 20 8 27 30 13 27 8 26 14 14 12 29 27 15 18 12 17 20 14 15 14 14 18 10 24 13 17 28 16 13 12 30 22 13 20 22 26 28 13 19 29 18 9 14 14 28 23 26 14 18 18 13 16 24 6 11 12 0 26 23 29 10 21 10 11 10 6 12 12 23 18 24 11 30 19 29 18 29 17 29 22 27 11 17 22 28 14
23 19 8 30 20 23 25 22 10 13 24 14 24 16 16 14 28 24 11 23 11 23 24 11 18 19 21 15 25 10 10 26 23 23 12 16 20 20 21 20 10 28 21 10 16 11 15 24 18 25 17 28 25 22 13 15 29 24 28 13 24 30 21 26 28 19 29 12 11 19 23 0 26 14 14 29 21 17 29 26 30 25 28 29 17 20 28 8 12 11 23 27 23 10 11 13 13 24 10 25
15 30 10 26 25 16 13 20 24 13 27 19 20 27 12 18 21 15 17 12 20 30 17 30 19 20 23 5 29 27 5 19 17 15 10 12 29 10 6 11 27 16 13 8 28 20 30 12 17 12 17 5 19 13 8 14 19 26 27 20 26 27 21 24 23 8 28 17 12 16 12 17 0 12 27 14 13 13 17 26 22 24 30 30 19 14 13 18 29 22 30 21 30 29 11 14 16 10 27 14
11 10 18 24 25 18 19 18 12 16 17 27 23 18 26 15 25 27 25 19 21 24 28 19 14 26 30 25 17 14 10 23 28 20 17 23 14 25 24 26 15 13 16 14 21 28 6 27 14 30 14 16 17 16 24 28 29 24 16 13 16 5 28 15 21 18 18 19 18 28 15 28 20 0 15 30 24 30 23 29 27 29 25 20 27 14 18 25 24 9 16 9 14 11 15 27 30 14 23 27
19 17 11 26 28 23 25 24 19 23 6 29 27 6 14 29 30 13 28 24 15 24 21 29 24 29 13 10 29 30 21 23 30 16 24 26 27 18 27 20 24 19 14 28 11 25 24 26 13 6 18 14 14 22 13 16 8 14 28 22 17 24 12 16 26 12 27 13 24 27 25 23 19 12 0 17 11 17 26 23 29 15 19 21 13 26 28 12 23 30 19 23 7 15 22 28 25 20 30 25
15 11 22 18 11 10 8 23 14 27 18 24 12 19 28 15 10 15 30 20 27 12 5 13 22 11 25 29 30 17 17 23 12 28 24 17 28 16 14 10 26 25 16 25 25 30 22 15 21 24 10 15 13 26 17 10 27 15 28 21 14 11 22 10 10 11 20 23 5 11 29 23 19 11 13 0 16 11 27 22 13 10 20 15 29 16 25 19 13 27 12 17 27 13 20 29 16 26 25 11
19 28 25 12 19 22 21 18 18 16 26 11 10 24 29 30 12 24 27 17 15 13 20 14 17 17 12 30 24 25 24 25 19 20 25 24 27 7 13 17 12 21 28 12 15 28 25 10 27 15 21 23 30 10 17 14 25 26 24 21 30 27 30 27 19 12 30 10 13 14 17 11 29 21 11 20 0 18 12 17 16 18 27 22 29 24 12 30 30 21 21 20 29 23 26 22 13 19 10 20
15 26 23 26 15 19 26 18 28 20 16 12 28 15 12 19 11 30 22 6 20 16 28 12 28 10 28 10 28 24 22 15 23 13 11 13 6 19 15 28 12 24 27 29 12 13 15 21 29 29 23 15 21 26 29 13 28 14 15 17 20 19 18 16 20 28 21 5 23 19 12 16 12 16 10 10 11 0 25 11 29 30 19 26 11 11 16 11 13 27 29 19 16 26 10 14 18 15 28 28
28 23 30 22 28 29 17 18 21 19 24 10 15 23 20 30 15 23 10 30 24 12 25 21 7 15 14 17 6 25 11 20 23 17 27 17 21 24 19 26 6 24 23 21 30 14 12 26 12 26 20 20 12 29 16 22 22 30 29 13 12 15 10 17 19 24 29 28 27 14 18 25 16 30 23 26 15 19 0 19 15 14 10 15 26 27 28 11 15 16 12 24 30 26 11 18 24 11 27 22
15 30 14 24 8 25 21 24 22 21 15 14 26 28 5 29 19 27 20 11 15 15 29 22 22 10 24 16 14 29 22 30 14 14 7 10 13 20 17 15 26 13 25 26 26 24 23 25 24 20 29 27 19 23 23 11 10 14 26 18 20 17 16 24 15 11 26 12 20 12 8 11 30 12 13 18 18 15 24 0 15 28 14 19 29 27 10 28 27 12 25 12 19 18 24 18 27 26 13 21
23 14 12 17 13 16 8 25 7 29 18 22 16 27 26 18 5 9 28 21 27 13 5 23 17 23 12 21 16 23 22 26 27 11 27 24 24 22 12 6 30 11 10 17 20 17 16 13 29 25 17 17 28 23 17 18 22 11 29 22 5 25 30 18 25 30 18 29 13 16 29 15 14 27 27 6 28 17 22 23 0 16 14 21 14 18 12 23 10 24 23 21 18 19 30 13 26 25 30 23
15 27 22 14 25 20 11 14 18 23 29 15 5 19 11 10 30 19 24 14 14 20 10 30 13 21 9 23 8 27 30 16 21 10 11 20 30 29 13 11 7 28 24 20 28 23 15 23 30 26 14 27 29 13 30 25 16 14 13 26 26 14 19 22 21 23 23 30 20 21 21 27 21 30 13 19 28 21 11 11 29 0 17 16 16 19 19 22 28 13 15 27 11 13 19 17 22 28 29 23
12 17 21 28 18 23 22 13 30 14 17 14 14 20 30 29 13 19 26 14 5 29 10 29 24 10 17 29 21 8 27 19 15 9 24 21 18 11 27 17 24 10 5 21 12 21 29 24 29 26 28 30 13 17 26 12 27 29 26 26 22 21 18 15 23 10 15 20 17 5 14 18 27 15 14 10 16 18 10 17 24 15 0 13 26 25 27 15 29 19 13 29 22 28 20 24 28 20 26 11
18 26 10 25 17 21 10 9 28 14 30 20 26 25 13 28 17 15 13 29 5 16 26 29 27 13 14 21 14 7 22 19 5 5 23 16 13 22 20 16 19 25 11 24 8 13 18 26 29 15 12 10 19 20 11 15 21 30 15 23 18 27 26 19 11 24 19 23 23 5 22 27 11 20 19 24 15 25 22 28 25 12 10 0 20 13 23 18 24 20 26 23 24 16 11 23 29 10 17 5
15 15 13 22 27 16 12 24 29 10 10 18 22 15 14 17 20 22 19 28 11 11 25 12 15 24 23 14 20 24 23 18 21 16 29 21 18 20 10 20 12 21 15 20 17 22 16 28 11 14 30 11 19 24 22 14 14 18 15 13 26 12 27 22 27 26 24 15 30 25 14 27 10 19 10 18 12 15 22 27 15 10 26 11 0 21 29 17 26 11 30 25 12 5 24 15 26 26 10 24
26 10 12 16 28 16 11 17 13 29 14 12 24 17 10 8 27 14 15 11 26 28 15 16 16 25 23 11 12 23 21 10 21 26 27 16 29 19 12 23 11 11 19 19 21 21 10 12 19 23 12 17 18 29 19 28 16 20 12 10 22 15 20 25 27 10 26 29 24 18 15 17 12 13 11 26 22 20 18 13 16 12 16 12 11 0 17 17 17 10 12 9 14 11 25 20 29 16 29 10
11 13 14 7 27 11 19 12 29 15 11 27 12 21 29 19 22 29 19 22 13 28 25 23 16 8 11 27 26 28 27 15 28 26 14 24 18 12 26 27 24 29 25 22 15 26 23 29 18 12 15 26 10 12 12 17 21 14 10 24 22 30 9 9 14 11 10 29 17 16 25 26 21 10 30 22 11 12 26 11 30 21 20 17 21 28 0 30 19 23 15 15 16 17 10 24 11 12 25 11
14 12 14 29 29 20 17 13 10 20 10 12 20 29 26 13 20 22 13 15 13 22 18 14 10 15 22 23 15 12 19 30 27 29 12 26 11 27 19 13 28 11 12 14 27 6 10 16 20 10 14 14 25 12 28 18 29 11 13 30 15 18 25 27 21 10 21 17 20 14 22 13 18 26 23 19 29 14 23 17 28 12 15 18 20 16 30 0 10 30 22 18 17 29 6 27 19 17 29 30
16 18 13 20 16 10 21 18 29 30 12 11 21 19 12 12 18 22 14 26 23 21 13 22 21 20 16 15 17 28 16 13 17 17 13 24 21 27 19 22 16 16 29 11 27 9 25 27 27 14 14 29 29 15 25 13 24 29 26 26 21 18 26 26 23 30 21 22 22 18 29 6 24 10 16 17 20 23 14 18 17 29 14 22 28 17 11 14 0 19 26 20 26 26 11 10 14 11 29 13
17 14 17 28 27 17 17 10 12 26 30 13 11 13 22 11 27 19 11 15 12 10 20 10 26 13 26 18 16 11 17 24 17 20 24 12 13 18 11 21 15 9 25 17 11 13 7 16 24 23 13 23 26 27 20 14 16 15 26 10 26 12 15 12 14 12 28 13 18 30 14 28 23 7 15 20 24 23 22 10 13 25 20 16 11 14 17 22 22 0 10 14 27 22 28 10 13 24 25 16
30 14 28 25 14 21 12 24 23 19 26 13 11 16 10 10 16 14 17 28 20 11 25 27 13 22 10 23 11 23 25 19 24 21 20 22 18 11 27 13 10 19 24 27 18 23 19 22 18 30 21 11 10 19 16 13 27 22 18 20 19 11 14 24 19 21 30 20 25 30 12 29 25 16 28 22 11 24 15 21 28 8 18 20 27 13 12 25 22 16 0 27 10 26 15 10 17 15 24 28
22 14 26 21 19 25 13 18 10 30 20 30 12 28 23 5 20 14 20 20 27 11 27 24 29 19 12 12 26 24 15 15 25 13 10 11 30 14 12 27 17 6 14 23 14 16 7 13 23 21 10 20 29 18 28 15 28 22 10 12 12 13 11 22 16 22 28 10 30 24 18 13 28 8 26 10 29 23 25 15 20 17 19 12 24 12 14 17 27 13 21 0 29 22 13 29 26 18 19 16
13 13 12 19 20 20 19 29 24 26 9 16 25 15 27 16 18 19 22 28 26 21 29 16 12 12 28 10 13 27 21 23 30 13 24 10 20 11 17 14 13 27 28 13 11 29 28 25 12 15 12 22 24 13 18 23 8 13 12 17 30 27 19 25 19 10 29 11 26 27 30 30 10 11 8 16 14 14 21 29 24 24 18 21 10 15 28 30 28 19 10 14 0 12 28 13 26 15 18 25
29 14 30 21 19 15 14 29 22 13 11 25 26 13 16 28 17 29 27 22 26 24 16 29 11 18 10 12 21 17 15 28 25 15 21 28 25 25 24 11 19 12 22 26 20 14 25 30 5 8 25 10 26 12 24 21 8 23 25 19 11 18 17 15 17 21 24 26 12 18 24 30 14 17 5 18 16 17 25 21 29 13 21 17 11 14 25 27 28 29 11 11 12 0 24 27 19 19 28 19
12 13 14 19 23 26 16 15 24 19 16 8 30 18 18 18 27 24 12 27 22 17 14 15 18 14 27 18 10 17 25 27 15 12 11 16 13 12 24 28 12 13 25 16 14 5 20 22 18 22 26 26 14 15 13 12 24 18 24 14 18 16 29 12 18 15 13 24 13 19 27 9 28 11 26 28 26 27 13 19 18 21 24 25 16 17 22 5 13 27 16 29 12 18 0 28 10 20 19 15
28 22 29 27 26 22 24 30 12 11 23 27 23 24 27 22 20 22 21 19 30 13 24 25 15 25 25 6 28 27 15 14 20 15 14 15 10 24 13 19 13 26 14 7 14 20 11 10 21 19 23 6 10 8 11 30 18 28 23 24 16 19 18 23 17 6 25 29 15 21 27 29 7 14 16 26 20 19 18 24 12 15 27 25 22 13 16 23 11 15 30 29 15 25 10 0 14 5 22 10
25 20 27 26 10 28 17 30 10 20 22 16 21 24 11 20 16 24 25 24 26 21 17 9 19 30 21 19 18 18 13 15 29 20 24 27 27 6 14 22 24 15 28 27 25 14 13 16 28 30 23 29 22 30 12 13 15 17 24 16 21 15 24 25 28 20 16 25 26 10 17 10 27 15 10 20 8 23 20 30 18 15 17 20 29 30 20 22 10 15 23 11 11 26 25 16 0 10 15 19
20 11 28 15 18 14 15 29 14 16 21 23 12 25 19 15 12 30 24 10 24 19 13 11 11 21 17 8 21 20 7 17 28 16 28 9 28 27 9 18 12 23 15 7 25 19 15 10 16 16 20 14 22 11 9 20 17 27 23 20 11 18 21 18 22 7 29 22 19 25 27 22 9 14 18 17 15 19 16 26 20 20 15 30 20 25 19 26 30 10 12 21 15 17 17 14 30 0 26 17
23 18 11 15 26 29 13 26 16 10 20 25 11 28 26 23 10 12 23 11 22 18 12 9 10 15 24 12 24 25 24 12 13 12 19 17 29 15 29 19 14 30 28 20 14 13 27 18 19 21 30 28 24 11 22 25 20 13 12 11 30 30 30 23 25 26 28 19 14 28 22 14 21 28 28 12 14 26 22 18 13 19 15 14 21 29 14 21 16 26 26 22 21 30 25 19 15 22 0 21
19 11 22 22 28 22 13 15 19 8 10 21 26 26 21 23 24 30 29 15 11 21 14 29 27 30 11 23 11 8 30 25 11 11 13 27 23 27 25 12 18 27 14 26 8 17 26 26 22 16 20 22 13 14 11 13 23 22 28 20 25 10 17 20 12 11 13 15 11 8 19 11 11 24 11 26 14 16 23 14 29 27 5 12 15 28 29 24 23 12 26 29 10 22 15 25 19 12 16 0
