50
33 24 32 34 561
24 45 23 26 2131
41 43 32 21 1208
35 38 23 27 1276
23 33 33 30 541
29 28 35 37 297
21 43 25 36 1764
22 35 22 26 1546
37 37 20 33 305
27 24 20 30 1031
27 45 40 21 972
30 46 32 33 621
31 42 20 37 1187
37 42 35 24 2042
31 30 41 35 1399
22 42 33 31 2138
34 48 29 25 2238
29 39 26 29 930
31 25 37 30 119
41 32 20 36 833
39 24 37 38 1046
34 37 23 28 1186
43 38 26 23 105
26 49 22 32 120
39 28 30 37 902
41 44 25 26 2034
31 46 37 22 1361
27 46 30 28 222
27 45 25 24 1754
40 32 41 26 2226
22 40 23 34 33
37 49 40 31 1452
29 27 25 28 1646
37 38 37 37 382
40 39 25 37 1713
38 30 38 24 205
37 49 27 22 1232
41 43 28 28 1830
23 35 38 36 569
30 38 21 27 2258
43 48 24 19 1505
34 39 27 33 725
39 48 35 33 1230
23 46 23 21 1730
30 49 40 32 78
34 39 40 36 237
35 30 37 20 1528
31 25 25 19 2349
41 30 29 28 919
26 42 27 33 631
0 9 10 22 10 20 27 20 12 19 27 17 26 23 16 18 29 28 13 14 11 18 9 29 23 12 18 30 18 11 15 7 12 22 30 26 13 19 27 27 12 8 12 27 12 10 8 19 5 16
5 0 26 10 11 16 29 10 25 13 15 28 20 19 25 10 28 23 30 10 16 15 7 18 20 20 28 23 30 6 12 14 14 12 21 17 12 27 19 14 13 6 9 16 12 16 15 24 12 25
26 24 0 30 19 19 17 14 22 17 26 13 19 30 14 26 13 11 26 24 28 28 15 12 17 10 28 6 25 17 13 27 19 26 29 30 27 29 21 25 26 13 18 26 20 24 24 26 29 24
22 22 20 0 30 14 26 10 15 17 16 21 11 26 23 23 12 6 15 23 11 27 12 20 12 25 19 19 24 29 25 27 17 22 17 11 27 11 15 11 28 15 15 24 17 10 16 20 20 25
7 13 16 20 0 21 11 21 18 24 13 21 18 22 20 18 27 27 14 7 13 14 8 30 20 11 22 28 27 11 13 13 19 26 19 19 13 29 11 30 5 15 6 11 29 18 9 10 11 18
14 29 18 8 25 0 26 22 14 12 25 11 14 22 24 19 21 7 14 22 7 13 16 13 27 26 25 29 27 25 20 24 30 26 20 15 26 11 11 19 25 11 30 16 16 12 28 15 17 23
18 24 14 17 15 17 0 5 22 15 9 21 24 12 28 23 26 26 22 25 29 6 17 11 29 27 26 16 14 26 12 22 28 11 26 15 29 24 19 20 27 21 13 15 5 15 21 20 15 23
13 20 23 21 20 26 8 0 26 24 6 15 29 24 19 22 26 15 19 19 14 7 19 24 21 12 24 21 13 18 24 21 27 17 28 17 10 14 18 13 24 16 11 6 5 20 16 11 28 21
15 25 30 14 13 12 16 10 0 22 27 17 26 17 28 25 12 10 11 12 5 28 27 15 25 24 18 12 19 22 20 10 22 21 15 15 12 12 8 23 13 22 22 18 12 6 22 12 30 12
17 14 28 30 16 10 11 13 12 0 18 18 5 9 19 9 27 12 7 26 16 11 24 12 17 18 16 10 17 28 29 23 23 13 12 26 19 29 14 20 14 12 10 18 27 19 12 14 10 26
23 12 27 24 10 11 11 9 30 26 0 13 11 20 11 12 25 12 21 24 28 7 22 11 26 11 17 20 7 20 16 17 17 14 27 24 30 18 10 11 23 23 15 5 11 30 12 15 10 10
16 21 25 29 14 24 11 26 30 28 19 0 21 19 18 22 15 10 25 13 25 12 14 16 6 6 12 23 15 23 30 19 5 30 28 10 24 19 14 13 20 17 28 18 23 17 21 12 20 13
30 29 15 21 26 23 27 30 15 9 21 17 0 8 17 14 20 17 11 25 29 15 19 6 19 30 20 13 23 27 17 18 12 13 28 15 24 14 28 26 27 30 15 19 26 24 15 14 13 30
23 17 28 24 24 27 14 21 29 11 30 20 14 0 22 15 10 26 9 17 16 24 12 11 21 17 30 23 15 29 30 25 17 6 26 28 29 18 25 17 18 13 19 17 17 23 19 6 21 26
23 18 21 12 13 19 25 30 25 18 25 18 26 21 0 23 25 27 17 17 27 18 27 18 15 13 19 25 18 20 19 28 20 25 10 16 16 28 11 13 22 29 23 18 15 19 29 19 30 27
15 30 12 17 27 11 12 13 16 5 22 20 10 8 22 0 25 24 6 18 11 30 23 8 21 27 20 25 11 14 24 30 26 11 19 11 30 24 14 19 24 12 10 19 15 11 12 8 21 13
23 20 11 27 23 10 26 28 23 25 11 11 23 27 29 19 0 17 15 24 10 21 16 30 9 6 11 29 28 17 24 20 6 29 14 22 18 20 12 23 21 22 24 16 25 24 17 24 13 13
26 18 15 12 19 6 29 11 14 15 30 19 14 27 13 18 13 0 29 27 13 11 11 18 28 13 18 20 19 19 16 18 25 14 26 5 28 12 7 15 12 27 23 11 22 6 27 16 29 11
16 15 18 12 12 30 18 24 24 6 20 20 12 7 23 11 15 26 0 17 28 14 16 14 21 16 10 21 20 24 11 28 24 5 10 13 13 22 28 27 26 23 13 28 11 25 23 8 12 14
7 11 27 20 5 30 30 26 24 24 14 20 23 19 17 29 15 22 21 0 25 21 7 18 30 16 13 17 10 11 9 9 20 10 17 19 11 30 13 24 12 7 9 10 29 12 5 18 9 14
29 14 10 7 21 9 27 30 15 21 30 28 11 11 19 19 17 12 16 14 0 13 24 11 24 24 17 20 27 10 11 29 18 11 23 11 19 8 7 17 19 25 18 18 12 10 27 30 23 19
19 18 25 29 19 25 13 6 29 23 6 10 15 10 27 21 19 24 16 14 10 0 21 23 23 20 23 20 15 23 24 23 24 17 20 10 20 22 27 29 18 11 10 9 14 12 10 22 25 28
11 8 30 12 11 30 22 18 17 20 25 10 12 24 16 12 24 14 19 8 20 20 0 24 26 27 28 21 10 14 14 13 26 26 22 16 6 10 26 18 15 11 11 26 10 11 7 18 15 11
19 19 11 18 30 12 29 23 29 7 28 10 10 8 20 14 25 20 8 18 12 10 10 0 30 14 18 29 17 26 24 14 16 15 23 12 26 13 20 20 29 15 21 20 28 22 28 11 23 12
11 24 29 20 18 14 29 26 21 25 12 6 14 24 15 25 15 12 13 20 15 28 20 28 0 12 11 17 16 10 23 13 5 29 25 18 21 13 13 21 16 30 21 26 12 21 25 23 12 12
26 10 14 25 12 23 12 25 14 10 19 13 24 19 29 14 9 19 13 14 30 15 19 17 8 0 5 28 11 29 19 27 10 15 10 13 11 27 29 27 27 27 29 14 18 16 12 27 28 9
30 26 14 17 24 19 12 27 11 15 30 9 16 22 18 28 10 16 27 20 11 16 25 25 7 14 0 12 28 28 25 19 14 16 21 29 17 17 23 21 14 25 18 23 18 12 14 15 20 12
15 25 13 16 24 24 30 18 12 11 21 16 17 29 14 13 16 30 10 12 20 30 27 11 28 30 12 0 24 15 24 14 26 27 22 30 19 18 29 29 18 29 23 18 19 17 28 12 30 23
15 27 15 13 28 14 15 5 28 24 12 27 12 22 13 26 13 10 15 26 14 6 14 23 25 23 18 11 0 11 27 28 21 23 19 22 27 16 19 14 26 30 26 8 8 21 13 18 25 19
5 13 22 12 8 21 12 28 19 15 27 19 11 21 18 24 27 23 21 6 26 29 10 12 22 19 19 29 23 0 14 12 12 25 16 12 11 17 24 14 15 5 14 16 25 22 8 27 9 20
7 14 28 29 5 24 16 27 21 14 24 26 15 12 16 18 28 18 10 7 21 22 12 16 17 14 20 23 16 8 0 10 25 24 14 30 11 29 19 17 8 6 10 12 12 13 9 12 7 16
5 15 18 21 7 21 30 17 23 12 15 14 18 13 30 24 29 29 17 10 13 29 15 16 30 13 22 28 21 7 15 0 12 26 11 17 15 14 29 24 12 12 5 24 11 10 10 21 11 12
27 18 24 21 12 12 22 11 13 19 21 12 21 29 17 30 10 20 25 16 30 28 15 14 11 11 10 17 12 26 11 28 0 30 20 24 23 23 22 28 17 26 20 17 26 22 22 12 26 14
20 23 18 27 16 18 12 15 11 6 16 22 13 11 16 15 16 29 7 18 22 26 28 14 30 27 18 11 13 29 15 12 14 0 11 18 20 21 17 19 15 17 19 26 24 19 18 8 22 15
28 12 15 10 25 16 16 25 26 26 24 17 13 19 12 21 17 22 15 19 12 22 17 18 17 20 17 22 22 17 17 23 19 19 0 25 26 23 17 12 25 30 28 23 28 24 21 25 14 17
28 15 27 7 11 15 10 11 12 12 18 28 29 20 10 26 22 15 20 10 10 26 27 29 24 17 12 14 21 15 25 25 27 29 27 0 18 12 12 20 30 19 22 16 22 10 11 27 14 19
7 13 27 13 9 13 21 18 22 17 29 28 15 23 23 16 22 24 17 8 15 30 10 20 19 16 13 14 13 7 10 12 21 19 30 26 0 24 15 10 14 7 15 11 22 16 15 17 14 18
21 26 29 9 19 9 21 26 10 13 17 14 21 10 24 11 19 11 15 24 6 26 20 27 27 19 25 24 22 12 24 26 16 11 13 8 25 0 14 16 29 14 23 29 14 7 10 29 14 24
22 13 13 14 21 15 18 17 6 24 13 24 18 30 10 20 23 12 28 19 15 12 19 14 23 13 15 13 14 25 28 15 22 14 10 14 26 7 0 18 26 13 27 16 20 8 19 22 21 27
15 24 16 14 24 14 10 13 29 28 24 11 19 26 10 17 13 14 13 24 18 24 28 14 14 26 18 15 16 15 19 13 29 28 10 10 30 17 21 0 18 28 12 14 10 29 14 15 12 20
13 15 12 27 11 20 24 17 13 16 18 25 12 19 14 13 10 20 23 15 10 20 6 27 30 13 16 30 18 13 5 9 18 13 17 16 11 16 26 21 0 13 6 15 24 11 7 12 11 16
9 10 15 10 15 19 23 10 28 10 26 18 22 20 25 13 21 26 24 10 13 11 9 17 24 21 20 11 18 9 11 7 13 13 14 27 8 23 24 20 9 0 15 15 30 20 10 18 12 24
13 13 16 12 9 23 24 23 17 14 15 29 21 28 25 14 17 22 16 14 15 16 12 27 25 29 15 17 22 12 15 11 14 16 16 15 9 10 23 28 15 11 0 16 30 20 10 17 9 30
28 21 25 21 10 26 8 8 29 15 15 19 28 27 23 25 28 30 17 10 24 15 11 22 27 19 29 28 9 24 20 22 16 14 14 24 15 12 12 22 12 23 16 0 7 30 12 12 23 18
10 29 21 29 13 24 15 6 12 13 9 12 22 14 19 24 14 11 13 13 26 11 26 28 11 11 21 15 6 23 27 29 28 23 14 21 25 27 22 20 27 14 28 12 0 14 19 29 27 14
21 26 19 15 19 12 17 18 15 20 30 11 19 19 17 13 17 9 10 18 15 14 22 19 16 22 26 13 26 29 24 30 30 17 25 5 20 7 12 28 24 24 14 28 24 0 12 21 13 19
8 11 26 27 10 13 15 12 14 13 24 26 23 22 25 18 30 13 13 7 12 26 5 30 16 18 14 19 25 12 8 15 12 14 18 11 8 11 15 24 8 11 12 28 15 26 0 26 14 16
16 23 20 11 12 25 10 17 15 8 28 19 12 14 24 12 21 22 5 20 23 10 17 12 22 21 18 20 29 11 21 16 20 5 11 18 10 16 22 22 13 26 21 16 28 27 26 0 28 20
12 11 20 22 14 18 30 13 20 23 21 16 16 16 17 28 27 22 27 14 28 10 13 26 19 24 19 13 30 7 7 10 27 20 14 27 6 22 20 26 12 14 14 17 13 28 14 13 0 11
28 23 25 28 21 24 27 14 24 27 21 8 24 26 15 17 10 19 27 21 12 25 18 15 14 14 15 30 19 17 28 19 10 16 25 10 18 22 30 21 18 16 24 14 22 20 17 20 11 0
