100
12 14 7 17 378
31 16 26 16 649
18 17 35 21 362
24 35 5 39 417
34 7 7 38 874
25 21 15 31 895
35 26 11 26 9
26 5 26 31 401
21 23 16 40 548
15 7 37 25 959
17 26 10 29 486
13 36 26 38 10
32 21 35 15 956
7 6 10 38 276
20 27 15 25 167
5 8 28 8 25
37 27 19 15 956
21 36 36 11 70
29 23 21 22 302
11 13 17 5 334
5 5 21 16 768
5 19 31 36 46
13 24 17 9 807
9 37 14 27 669
33 13 8 32 623
12 19 7 18 635
11 37 23 24 122
17 13 14 26 438
23 15 38 35 521
32 15 17 24 367
24 29 31 5 628
34 8 35 33 625
37 27 10 38 961
25 30 18 23 262
5 24 12 18 40
39 18 25 27 535
16 37 33 23 207
27 5 11 24 700
14 20 10 21 241
18 6 16 36 453
7 23 35 31 498
6 29 15 26 28
31 21 8 29 894
37 23 37 17 810
33 26 25 13 279
7 32 6 14 958
6 37 7 30 208
12 10 7 40 53
24 9 25 32 327
11 6 10 40 211
10 16 40 16 458
15 38 14 7 788
31 39 27 10 641
31 7 15 6 812
7 10 10 24 278
16 28 34 34 233
29 19 10 35 370
15 11 16 32 972
28 15 7 36 632
25 29 38 24 374
38 14 40 26 280
13 30 33 37 630
9 16 22 7 827
6 23 32 11 924
22 22 10 23 243
30 19 18 32 330
25 20 39 34 534
19 18 31 16 470
5 28 30 25 903
17 26 26 27 325
36 14 33 19 155
18 6 27 38 706
8 5 30 5 183
12 14 40 18 900
5 14 17 23 235
30 21 38 17 40
36 11 17 35 632
37 28 26 39 664
11 19 21 24 875
13 33 24 6 541
22 26 28 38 521
39 22 27 24 0
20 21 40 14 91
8 10 6 10 476
15 29 26 30 9
15 26 10 35 826
40 33 34 16 622
35 21 5 26 8
12 21 14 15 495
39 8 5 14 308
23 15 20 27 217
12 21 6 28 908
27 20 26 37 189
13 28 29 32 72
9 26 28 6 240
11 34 28 13 135
7 30 25 6 89
15 10 24 21 52
5 27 5 7 803
29 27 27 27 616
0 44 32 37 43 9 41 68 50 75 77 30 59 57 66 60 80 75 80 5 61 31 68 65 7 2 43 70 45 71 45 4 75 49 65 77 34 76 45 2 56 31 68 67 68 39 52 59 72 50 69 36 47 6 57 9 32 7 55 41 57 10 41 54 6 65 54 49 61 40 9 32 47 43 10 35 79 10 54 7 71 2 75 48 50 74 43 79 4 50 43 37 70 5 40 5 31 31 51 76
68 0 62 55 49 61 41 45 2 57 9 47 44 68 4 53 69 61 50 56 8 9 4 71 49 74 8 10 4 69 72 36 76 56 3 3 30 2 43 77 8 8 48 8 63 41 61 4 37 50 4 52 48 78 31 63 4 37 63 49 53 72 6 50 61 34 51 65 43 35 80 7 45 2 58 79 79 78 53 64 59 46 56 68 69 65 63 2 79 79 41 4 55 47 40 59 50 59 51 44
54 42 0 67 77 67 7 7 41 7 50 49 46 10 80 3 3 80 7 47 52 46 69 64 37 50 54 33 68 69 10 67 67 10 38 44 79 61 73 39 61 52 43 62 79 2 79 69 53 77 76 2 67 54 55 64 34 48 73 78 6 37 50 7 46 59 6 9 80 37 48 65 32 34 31 5 3 56 10 67 6 64 76 31 8 63 69 39 36 6 71 48 47 75 62 42 61 10 31 4
47 66 79 0 2 76 38 60 79 70 55 76 5 68 30 37 55 4 42 38 43 35 69 32 65 62 42 63 52 10 76 40 4 33 72 74 39 30 10 60 36 54 2 57 38 38 7 36 9 9 63 45 64 67 77 66 50 37 5 43 53 54 49 75 47 68 34 49 69 72 72 52 3 72 70 44 48 64 66 72 62 31 9 10 45 6 42 44 80 49 8 52 2 57 5 52 70 70 9 53
79 69 44 3 0 70 72 76 73 51 32 59 4 32 78 39 45 5 42 65 53 68 58 64 43 64 45 73 76 7 55 38 7 35 73 66 36 42 8 55 42 52 6 46 55 40 8 79 4 9 78 75 54 60 66 34 49 75 8 46 33 64 60 34 46 34 53 67 58 33 32 59 10 45 71 78 35 56 47 45 41 37 7 9 47 6 40 34 43 31 2 51 5 73 9 45 56 38 6 76
10 52 30 71 60 0 67 63 54 72 59 39 80 43 38 31 47 36 49 10 47 30 37 69 5 4 65 53 65 78 47 3 65 75 68 72 61 61 59 4 33 56 57 60 44 66 49 80 34 68 48 65 59 6 75 4 49 5 72 32 33 3 55 30 2 74 65 46 47 33 4 49 41 63 7 46 63 2 50 5 78 5 54 66 39 43 59 61 5 67 33 40 76 7 79 8 65 59 47 63
58 51 9 37 63 32 0 10 67 5 78 60 69 9 75 10 4 61 4 61 32 51 71 77 52 61 80 31 58 66 8 67 65 9 39 34 52 44 73 35 30 39 59 80 74 4 31 35 40 34 39 4 77 79 79 67 71 46 76 41 10 59 50 10 50 39 5 6 45 53 48 66 59 75 58 10 6 60 3 62 8 43 65 64 2 80 50 79 49 5 79 32 59 31 67 72 35 8 50 5
33 34 9 48 78 72 4 0 62 5 62 54 55 7 62 9 5 33 9 46 73 42 37 76 79 30 31 43 49 55 8 50 67 6 67 37 45 76 48 59 39 65 71 50 66 7 66 56 63 64 72 6 34 72 40 70 68 72 64 37 4 70 78 10 78 63 5 7 49 48 50 36 71 58 47 3 3 30 9 54 3 45 67 43 7 30 53 77 77 9 65 31 50 33 42 62 32 8 53 7
51 9 66 63 42 58 45 43 0 60 7 69 66 55 5 74 43 62 48 48 6 7 3 63 33 54 8 6 10 44 47 76 53 32 4 7 38 8 56 48 2 3 51 6 74 69 71 6 48 34 4 53 63 40 42 74 7 36 41 71 36 67 8 39 68 66 42 58 75 36 73 10 44 4 78 61 50 58 42 72 75 47 33 56 52 52 71 2 35 33 66 9 80 67 46 30 48 34 46 76
39 75 7 63 72 73 7 2 30 0 68 76 44 5 62 3 2 38 2 51 60 39 41 33 70 51 58 80 46 60 5 77 69 6 69 80 69 31 77 69 53 69 70 51 78 6 68 38 44 80 79 6 40 41 53 42 36 64 49 37 4 40 51 10 44 74 5 9 52 76 49 51 74 68 44 6 6 36 4 60 2 75 79 30 4 80 72 77 59 7 47 59 66 52 53 59 34 5 54 3
32 6 30 63 76 61 32 46 4 49 0 30 66 75 6 48 52 51 45 39 8 4 7 32 62 36 5 10 2 62 56 78 50 75 9 2 61 6 54 65 8 10 60 10 41 44 66 5 76 49 7 42 78 54 36 49 4 40 74 61 60 74 3 74 40 53 57 42 80 42 79 7 77 4 53 47 40 79 63 61 65 32 44 37 48 49 37 8 49 78 64 9 53 69 56 42 33 61 55 51
36 74 49 71 42 70 35 50 64 74 72 0 32 73 34 75 66 43 53 72 53 57 32 4 35 40 64 62 39 63 51 50 46 52 54 33 3 31 39 33 56 58 67 34 3 80 80 34 67 66 64 73 9 77 10 38 77 65 63 8 34 64 74 31 50 10 52 79 9 5 62 66 64 67 46 64 70 47 70 67 33 71 46 68 54 70 10 60 51 72 39 66 40 54 57 67 2 72 76 79
58 30 60 2 6 44 59 60 56 39 45 77 0 76 64 59 53 9 69 61 69 80 36 39 72 57 38 70 60 5 72 70 2 62 77 47 42 68 8 57 51 50 4 33 36 77 10 64 6 7 70 78 66 73 47 67 74 80 4 45 33 66 68 78 40 69 78 62 74 35 38 46 4 61 80 80 52 50 75 32 76 69 6 6 63 5 75 67 69 37 7 66 3 48 9 32 45 60 6 64
75 72 10 77 56 39 8 9 34 4 77 57 66 0 42 9 8 49 10 69 74 54 64 40 55 68 30 79 64 55 4 60 50 10 70 54 52 62 72 73 45 54 66 72 38 4 64 39 52 44 37 2 59 51 43 59 50 67 58 38 9 40 44 8 42 33 9 10 53 75 72 35 38 52 66 7 9 80 3 56 8 73 60 75 10 58 79 67 53 5 71 78 72 36 61 77 39 5 44 4
67 8 69 62 36 77 65 74 3 34 2 65 40 74 0 79 32 40 57 76 4 5 5 59 71 66 4 8 10 52 72 62 31 44 3 5 69 4 64 52 8 9 66 10 55 41 48 10 46 62 9 31 41 52 78 75 7 34 34 78 58 73 9 78 71 30 48 58 46 41 45 8 31 4 77 71 73 46 54 52 34 50 64 75 52 66 75 8 69 38 78 4 79 67 63 68 73 67 74 69
73 73 2 56 68 76 4 5 74 3 51 46 56 9 45 0 2 45 5 45 69 60 74 61 44 74 80 43 40 30 8 67 65 2 32 41 40 58 44 43 57 78 77 32 30 5 78 74 71 53 77 2 50 42 35 53 65 56 78 53 6 47 32 8 67 42 2 8 63 80 41 78 42 59 62 10 3 43 7 62 5 33 35 60 6 50 44 69 37 9 73 73 80 54 72 54 33 6 43 4
62 57 3 49 80 56 6 2 56 4 51 65 69 10 44 2 0 43 8 55 35 64 34 46 70 78 77 53 62 42 9 30 53 9 54 74 34 63 76 41 70 32 46 32 62 5 38 68 80 77 30 6 71 53 66 38 53 40 75 56 10 72 51 5 62 35 10 10 69 43 31 45 45 33 54 5 6 52 2 63 8 65 78 49 9 48 78 65 48 2 59 51 39 45 56 72 48 7 30 10
80 70 50 8 5 31 61 50 67 76 30 72 6 71 80 69 48 0 79 44 55 50 79 39 39 55 34 64 62 6 65 67 2 34 65 32 38 40 8 64 57 32 5 54 42 65 6 36 4 3 59 61 79 34 45 75 76 46 9 59 75 68 64 30 36 62 62 42 40 76 53 61 5 57 32 68 58 47 77 37 77 31 7 2 67 10 72 55 73 34 7 34 2 53 2 79 62 63 8 47
33 76 3 30 31 36 6 6 31 8 77 68 77 6 80 10 3 34 0 80 66 71 53 54 67 49 39 43 35 55 9 80 75 5 63 75 41 74 48 78 69 51 57 72 32 3 61 76 41 54 72 10 65 73 36 54 68 36 38 38 7 48 75 6 55 80 10 4 79 53 57 66 43 77 49 4 4 50 10 31 3 66 66 58 3 50 35 59 46 8 73 61 72 36 47 62 60 7 58 3
3 43 64 70 33 5 69 49 72 77 33 38 48 59 70 59 71 53 77 0 45 60 59 60 6 6 69 76 46 42 38 5 31 59 48 76 51 66 78 5 50 49 42 46 67 43 36 66 68 77 47 39 77 10 33 8 39 3 54 47 42 8 58 55 9 39 34 64 69 37 10 31 67 67 3 53 61 8 73 5 48 6 78 76 42 52 38 41 5 48 68 51 45 8 63 5 62 70 74 46
77 6 60 54 58 67 35 65 5 32 2 33 52 70 8 47 56 32 58 33 0 7 3 70 59 45 2 9 2 49 71 34 56 78 10 9 42 7 75 55 2 7 80 10 68 51 60 9 33 52 5 62 42 75 38 44 6 43 36 35 78 50 8 79 62 59 50 62 35 69 38 2 51 7 40 34 49 75 75 50 42 69 44 80 73 34 73 8 48 31 52 9 65 37 57 67 79 35 70 79
45 7 37 59 42 35 79 53 7 38 3 60 43 55 10 69 75 70 37 51 4 0 9 73 49 39 6 7 9 47 60 30 52 48 3 5 79 4 62 31 3 4 41 10 78 59 38 5 53 78 3 35 66 32 57 42 6 36 73 51 69 39 9 65 42 34 46 50 32 76 50 6 35 3 41 76 30 37 67 70 76 80 42 63 64 63 43 6 77 65 53 4 77 36 68 50 63 67 72 38
67 4 46 41 79 60 65 43 6 66 9 42 36 34 4 39 41 64 64 50 8 10 0 72 35 53 6 10 7 67 71 58 50 62 10 4 31 6 70 69 5 4 68 5 49 44 53 2 49 44 9 70 59 72 52 80 2 51 52 61 37 33 3 71 40 41 66 44 51 61 75 6 50 3 34 68 32 39 60 69 55 52 49 54 80 42 56 5 38 33 78 2 31 67 70 68 38 33 49 52
49 31 49 62 44 76 58 38 67 39 35 3 58 31 43 35 46 33 64 35 72 32 57 0 52 57 77 47 46 64 33 48 48 64 74 43 10 49 33 34 71 49 75 33 10 36 42 70 60 43 34 63 4 79 2 49 76 48 45 8 44 50 60 75 37 7 61 74 3 5 80 55 48 71 70 50 45 59 57 36 55 42 39 71 61 53 3 62 62 46 65 64 75 53 39 70 5 78 48 39
4 70 51 42 80 2 72 76 46 50 50 35 42 74 58 51 43 60 75 8 40 46 62 59 0 9 46 66 40 62 61 7 51 77 65 77 59 80 37 7 35 47 74 49 62 54 46 58 65 31 64 34 58 8 40 2 53 5 36 66 65 3 33 46 8 36 53 68 47 62 6 53 42 69 7 56 75 4 68 8 41 9 51 69 54 78 47 67 8 53 80 37 35 5 33 5 37 32 68 79
8 80 59 66 65 3 45 37 77 42 76 47 34 34 47 39 77 31 77 10 45 78 46 37 7 0 32 45 30 70 57 6 67 62 37 31 77 75 45 9 54 31 37 32 36 36 31 41 75 77 56 53 78 10 69 3 54 9 70 32 62 9 40 49 8 74 50 60 64 77 4 68 58 54 3 71 51 4 64 7 71 2 39 51 42 31 61 80 10 68 74 76 61 3 36 2 39 58 79 62
78 5 79 73 31 58 72 58 3 63 3 42 33 65 3 60 62 72 59 78 2 3 8 64 73 78 0 8 2 69 58 49 53 43 6 10 61 5 55 58 2 6 55 7 75 37 64 9 37 68 2 70 40 61 60 36 6 33 58 42 70 75 3 57 70 53 42 47 37 41 46 7 76 3 66 44 77 30 61 46 79 54 44 66 43 44 30 8 51 38 57 6 58 80 45 49 68 67 52 75
68 4 60 50 58 57 79 73 8 60 7 63 78 38 8 56 61 61 49 73 2 3 6 59 46 48 4 0 9 54 80 71 52 39 4 7 41 10 45 47 8 4 41 3 78 48 64 7 44 33 3 32 77 75 76 55 8 68 40 35 75 60 8 35 35 48 70 65 64 57 67 7 63 5 65 43 56 65 64 58 54 71 41 36 78 31 56 10 68 71 50 7 46 46 59 34 50 38 42 46
78 9 41 56 52 57 79 66 5 78 7 46 55 54 5 75 37 77 42 39 6 4 2 63 73 37 2 5 0 72 62 56 40 51 8 4 66 9 40 62 6 10 63 3 33 63 44 9 54 44 9 55 68 79 59 37 10 42 50 73 60 62 3 59 58 77 38 71 36 48 62 4 39 7 46 79 56 52 39 45 51 41 59 40 38 59 59 8 39 72 80 9 43 54 60 32 33 49 73 61
65 44 39 4 6 77 51 70 57 45 31 67 4 57 68 66 71 5 56 60 50 51 37 57 52 49 73 80 59 0 68 35 10 50 79 31 74 68 3 68 46 33 7 30 66 62 7 48 8 5 58 35 69 52 44 55 71 65 9 44 67 72 48 51 37 67 63 37 54 64 39 60 9 30 54 38 78 64 51 74 44 35 7 4 70 4 63 74 72 65 4 74 4 40 2 76 55 70 9 53
74 42 6 46 44 31 3 5 68 4 80 53 75 4 63 5 9 35 3 65 59 79 39 66 71 76 51 30 37 42 0 39 54 2 56 54 66 49 69 48 32 70 38 46 53 8 80 48 39 51 67 2 34 45 70 53 60 59 53 41 5 80 49 8 68 31 7 2 73 32 39 72 37 32 77 6 4 43 5 61 3 36 32 75 10 39 44 65 52 8 44 37 50 62 54 62 42 7 62 7
8 62 75 70 62 3 72 56 71 78 65 55 71 54 36 60 67 33 61 8 46 48 80 46 10 2 42 32 76 64 52 0 63 45 58 75 61 68 76 7 36 44 70 61 48 59 68 69 80 62 40 44 33 8 49 5 34 2 45 63 70 5 38 64 9 38 38 41 50 63 3 78 32 54 2 69 35 9 53 5 53 9 62 39 79 72 54 57 6 72 59 50 36 4 77 7 68 55 37 40
76 54 46 2 10 37 63 78 45 71 70 39 3 39 77 70 55 5 33 38 44 44 72 71 71 72 33 35 69 2 62 52 0 76 47 40 71 67 8 61 37 64 10 80 30 70 9 75 7 9 41 68 55 67 71 68 59 69 7 45 37 48 64 67 57 73 40 42 32 52 45 33 4 34 69 44 63 48 50 77 67 63 8 4 38 5 72 53 69 75 9 41 2 78 6 52 46 40 9 61
66 55 8 31 76 70 9 4 67 4 75 67 60 2 64 9 10 72 10 43 38 55 41 52 48 57 70 47 42 54 5 56 71 0 49 60 61 46 56 65 41 42 50 32 73 2 63 39 40 53 62 9 47 69 35 63 44 77 71 75 10 53 31 2 54 49 3 2 33 42 52 67 54 80 40 5 3 31 9 35 7 71 41 69 9 68 52 40 67 9 34 47 71 63 64 46 37 7 30 3
43 9 38 75 43 60 54 54 8 54 7 65 51 38 10 37 52 52 36 45 10 6 6 38 39 71 6 4 6 36 56 35 43 54 0 10 37 10 76 35 2 9 80 3 66 59 67 3 52 54 8 67 37 41 33 43 4 75 39 40 63 73 6 66 38 43 58 47 46 35 75 3 34 2 54 66 72 41 51 42 77 37 77 65 56 66 47 2 70 58 77 6 76 48 79 33 41 50 73 59
49 9 52 65 72 56 78 35 3 39 6 75 33 31 4 70 55 59 36 50 7 5 3 58 58 78 9 8 6 78 46 69 68 64 10 0 74 8 34 32 7 2 56 3 70 31 68 5 39 69 3 48 37 59 38 58 7 46 30 44 61 51 4 54 66 63 67 50 71 72 45 6 41 5 41 61 69 58 52 48 55 57 61 80 55 41 53 6 55 78 78 5 43 79 61 31 80 34 71 57
40 32 75 62 78 79 76 66 46 51 55 4 66 38 63 42 35 40 70 80 76 44 35 9 31 62 58 74 65 53 30 48 38 58 39 75 0 52 61 67 73 55 50 65 6 62 34 56 51 42 79 55 3 60 7 32 33 33 70 5 57 69 58 55 73 8 40 69 8 9 51 39 76 46 42 41 38 41 49 32 71 68 49 70 65 58 6 58 64 49 50 35 78 66 49 51 2 71 41 52
35 8 44 56 59 65 39 44 2 79 9 80 66 38 8 35 37 69 63 75 2 8 8 58 62 65 9 3 7 53 43 31 70 37 4 2 67 0 56 47 8 2 46 3 55 49 51 6 36 60 3 68 79 66 45 53 8 79 51 47 76 47 7 79 78 62 68 64 59 60 55 9 58 10 63 62 55 73 65 76 80 62 35 36 72 64 52 7 32 37 59 9 42 78 72 65 56 66 31 39
41 56 62 9 3 64 78 30 50 79 39 36 7 45 31 72 73 2 71 69 61 40 34 79 32 43 49 32 32 7 80 76 7 57 74 37 57 69 0 62 52 72 5 41 72 71 5 41 6 5 45 32 51 67 58 71 79 50 4 57 41 51 60 37 36 34 72 48 47 46 61 63 4 54 52 43 54 68 61 43 51 42 5 2 42 2 30 40 71 48 7 49 3 31 7 65 59 57 3 35
8 56 56 35 54 10 68 34 67 33 39 48 49 65 37 39 63 49 48 3 70 79 73 46 8 8 60 35 35 64 71 10 70 73 72 62 62 45 64 0 48 61 42 39 35 73 61 37 54 37 75 60 71 3 74 8 72 10 64 42 30 8 48 53 7 41 46 71 73 47 7 43 63 34 9 50 58 4 32 3 65 2 52 33 51 72 40 43 10 55 47 43 30 10 59 4 64 63 54 56
74 4 32 38 37 48 78 40 6 75 5 41 48 48 3 72 74 42 32 38 6 8 8 46 51 62 7 7 8 53 35 56 76 38 10 10 57 6 49 43 0 3 77 6 41 35 49 6 64 48 5 33 45 30 30 69 7 33 44 55 76 30 4 48 36 80 51 47 40 43 51 9 69 6 67 66 45 60 52 62 70 54 34 72 41 43 56 3 47 77 41 5 38 71 59 37 50 66 51 62
80 3 50 72 59 32 41 61 8 58 4 77 50 56 4 71 52 61 79 62 3 8 9 49 56 46 10 2 2 63 53 34 63 67 10 8 60 5 42 69 4 0 57 2 33 36 49 8 77 55 4 57 34 63 77 31 5 48 79 68 60 41 6 75 73 43 68 69 55 66 77 10 73 4 34 31 68 37 33 77 48 54 80 72 40 43 50 4 39 42 48 10 71 33 77 49 47 50 55 63
46 65 42 8 10 36 54 54 57 34 43 32 5 64 55 73 71 6 43 60 55 47 33 44 51 75 69 55 73 7 66 75 4 39 70 73 38 55 9 76 52 45 0 72 58 50 9 76 6 7 69 40 32 32 30 38 41 40 10 45 65 56 66 30 60 37 58 48 79 80 34 41 6 80 63 42 74 78 57 42 79 78 7 9 62 4 68 38 45 51 4 61 2 51 3 73 70 70 3 43
33 3 35 70 76 39 70 47 5 52 4 51 48 32 9 80 73 54 78 61 2 10 8 70 39 59 5 2 7 53 72 52 54 40 3 3 66 4 69 77 9 8 78 0 57 38 53 8 80 72 8 45 35 37 70 62 8 65 36 60 62 52 4 58 66 47 43 66 78 41 71 7 42 6 79 56 79 52 69 80 70 76 58 32 47 36 30 6 33 74 58 3 45 30 75 51 68 67 43 40
58 57 67 61 74 50 79 42 32 43 31 4 41 63 75 42 58 54 65 37 64 39 52 4 52 54 73 72 36 53 37 55 45 74 52 43 10 76 47 30 49 64 72 62 0 49 48 31 55 64 44 73 9 76 8 57 44 63 39 4 64 45 60 75 56 2 49 65 4 3 63 40 55 38 35 33 46 64 36 72 30 72 55 45 78 36 6 56 42 72 32 74 43 42 62 32 3 78 55 72
73 47 5 48 70 55 10 6 33 9 72 76 67 7 52 7 10 76 4 42 53 70 40 58 72 41 80 57 56 74 10 45 39 5 51 54 43 49 34 39 52 38 56 51 74 0 70 32 41 70 51 4 73 72 62 44 71 55 41 62 7 79 32 4 78 55 7 9 35 79 73 66 71 66 77 2 5 71 6 55 3 61 35 49 6 50 46 47 36 5 68 30 77 41 43 72 47 10 33 9
71 62 74 6 6 42 57 68 61 70 65 66 5 47 36 58 35 3 52 32 67 42 74 43 37 44 59 40 78 3 77 52 9 70 73 79 80 47 7 32 69 38 8 42 69 65 0 38 5 10 61 40 49 51 30 76 66 66 10 31 31 45 42 77 33 62 34 57 36 32 61 55 6 62 52 56 32 42 44 48 51 79 3 9 76 10 45 37 62 63 2 80 9 56 3 77 50 43 9 49
60 4 39 79 80 54 51 59 4 64 9 59 63 70 9 63 32 51 36 41 10 9 5 47 62 67 10 6 10 60 74 42 72 54 6 10 30 7 74 50 9 3 33 4 57 46 36 0 74 47 4 71 72 43 39 73 6 45 61 36 32 55 4 64 76 31 62 30 46 65 59 8 69 4 66 62 41 53 49 64 50 32 30 70 30 73 79 8 80 77 53 3 56 51 66 72 72 65 74 42
71 63 37 10 6 68 35 74 72 53 78 57 3 30 61 64 80 8 55 63 72 56 34 80 70 71 61 52 42 2 74 72 8 69 71 60 37 35 5 36 51 50 10 32 66 31 5 30 0 6 77 33 71 69 34 60 59 52 9 78 47 72 40 66 66 75 31 71 68 58 30 78 7 48 70 75 74 42 80 74 74 36 5 5 63 6 80 63 39 33 2 31 8 51 5 48 37 30 2 55
36 38 45 7 2 49 51 60 51 47 64 62 9 48 54 62 40 3 36 51 61 47 42 57 37 79 56 74 33 3 45 31 9 52 41 48 65 78 10 64 51 38 7 64 59 56 9 76 2 0 49 68 38 50 79 74 76 30 2 73 31 66 58 62 40 33 57 69 38 54 75 61 2 33 54 35 49 75 33 64 61 54 10 10 45 8 33 37 64 80 4 76 3 42 10 66 40 79 9 74
64 5 43 76 30 69 68 62 7 54 3 49 64 37 5 65 67 31 50 53 7 6 8 34 32 53 7 3 10 50 74 58 46 71 6 3 66 9 60 44 10 10 60 2 76 42 70 2 33 51 0 32 58 65 47 80 4 32 65 68 71 56 3 74 31 36 41 56 61 48 74 6 36 10 40 49 59 66 63 44 70 49 40 31 43 51 73 9 41 39 71 5 49 31 30 44 69 67 53 73
64 75 5 49 44 51 4 7 54 5 52 48 35 7 30 10 8 40 2 41 74 52 57 31 56 43 78 76 42 32 8 37 50 5 74 76 66 54 42 77 45 66 53 54 41 9 40 31 40 63 78 0 35 54 57 67 50 41 80 43 5 42 38 7 73 38 8 9 50 76 79 40 41 57 40 10 8 66 7 64 10 31 60 34 4 79 75 60 80 7 58 51 71 37 37 60 44 7 76 4
48 61 73 67 48 68 78 33 68 42 70 4 40 51 39 79 53 43 37 32 59 59 30 5 58 55 39 60 46 64 58 70 77 47 49 40 8 47 49 56 48 45 80 58 4 70 53 49 62 74 61 76 0 51 2 43 65 52 43 8 80 31 79 73 57 10 40 44 5 6 41 67 39 54 38 68 56 54 39 77 46 54 38 62 73 37 2 42 40 50 51 45 35 33 80 75 4 44 73 66
10 50 58 62 60 10 48 52 66 61 38 68 79 60 45 45 35 43 61 3 42 66 45 36 3 4 36 77 61 53 72 9 65 56 52 31 51 53 46 2 73 49 78 58 51 48 37 37 61 73 79 78 43 0 54 5 51 5 59 35 59 5 49 35 10 65 53 35 38 79 5 36 66 39 9 53 80 6 69 5 55 6 32 59 35 69 66 79 2 60 36 53 40 6 44 3 45 63 77 59
50 64 69 34 60 33 42 57 48 75 63 9 73 55 70 59 62 32 64 32 60 61 34 6 33 63 80 34 32 45 33 58 57 68 40 69 8 77 72 80 75 62 63 39 2 75 73 55 75 72 73 76 2 31 0 61 35 77 66 4 32 68 32 65 72 2 66 57 5 3 66 76 80 69 36 57 56 47 60 50 56 69 63 67 77 79 5 61 59 59 58 39 37 55 60 73 3 32 56 76
8 38 67 76 39 7 57 36 55 78 50 32 43 39 48 66 80 38 78 6 53 56 79 59 5 6 44 75 61 38 59 8 61 59 78 70 80 44 78 10 44 34 79 42 39 72 67 77 50 43 47 52 46 6 67 0 48 6 69 48 53 9 65 55 3 67 42 63 31 77 6 78 54 49 6 62 48 6 43 4 70 2 57 55 51 54 53 49 7 63 71 73 39 3 78 6 43 62 76 79
31 9 60 30 30 61 60 66 9 73 3 42 53 45 8 52 40 52 57 77 7 9 6 55 51 33 10 8 8 76 76 44 67 70 4 7 62 8 32 53 9 3 72 9 66 33 37 4 70 71 8 56 72 35 73 36 0 34 42 44 59 65 10 57 35 71 48 51 77 42 39 4 63 4 55 71 49 52 43 55 58 56 75 62 80 55 49 5 79 60 54 9 40 52 74 62 55 71 68 71
2 61 37 72 37 4 38 31 54 45 71 42 54 54 67 67 50 36 33 4 66 45 54 80 7 3 45 45 75 43 71 8 64 63 59 58 64 41 61 2 53 53 47 69 64 47 45 80 62 61 56 34 56 10 50 10 74 0 63 70 45 4 79 52 6 74 69 61 76 61 2 51 30 77 10 77 47 2 71 3 79 2 58 39 53 33 56 60 2 67 76 50 62 4 42 10 57 34 59 45
77 53 70 5 6 65 78 32 32 64 70 41 3 40 31 49 54 2 30 37 61 49 64 37 79 39 48 61 66 10 56 66 2 48 56 63 31 33 8 32 30 53 10 77 76 49 7 62 5 10 74 63 53 32 32 73 50 75 0 46 32 54 77 58 58 66 31 67 73 59 36 31 8 69 44 72 74 60 60 31 71 30 9 9 74 4 60 67 35 31 3 72 7 66 3 77 35 38 3 50
45 52 72 44 67 39 47 59 40 49 77 4 75 50 61 73 62 77 41 49 40 54 63 10 58 33 48 33 31 72 40 64 61 48 51 63 5 73 64 65 77 77 65 61 6 42 77 69 47 66 68 45 3 56 5 45 65 69 44 0 61 69 70 66 38 2 41 31 9 8 59 73 65 34 39 52 53 76 76 55 41 61 79 64 30 45 9 40 65 74 80 43 51 72 79 64 8 43 34 39
64 36 3 40 70 64 8 6 47 3 40 30 78 8 69 5 2 80 3 76 49 46 33 37 44 32 69 75 49 36 6 64 37 10 39 34 67 47 69 47 31 43 60 38 32 4 40 59 66 42 47 10 49 71 61 72 72 64 64 40 0 79 80 10 47 61 3 2 58 51 44 41 48 79 61 4 6 34 8 58 8 68 74 40 10 60 74 80 71 9 53 71 63 32 49 66 69 4 45 4
4 72 48 44 30 9 63 70 80 59 62 37 69 71 65 62 64 65 77 10 77 55 50 42 3 3 78 79 39 78 80 7 76 77 75 44 77 49 55 7 65 73 39 59 75 31 58 46 74 73 56 73 48 10 67 7 46 7 55 71 33 0 58 48 6 63 79 80 57 34 3 40 35 48 5 79 43 3 47 10 73 5 67 57 41 40 75 77 2 44 35 71 58 2 62 7 61 77 47 58
55 3 58 49 31 78 42 57 9 46 6 38 76 77 8 43 41 45 79 31 2 5 8 42 70 35 3 10 6 64 62 65 47 41 8 9 56 9 61 44 4 9 80 4 48 52 58 9 74 66 7 72 64 55 46 65 9 48 41 38 52 41 0 69 64 32 54 73 34 63 68 10 78 9 35 41 67 68 72 63 54 38 74 60 49 36 69 8 43 55 42 9 77 31 41 31 73 62 41 68
71 78 3 63 67 62 8 3 78 6 79 62 76 2 32 3 8 45 5 63 56 59 74 60 55 66 42 49 31 31 6 53 44 6 62 50 36 43 65 46 38 43 58 38 50 9 69 56 34 56 75 8 65 80 62 77 48 50 32 33 2 70 38 0 31 46 4 5 58 40 78 53 63 32 51 2 4 78 4 75 5 30 66 78 2 64 30 77 61 10 52 42 38 37 76 34 58 8 69 5
5 34 64 62 74 9 78 74 61 72 66 44 53 64 38 67 74 58 54 4 33 75 77 63 4 3 60 57 44 78 52 4 45 34 53 34 65 66 77 4 80 66 39 34 55 45 68 49 80 52 62 50 76 8 54 3 44 2 77 42 56 3 47 50 0 30 50 67 73 74 6 56 55 80 5 54 33 2 61 7 67 3 40 73 56 79 35 66 8 64 68 45 71 10 46 3 43 37 70 37
44 80 43 78 49 68 48 58 49 46 30 2 68 62 78 57 78 49 79 80 64 77 68 2 52 48 55 60 32 37 72 62 34 59 34 31 5 76 63 69 53 32 51 56 9 30 65 70 38 51 72 34 7 80 8 49 30 63 43 9 43 61 33 67 72 0 31 49 2 5 34 47 75 53 65 72 79 80 75 75 72 69 32 78 51 49 5 31 62 37 52 53 36 78 35 48 3 42 66 54
67 54 10 80 60 40 9 9 54 5 58 56 61 9 72 8 7 77 9 46 43 67 36 80 64 57 40 71 39 60 10 67 31 3 78 57 62 67 51 31 55 65 63 56 78 10 54 60 43 50 64 3 61 79 47 72 47 56 36 53 3 74 68 6 46 39 0 3 31 44 36 64 44 49 63 7 10 42 4 42 3 54 46 31 9 56 37 43 63 3 32 66 52 56 68 78 61 2 73 8
72 40 3 40 33 80 4 5 59 8 44 70 54 7 38 4 10 42 9 34 58 80 70 78 38 47 31 34 71 42 4 32 70 4 55 77 75 50 38 77 51 77 53 64 31 8 45 44 63 69 40 8 37 50 35 69 73 33 76 65 3 40 42 3 60 73 6 0 60 48 46 69 36 61 65 10 7 41 3 59 7 46 69 41 7 58 53 52 66 10 36 51 65 43 41 59 68 9 52 4
45 62 32 37 60 48 76 37 43 73 76 4 64 77 70 66 31 58 54 34 80 75 47 4 75 36 36 57 37 72 49 62 52 58 44 49 6 33 62 67 44 79 79 70 9 53 78 51 77 49 44 50 7 52 9 75 72 44 58 7 60 32 47 66 63 9 53 35 0 10 51 77 39 54 55 39 73 43 71 40 36 49 80 63 79 71 5 53 77 72 60 35 67 43 37 63 5 67 54 44
33 55 54 76 37 38 73 57 38 41 56 10 53 77 79 56 31 68 41 34 72 69 56 9 59 52 43 37 70 64 36 40 55 59 49 77 8 47 36 47 58 67 40 57 10 61 65 48 70 49 45 66 9 57 9 62 72 77 45 5 69 35 77 48 60 4 39 55 8 0 67 63 51 37 75 79 63 51 67 33 61 38 60 44 39 35 6 39 67 73 73 37 51 59 35 70 3 65 59 52
6 76 54 67 42 8 73 55 60 61 30 58 41 71 38 63 71 75 34 10 71 61 53 79 5 4 43 40 70 64 62 9 52 53 30 63 55 47 34 3 53 48 37 76 70 74 47 34 31 36 38 68 65 6 79 3 58 3 49 44 72 7 30 76 8 31 40 57 75 74 0 49 68 59 3 46 35 10 52 7 40 3 38 32 58 79 57 80 7 46 30 78 37 2 50 2 63 34 32 37
44 8 34 52 39 43 41 80 8 43 6 46 58 33 7 45 38 56 54 56 5 3 3 47 79 34 7 6 6 78 34 36 71 45 7 2 42 7 48 73 7 3 32 10 52 39 63 8 30 37 5 46 46 40 68 70 2 65 49 53 33 52 9 47 61 51 67 41 79 74 41 0 77 5 68 65 69 54 65 72 60 41 45 41 68 71 50 9 66 63 79 6 35 72 41 56 37 71 72 54
78 54 43 8 7 70 61 41 73 55 72 30 4 33 64 31 41 5 67 50 62 74 44 51 74 79 43 39 38 5 63 75 10 62 66 49 62 37 8 71 41 76 6 57 58 30 5 77 9 7 63 58 73 40 55 74 66 43 2 54 67 57 58 57 36 64 59 53 66 75 76 42 0 53 36 60 73 35 49 45 56 50 8 2 33 6 37 38 35 51 4 34 3 36 4 31 61 34 2 61
80 8 49 37 55 70 61 57 2 73 10 40 42 57 7 58 54 31 76 73 8 6 5 34 60 33 2 9 8 79 54 76 33 77 6 2 78 5 63 70 9 8 54 5 52 58 78 6 37 68 3 42 35 50 65 66 10 78 68 52 34 52 9 76 60 31 44 75 47 45 58 4 41 0 44 50 79 53 62 40 58 34 60 70 51 45 67 4 37 78 41 6 78 32 73 64 52 57 72 30
5 36 40 65 58 8 39 68 62 42 41 57 52 74 76 44 66 59 67 2 67 30 62 33 5 6 59 58 56 58 44 4 34 65 43 63 31 45 39 3 72 50 31 37 75 46 37 35 35 31 36 70 70 10 73 9 50 6 79 45 75 10 77 41 4 61 78 36 67 44 5 62 77 76 0 47 48 7 33 8 51 7 42 53 67 67 59 61 2 30 32 38 43 10 68 7 58 32 57 68
45 65 5 57 40 42 9 2 39 3 39 63 79 3 32 7 9 30 7 55 76 46 46 68 40 33 46 55 45 43 2 63 44 2 77 59 50 80 50 65 52 48 45 39 62 5 64 73 79 59 54 10 44 71 46 52 78 75 33 42 4 63 42 10 65 73 5 6 41 53 50 67 40 47 63 0 8 35 4 69 4 43 38 35 6 48 30 38 37 10 40 60 50 31 41 35 37 9 79 10
80 63 6 65 65 65 8 2 42 2 35 40 48 4 79 9 3 63 6 42 74 47 32 79 79 53 58 33 53 64 10 53 61 9 64 70 61 50 36 79 53 71 39 56 53 9 62 55 45 45 71 6 79 48 42 43 34 58 69 68 4 51 48 6 64 80 7 6 55 47 59 55 66 35 58 7 0 41 6 76 10 37 73 40 9 73 66 71 33 4 52 45 57 49 42 69 35 9 55 3
6 51 53 53 63 6 53 77 70 58 71 71 64 74 33 48 43 79 40 7 50 68 31 55 6 5 63 38 55 49 79 4 52 72 67 38 74 40 73 2 78 75 59 74 62 64 78 73 75 38 56 30 54 9 34 9 51 9 61 63 40 3 32 40 4 34 53 71 50 42 2 77 36 62 4 74 38 0 37 6 41 6 51 73 69 60 76 75 9 49 31 68 58 9 35 6 66 59 50 76
35 60 6 80 48 56 7 7 61 9 41 37 68 5 62 8 3 49 2 30 57 30 36 37 76 59 60 78 56 76 3 35 64 8 65 38 66 50 69 76 56 38 62 51 78 3 54 40 42 41 66 5 54 41 56 57 65 75 71 79 2 37 39 7 66 71 5 5 59 59 64 77 47 31 39 8 5 55 0 42 9 80 31 56 8 41 37 76 34 9 43 42 44 44 59 75 35 5 61 5
8 54 32 74 68 10 44 71 68 73 42 42 70 57 52 52 48 79 61 6 67 78 68 48 9 9 69 31 77 36 67 10 38 71 30 48 47 35 31 2 30 62 43 42 66 80 66 41 40 74 66 63 76 8 74 10 70 8 44 42 80 3 32 32 7 31 55 51 58 42 7 48 65 54 4 69 75 10 56 0 66 10 76 66 32 35 65 47 2 80 75 51 75 8 51 3 52 68 42 34
35 40 3 78 37 77 10 2 48 5 73 33 79 4 30 6 8 35 4 66 71 63 60 59 80 73 56 40 73 46 5 57 68 2 42 50 39 52 60 31 56 33 41 75 56 3 35 80 32 40 78 9 34 51 51 43 65 44 80 54 9 42 80 2 36 38 10 5 34 44 45 60 74 37 35 7 2 39 3 35 0 63 34 64 9 35 40 65 60 7 80 47 38 73 44 38 53 5 39 10
9 69 58 62 30 3 64 48 61 79 54 43 71 59 43 77 47 46 55 2 69 55 44 53 2 3 76 77 69 33 61 10 41 30 58 30 76 51 78 8 65 71 70 67 70 44 47 45 45 42 62 54 73 6 75 8 41 2 38 79 71 3 73 62 10 34 41 69 79 45 2 46 56 39 7 37 35 4 71 8 77 0 79 38 44 34 54 64 4 53 31 71 69 10 74 5 54 67 35 53
59 47 40 8 3 48 37 30 78 63 67 46 10 32 44 77 45 2 73 66 45 43 58 56 70 48 44 46 80 3 32 40 3 74 63 71 37 45 3 56 36 74 9 44 57 41 3 67 7 10 78 33 78 71 62 63 64 39 6 37 45 54 47 30 72 52 57 75 42 69 61 74 5 51 48 76 53 42 79 52 37 65 0 10 54 3 50 51 78 35 2 62 4 71 5 65 59 65 5 43
45 71 72 4 7 42 46 62 63 40 32 73 5 68 30 42 79 4 72 37 80 55 30 62 79 72 58 80 55 8 63 50 2 78 64 65 72 60 2 51 74 69 8 75 78 35 6 55 3 2 31 73 30 35 56 62 53 35 7 76 47 47 39 60 66 52 53 77 68 52 48 32 4 36 70 46 53 59 49 54 36 73 6 0 47 4 48 80 32 47 2 45 6 58 8 60 74 50 6 57
79 79 6 42 40 44 8 5 69 7 56 50 34 10 31 7 3 33 8 36 44 59 49 35 39 74 75 52 66 65 7 33 71 3 80 63 41 49 65 52 51 68 58 49 62 2 35 77 43 65 62 3 40 72 47 78 32 54 48 51 4 55 57 6 30 66 10 4 31 59 76 74 50 32 32 2 9 63 6 42 7 59 39 63 0 38 74 63 77 5 63 73 37 57 37 72 67 7 56 3
41 55 49 6 6 31 65 51 41 77 61 69 10 43 43 36 67 2 31 41 51 63 41 42 64 64 50 30 59 4 46 61 3 78 40 39 62 60 3 37 68 39 5 75 75 72 3 31 5 4 51 79 73 69 31 79 55 69 2 48 46 43 77 41 57 31 68 47 70 80 71 40 10 45 44 65 71 56 67 60 42 38 8 8 31 0 69 44 48 46 8 38 2 58 7 34 72 69 4 63
58 50 75 36 43 51 36 62 73 56 38 9 37 44 68 62 34 37 67 45 53 60 44 5 71 76 65 37 74 41 80 68 51 78 76 43 5 49 39 57 56 41 30 78 2 65 52 76 65 53 57 68 2 35 8 52 50 52 62 9 45 76 57 31 40 6 78 76 2 8 41 66 49 53 72 66 53 80 40 37 35 76 51 43 55 59 0 35 69 80 48 35 55 49 66 66 5 77 54 62
31 7 64 55 52 38 50 55 5 45 7 47 39 30 6 67 57 51 74 77 7 10 3 73 68 48 4 9 3 58 45 32 52 35 7 3 69 2 72 42 3 6 75 5 77 61 48 9 34 73 8 51 48 67 62 60 3 74 36 43 39 30 8 43 75 48 65 52 52 49 31 10 53 9 73 50 53 36 62 76 72 72 78 68 70 36 66 0 46 50 36 8 36 30 45 61 43 53 67 44
6 39 70 69 49 3 33 62 49 56 65 55 39 55 34 50 77 67 80 8 31 47 42 79 5 10 41 67 80 73 70 10 72 75 68 64 60 42 70 2 33 71 74 69 65 76 76 53 74 46 74 37 76 4 48 6 66 5 65 45 65 8 75 30 4 57 62 43 61 80 8 39 69 30 6 41 75 3 45 5 37 8 41 65 58 45 35 55 0 35 76 51 75 3 71 4 54 76 68 40
59 56 3 53 65 58 8 6 34 4 73 32 67 5 67 10 7 38 7 69 77 40 52 52 51 53 69 33 36 31 8 73 43 10 41 36 44 78 62 77 32 72 51 61 72 4 75 31 59 54 74 3 65 64 77 74 63 75 46 39 5 71 50 2 68 50 6 4 75 49 35 77 44 72 49 9 4 40 6 31 4 56 53 55 3 79 31 34 48 0 32 53 36 80 64 77 74 6 71 2
43 34 47 9 3 43 47 48 47 60 73 38 9 39 62 60 78 3 69 50 33 78 45 78 30 57 61 37 50 8 51 33 4 60 45 65 45 50 2 73 80 73 4 78 36 75 3 57 5 2 75 57 69 73 56 44 78 39 7 41 76 76 50 32 62 39 62 31 69 70 62 62 7 41 60 45 71 65 45 75 40 70 7 7 38 2 59 77 64 56 0 40 9 55 6 50 79 57 6 48
59 3 41 40 33 50 39 70 8 69 10 36 75 43 7 76 80 33 55 66 3 2 8 38 67 47 9 8 4 51 53 39 69 53 5 8 59 7 47 71 8 6 78 6 47 44 42 8 46 70 3 72 48 80 37 77 5 69 63 73 49 74 3 50 35 42 39 30 64 63 60 8 46 10 63 37 61 34 37 68 30 76 51 58 34 56 50 6 76 37 45 0 73 78 34 80 46 57 51 30
77 70 75 2 3 31 65 66 42 46 55 57 5 74 67 53 69 5 36 65 42 70 69 71 63 32 41 58 31 10 61 31 5 62 40 52 76 59 10 45 78 52 7 36 53 80 3 49 9 6 53 37 36 80 80 40 31 48 6 40 61 57 33 67 40 39 41 74 46 61 74 46 8 49 72 56 76 46 59 55 45 33 8 5 71 7 38 58 73 58 10 36 0 69 2 41 31 30 8 59
8 30 39 58 78 5 50 64 47 53 36 43 79 54 47 60 43 61 60 2 74 37 54 44 6 7 46 32 50 61 54 9 50 41 52 51 78 79 40 10 34 73 53 42 59 73 42 53 57 68 42 50 40 5 57 8 70 3 41 31 32 6 64 68 8 39 61 79 78 55 8 79 46 76 2 70 71 9 36 2 50 2 80 70 44 71 71 50 5 66 64 63 76 0 42 7 49 35 41 78
58 76 32 5 5 50 61 30 36 80 56 50 7 41 75 80 53 7 30 47 53 61 75 56 66 76 43 35 36 6 41 53 2 71 51 67 50 66 5 35 64 62 8 79 61 32 8 38 8 4 34 79 70 31 43 76 67 60 8 34 43 73 57 65 62 55 44 37 70 47 78 68 4 41 70 53 36 73 36 67 34 66 8 3 41 7 69 42 45 48 6 54 4 53 0 33 59 60 2 30
5 80 49 65 59 2 79 51 47 62 73 49 69 64 71 68 36 61 74 3 51 47 68 59 10 5 31 55 37 45 37 9 56 70 33 46 54 76 42 7 79 42 79 61 32 36 63 63 38 72 61 77 59 5 55 7 60 7 45 43 58 10 75 80 2 52 58 77 73 62 5 56 63 68 3 34 54 9 47 7 31 5 72 38 45 71 74 47 7 38 40 41 52 9 46 0 53 67 62 50
38 75 56 47 47 67 60 74 68 80 42 10 63 78 50 53 44 59 70 43 60 41 30 5 75 38 53 56 55 40 31 65 53 39 35 49 3 42 47 59 45 78 30 30 6 77 40 49 42 41 52 62 8 43 8 64 55 51 32 4 59 77 49 39 60 8 42 58 3 4 58 56 32 31 77 73 65 78 38 45 49 62 64 71 41 40 10 37 50 50 64 79 50 75 78 50 0 65 51 40
31 67 4 45 67 66 4 6 30 5 38 50 79 5 74 5 10 63 8 34 64 78 49 73 78 48 79 55 61 63 9 43 39 8 44 49 48 59 33 42 37 59 37 60 71 6 35 44 80 39 51 3 34 61 77 69 55 45 71 37 9 65 37 5 54 31 5 6 40 74 79 79 37 70 72 4 5 73 6 62 10 37 39 40 5 54 43 60 51 5 63 78 60 51 32 73 52 0 66 2
74 33 71 4 2 44 58 30 34 32 48 51 10 80 57 49 63 9 41 31 62 48 56 30 45 71 53 46 41 7 52 70 9 71 41 59 45 32 8 74 72 57 10 80 31 35 9 61 3 5 32 67 56 80 55 32 80 50 2 52 74 57 63 31 54 53 33 67 39 32 78 32 8 51 65 34 47 42 42 69 34 59 5 3 57 9 68 37 78 49 5 34 9 70 3 55 44 79 0 60
57 47 9 60 47 51 10 8 46 4 52 78 57 5 35 5 7 53 8 33 55 74 75 43 44 77 56 42 56 34 2 72 59 8 51 57 30 54 52 75 61 70 43 71 39 7 74 36 30 59 67 8 58 57 66 73 76 35 60 54 10 30 65 9 72 73 9 7 45 36 30 67 51 80 65 7 3 79 10 32 9 35 49 40 3 32 34 47 63 4 80 65 54 74 41 35 44 6 36 0
