50
37 22 7 30 331
35 12 11 30 405
7 34 27 10 188
38 9 17 27 56
16 30 37 9 445
40 19 8 23 464
29 6 15 11 246
12 39 26 40 60
34 15 13 28 162
24 11 40 39 499
23 35 6 33 248
31 28 35 39 433
21 34 17 38 169
11 24 5 24 494
33 28 37 11 223
8 10 26 13 361
24 23 28 9 15
28 10 25 7 256
25 40 38 15 453
12 8 29 19 100
21 8 26 40 87
26 37 6 16 472
14 6 25 25 157
40 15 39 18 166
31 18 20 28 276
28 9 34 20 348
10 16 6 10 280
19 29 40 18 403
37 23 20 14 465
27 14 11 34 500
20 14 26 25 421
6 16 32 26 310
16 20 22 10 202
21 37 12 36 283
18 26 34 5 74
9 17 14 15 317
8 27 21 39 465
11 38 24 23 79
26 6 38 16 107
20 31 25 9 271
32 26 12 33 201
5 38 24 9 119
9 7 27 17 280
15 39 9 27 220
31 15 37 22 486
13 28 28 25 156
19 15 15 25 21
35 39 11 7 147
5 36 18 24 391
34 33 33 7 340
0 5 7 64 69 7 60 79 6 41 9 65 7 78 69 32 76 74 63 54 56 57 69 34 78 78 46 54 59 8 37 31 66 60 44 38 31 52 49 68 76 44 3 77 6 38 48 70 72 30
8 0 5 36 69 2 71 69 10 38 5 74 2 67 75 70 43 42 50 68 78 60 40 52 41 47 66 64 66 10 38 41 59 51 70 47 60 67 66 67 56 57 8 33 3 57 67 39 73 57
3 6 0 41 75 8 78 62 7 74 7 70 8 37 30 56 64 71 44 68 49 78 31 46 30 74 56 33 30 3 60 59 50 55 63 43 32 78 49 80 51 46 2 76 10 78 77 33 63 38
69 75 53 0 70 40 48 51 64 41 48 67 32 31 40 39 67 10 77 39 71 40 64 74 69 33 74 73 9 60 9 36 10 80 63 10 66 5 57 72 50 67 66 41 77 6 5 7 44 55
65 40 75 35 0 43 70 31 34 79 37 58 78 75 6 76 49 74 53 63 69 58 61 6 42 2 9 9 34 75 45 75 58 34 69 44 3 74 60 34 57 33 40 5 80 62 64 47 3 44
7 9 8 55 36 0 38 41 4 79 10 64 10 52 41 41 70 54 41 41 73 80 37 78 79 32 55 51 41 2 41 61 78 68 79 59 64 35 72 65 70 48 10 61 8 69 50 37 47 37
65 36 48 50 36 58 0 57 53 8 62 54 74 45 73 59 4 37 5 69 39 4 49 42 31 71 30 42 31 67 63 36 32 77 3 32 65 61 8 72 46 5 63 49 63 46 69 58 49 10
80 41 42 80 53 40 72 0 68 44 80 7 68 3 34 7 46 72 36 3 3 30 6 57 4 51 62 54 66 80 65 3 48 5 36 59 42 78 70 6 4 65 73 33 77 39 43 75 38 52
10 4 7 42 33 7 74 32 0 71 7 53 4 77 31 41 66 72 64 70 55 51 40 68 62 54 52 54 72 5 75 36 43 36 70 74 63 30 39 38 52 56 2 67 6 65 32 57 51 55
47 42 50 42 51 75 6 63 54 0 50 64 70 67 54 51 7 80 10 47 44 3 75 37 39 40 79 70 76 66 40 69 48 77 4 38 44 66 7 57 57 4 55 61 67 36 73 63 38 4
9 3 9 35 74 10 64 49 4 61 0 76 10 48 45 69 36 34 43 44 35 44 66 59 63 56 77 69 34 4 60 45 76 53 33 62 65 30 44 61 65 36 6 71 7 70 38 75 67 34
56 67 36 40 67 66 35 6 36 43 68 0 79 7 77 7 48 39 34 10 10 32 5 62 8 59 78 70 48 74 34 9 51 10 61 71 51 48 76 5 9 30 61 30 51 53 36 75 61 40
10 2 5 76 54 8 62 54 5 44 10 71 0 42 72 68 72 57 70 50 46 69 60 74 75 69 76 76 33 9 72 39 72 64 33 30 71 55 72 36 34 56 8 74 7 38 32 80 47 65
31 44 44 40 47 50 69 6 67 61 33 9 39 0 52 7 56 43 58 8 2 43 6 44 4 44 70 36 51 52 54 2 65 9 79 41 60 58 53 10 6 46 79 31 80 74 55 31 80 42
64 42 48 75 6 56 67 71 61 50 67 63 70 40 0 56 63 37 64 47 43 60 39 4 37 9 6 10 50 42 69 77 78 34 36 45 4 37 34 60 66 60 75 8 59 54 33 45 4 41
60 52 32 77 30 52 70 10 32 41 74 2 45 5 61 0 63 56 52 10 5 76 9 69 3 73 58 61 65 65 46 6 30 9 35 40 47 66 67 3 2 57 48 54 38 55 45 74 74 32
36 69 56 41 61 70 7 45 30 9 52 30 62 78 75 50 0 73 5 77 48 3 32 57 79 69 43 47 53 46 54 49 78 46 8 65 31 43 2 66 35 5 37 48 30 32 31 36 54 2
63 53 36 10 73 30 71 42 49 77 75 80 36 42 45 75 60 0 46 52 72 75 48 76 59 41 49 53 2 66 7 72 4 80 53 9 73 3 59 68 76 48 58 70 43 6 6 3 72 67
73 39 64 47 41 45 5 47 53 3 50 50 68 65 76 37 9 36 0 38 75 3 34 77 68 35 63 66 61 76 80 66 31 54 6 61 78 74 6 74 68 10 37 58 46 41 71 66 74 7
43 71 77 75 77 71 78 5 33 77 51 5 80 4 58 7 41 68 31 0 6 40 2 42 2 38 52 78 55 47 41 2 73 4 69 71 54 43 68 5 2 59 76 43 49 53 71 32 47 49
43 80 30 40 68 67 70 8 56 73 39 2 51 7 66 3 32 33 68 6 0 60 8 59 8 54 72 76 42 78 42 10 64 2 49 57 31 53 63 5 6 52 38 50 59 77 64 46 32 30
72 39 40 33 53 51 3 78 37 7 47 59 30 42 30 46 8 60 3 66 46 0 80 61 78 67 46 61 68 43 47 76 36 52 10 50 34 61 2 53 60 8 52 65 41 55 62 78 62 10
70 46 65 67 50 30 79 5 53 59 74 5 32 3 75 5 42 44 51 7 6 78 0 49 3 61 55 67 33 61 56 5 41 6 76 42 52 40 40 6 2 54 31 41 79 54 56 68 33 48
79 55 66 76 6 43 38 66 78 42 52 80 64 41 2 38 49 68 60 72 56 74 39 0 53 6 3 8 46 65 55 48 53 51 75 58 2 76 64 41 38 41 60 10 53 51 48 57 10 69
34 64 35 64 36 74 39 3 64 47 36 7 71 7 45 3 69 45 79 3 4 38 7 64 0 55 45 80 72 61 49 3 65 9 45 38 36 78 52 3 5 57 53 38 77 68 64 61 48 45
34 78 71 74 8 60 64 70 34 42 56 43 46 63 7 34 38 51 58 50 30 69 72 4 39 0 9 8 68 78 76 73 75 30 38 64 3 55 56 41 56 69 75 4 35 71 73 41 6 49
77 74 70 58 9 72 44 70 66 46 56 46 42 45 4 33 33 65 64 37 33 77 45 9 41 6 0 7 46 48 71 71 59 49 50 51 2 53 52 47 74 80 48 6 44 78 58 50 9 72
68 67 34 54 5 33 47 30 58 38 37 40 74 52 3 52 38 54 52 75 34 51 49 6 56 5 10 0 61 68 80 56 35 40 65 53 3 79 47 73 72 34 62 5 53 35 58 64 2 46
63 66 30 10 77 31 37 35 36 72 74 32 80 51 36 40 62 7 39 57 44 35 60 66 63 80 40 69 0 32 2 72 4 45 59 10 65 7 68 50 56 62 70 37 32 9 10 4 54 37
10 6 5 48 56 7 49 46 9 34 5 63 10 70 48 42 50 55 54 45 56 46 60 39 67 61 56 42 33 0 59 59 61 47 78 80 45 41 59 73 30 57 10 63 4 56 72 57 45 53
65 73 58 8 54 67 56 69 66 48 56 32 36 32 35 41 69 7 55 63 60 73 35 55 69 63 49 42 4 61 0 71 5 69 65 6 39 7 35 49 49 69 44 55 69 7 8 10 41 76
72 37 63 61 36 74 36 3 30 78 41 10 65 3 41 7 61 38 30 7 6 63 6 59 3 74 56 56 77 65 53 0 59 8 44 47 64 69 61 3 5 55 54 47 79 44 42 76 47 51
38 31 31 2 68 49 77 41 49 37 32 38 35 45 30 69 54 7 40 76 80 48 63 65 31 32 80 39 8 77 6 60 0 53 72 9 31 9 52 58 80 70 43 70 53 7 3 5 52 50
31 30 36 45 64 54 48 2 52 75 70 4 68 4 75 5 70 36 32 10 6 45 2 33 2 68 58 42 47 48 33 4 68 0 40 49 50 31 33 9 2 39 36 40 53 47 36 56 70 35
75 60 61 39 80 65 2 39 58 3 69 44 72 61 31 30 7 51 4 49 58 2 38 55 68 55 77 64 55 68 78 58 31 32 0 53 54 43 9 65 43 2 44 61 67 50 62 79 77 5
57 60 79 2 60 80 72 77 39 49 69 76 35 52 75 47 39 4 35 36 70 60 44 37 63 70 34 70 9 59 10 50 4 38 62 0 51 7 44 55 64 58 43 43 61 8 7 10 79 32
39 60 54 70 7 53 51 30 62 67 77 33 37 66 5 34 59 55 75 59 66 72 64 6 80 3 4 4 44 38 32 30 62 49 49 53 0 60 44 43 49 40 49 6 34 58 68 60 10 45
49 50 71 6 46 60 38 60 66 41 37 60 69 46 72 47 45 3 35 35 49 51 51 78 48 69 57 68 5 57 9 60 10 30 67 9 80 0 32 52 33 32 59 59 49 2 8 10 73 75
73 65 32 39 74 46 5 35 49 3 49 80 49 53 43 51 10 45 9 53 42 4 57 36 40 59 51 72 38 30 66 38 78 70 3 61 65 59 0 34 80 9 63 74 64 59 78 75 55 6
62 44 50 49 52 50 40 7 59 53 60 5 67 7 33 9 70 52 38 8 6 51 5 73 4 47 79 49 76 68 51 2 34 3 46 30 40 54 57 0 4 36 36 37 30 55 33 70 49 70
37 43 44 31 67 31 59 2 46 60 53 4 79 9 65 7 61 33 67 7 6 32 5 62 4 48 32 46 43 53 48 9 72 6 70 35 68 62 76 6 0 73 55 64 40 56 60 72 48 45
78 43 76 40 54 52 2 66 71 3 55 74 46 64 38 33 2 55 9 31 50 4 39 61 43 47 49 46 59 46 51 79 74 76 9 64 56 77 4 77 42 0 79 46 79 49 44 49 37 6
10 4 5 77 79 5 64 38 10 67 8 48 9 51 69 71 67 39 51 45 73 64 70 40 41 32 35 49 50 3 38 57 39 40 49 79 58 32 58 68 58 35 0 53 3 33 46 41 47 51
54 64 60 74 2 70 50 74 60 44 51 76 79 70 4 35 76 59 65 61 49 34 64 9 66 8 8 3 32 70 60 65 61 63 32 78 5 52 34 52 52 54 79 0 50 56 39 44 7 54
5 7 7 62 41 2 76 43 9 44 9 43 2 57 38 36 63 79 34 73 42 43 69 49 80 54 55 73 36 7 36 50 64 76 35 41 55 35 32 77 45 77 5 67 0 31 43 34 63 39
48 66 76 2 42 50 65 35 47 30 37 38 40 79 59 72 63 2 64 34 75 62 60 71 78 79 67 44 8 58 7 35 8 45 54 6 54 6 80 71 64 44 41 55 42 0 9 3 49 61
56 32 36 4 32 68 77 30 61 34 63 34 50 79 38 68 70 9 44 56 73 76 57 34 75 64 39 48 7 65 9 31 2 74 70 9 36 3 65 61 40 79 79 78 53 2 0 8 77 34
38 49 61 5 40 63 63 53 49 65 78 55 35 32 66 50 73 8 42 36 65 42 36 53 55 77 60 42 5 76 6 61 6 34 62 9 39 3 34 45 68 40 54 39 80 5 8 0 79 80
47 40 40 55 2 66 48 33 33 54 68 48 54 39 7 48 43 47 72 63 69 47 55 5 50 10 2 6 70 47 58 38 55 37 45 59 9 46 47 53 77 46 33 5 62 59 75 66 0 62
72 56 77 66 72 35 6 71 32 9 43 35 44 79 57 60 10 34 6 73 49 2 31 49 34 67 63 70 50 70 40 39 58 35 7 32 37 70 4 48 39 10 49 31 30 74 62 42 42 0
