150
12 13 13 29 215
33 23 38 6 478
29 32 39 40 905
35 5 15 33 1179
26 21 18 23 1232
26 18 8 35 899
22 22 37 25 1092
27 15 19 32 1413
33 37 33 38 555
5 23 6 23 687
32 40 12 24 2
38 34 29 20 1191
14 32 28 33 194
36 30 40 8 218
16 29 7 31 1303
29 39 39 11 581
28 6 5 32 1432
19 9 15 21 1443
38 28 27 30 1011
28 35 37 9 1204
38 32 30 30 1426
33 14 17 34 516
29 32 6 17 1126
30 29 15 27 1413
11 14 39 27 668
20 8 26 10 825
24 23 28 28 1074
14 15 15 6 435
34 7 25 34 689
33 33 7 14 583
28 8 10 18 1108
22 22 28 17 985
14 39 35 9 1107
16 35 25 24 924
35 11 10 15 1480
16 38 11 6 802
23 18 33 10 1459
9 10 11 38 1210
16 6 19 38 497
27 6 5 6 1282
19 30 15 26 77
26 20 26 21 139
25 9 35 26 705
11 17 22 5 114
35 14 30 5 311
19 22 26 40 455
38 34 16 22 338
14 40 9 31 1290
16 26 23 26 224
15 5 23 22 1156
30 36 40 34 893
5 32 35 14 743
26 38 7 16 793
10 13 26 29 792
38 6 12 9 1114
32 27 27 26 1296
38 34 22 10 733
37 10 16 13 873
10 30 7 26 626
24 19 26 30 1186
12 17 12 17 102
30 28 28 39 404
26 22 31 24 1125
28 40 11 14 1038
16 31 17 18 447
34 16 34 20 1408
27 26 31 29 96
10 8 17 27 273
20 13 26 40 123
29 32 26 32 758
19 14 39 20 1468
40 32 8 37 617
20 10 7 27 430
9 11 27 26 966
28 32 26 22 13
22 39 16 11 409
26 39 26 5 156
31 7 32 32 1049
35 7 20 27 250
35 18 14 20 309
18 12 33 28 861
22 34 8 17 473
39 40 24 33 877
5 23 16 35 368
29 34 13 31 878
13 35 28 29 910
33 12 9 19 756
17 38 35 31 1182
18 11 39 8 1476
39 10 28 34 522
36 27 27 11 478
9 14 5 24 863
23 19 16 7 888
35 18 27 25 732
35 7 10 12 559
35 21 7 34 1395
29 15 34 25 1157
6 26 27 39 800
27 15 29 12 1407
7 10 39 22 174
11 33 23 8 812
17 22 30 17 1407
5 20 36 17 466
31 21 14 17 1356
21 8 38 22 1449
25 37 14 37 545
39 21 32 6 1415
37 12 12 7 1107
10 26 7 26 122
35 14 36 24 711
11 27 20 18 1369
6 24 20 23 1228
12 16 27 21 2
29 31 36 28 226
32 9 20 32 1482
16 32 17 7 875
27 30 13 10 413
32 8 17 38 484
36 8 40 32 210
26 33 24 21 582
23 25 12 26 1200
6 11 6 7 612
28 32 40 22 966
28 13 34 24 479
8 15 14 8 1085
29 26 30 21 1177
30 40 28 11 873
33 34 12 36 849
11 30 10 32 848
31 12 34 14 1440
27 9 38 10 384
22 21 11 14 1459
32 30 27 10 26
20 40 18 36 971
34 7 7 27 1407
19 35 10 9 1057
38 8 35 30 131
36 32 40 31 823
35 24 30 27 1262
36 30 34 15 1126
19 25 16 31 258
16 40 11 39 852
17 27 17 5 347
12 18 27 27 1077
21 28 32 27 397
31 23 26 34 469
21 16 28 40 289
7 31 27 26 69
26 39 38 14 472
17 35 12 22 606
0 48 7 64 73 39 30 53 45 54 63 50 36 78 80 74 53 57 80 6 42 77 68 43 2 49 49 80 58 63 6 30 42 4 66 73 53 39 37 37 42 30 73 71 76 47 67 3 36 59 55 69 35 33 64 48 36 55 63 57 41 33 33 63 75 47 42 5 41 31 58 8 79 47 2 44 3 6 7 4 6 56 8 48 45 64 44 55 38 56 52 73 77 2 57 2 46 75 61 73 34 58 3 47 67 71 54 47 40 69 61 55 71 40 6 74 60 44 54 72 7 53 9 76 55 76 80 79 78 8 39 59 67 58 36 63 8 44 71 9 6 59 10 62 79 45 65 69 52 33
34 0 59 74 2 46 78 69 72 52 6 64 5 80 7 40 55 5 4 42 76 44 4 72 60 30 80 78 4 49 71 52 70 75 73 6 4 77 72 44 49 58 64 32 61 4 4 69 4 2 4 45 45 3 31 7 59 4 10 33 2 35 80 10 60 80 59 65 44 58 70 43 46 61 73 45 63 36 60 76 51 42 79 7 8 50 31 53 71 30 51 35 70 47 4 52 70 10 63 60 57 39 39 2 75 5 73 77 6 55 60 72 47 8 65 78 63 9 37 40 59 73 37 62 52 67 43 35 56 30 47 57 49 8 41 58 33 9 68 36 80 3 43 74 54 75 49 10 72 77
8 70 0 55 75 36 32 41 64 38 71 78 41 80 62 32 78 77 71 7 75 34 30 74 3 31 72 51 48 52 8 67 69 9 53 61 80 75 31 55 43 69 42 40 34 51 65 4 67 60 32 59 35 50 66 74 37 54 76 55 72 37 64 60 64 67 30 4 76 51 59 7 53 70 5 72 9 7 3 4 6 64 2 61 74 50 67 31 36 75 70 57 55 5 64 8 42 62 57 35 36 69 3 65 68 56 41 40 78 73 69 66 42 70 4 30 43 46 36 72 7 30 6 39 52 66 76 77 62 3 58 62 77 57 44 36 3 48 77 2 4 43 4 49 39 36 64 73 37 55
60 42 64 0 38 45 63 45 30 66 70 45 69 73 69 57 41 64 66 44 10 50 53 9 70 7 8 53 61 7 75 9 6 44 31 38 71 56 46 3 68 68 38 53 49 49 33 65 71 54 71 74 59 51 60 37 52 47 39 63 64 61 30 64 59 64 33 41 3 39 72 39 51 77 80 5 73 52 77 30 31 32 36 54 54 5 55 5 44 6 41 54 41 76 74 50 75 75 58 77 78 43 34 30 63 41 80 68 48 63 49 56 58 64 53 7 44 61 31 3 48 52 73 77 73 34 3 72 6 71 8 57 2 37 5 36 31 53 10 79 74 60 47 63 2 3 8 45 7 2
72 3 55 36 0 41 59 78 35 52 4 31 5 53 9 37 47 10 9 71 35 45 2 38 80 59 72 32 3 73 33 35 67 32 51 3 7 33 43 46 64 69 69 51 68 6 2 34 2 3 5 39 61 3 53 2 39 6 4 75 5 39 39 9 31 79 43 70 76 69 40 37 38 35 31 79 46 79 48 79 63 62 38 2 10 35 40 73 32 79 32 30 53 43 2 64 77 4 36 61 32 41 65 3 77 6 70 47 10 65 64 73 53 8 51 40 56 3 55 46 43 30 32 38 40 66 77 36 69 43 60 55 46 2 77 78 63 4 34 76 58 10 75 60 78 46 32 6 62 75
59 48 56 40 66 0 66 4 73 71 67 43 50 2 54 5 77 64 64 54 43 34 32 45 74 59 42 80 56 77 68 39 31 35 7 52 73 8 70 47 40 8 54 4 53 48 40 78 52 34 48 53 8 38 8 67 2 71 34 5 31 70 65 75 69 78 80 34 33 33 6 44 5 50 47 58 41 64 68 38 78 47 45 59 49 75 5 80 42 63 7 52 66 75 41 69 2 42 61 3 79 51 47 30 32 62 3 8 50 77 9 10 8 47 79 59 3 54 7 60 63 42 72 5 3 80 70 46 47 55 64 10 30 40 72 36 43 56 76 76 63 72 73 4 54 65 53 40 76 39
60 78 75 49 38 68 0 31 3 6 43 8 65 57 76 31 9 47 47 60 43 3 69 33 69 58 45 6 50 35 55 39 30 67 42 63 62 40 5 61 7 64 2 35 5 52 46 40 78 54 37 7 54 51 67 46 33 69 74 40 30 5 6 77 3 9 4 44 61 6 40 68 30 5 38 39 55 65 70 76 70 3 66 72 41 53 32 34 6 52 68 2 3 79 44 32 72 56 10 48 10 5 54 41 9 45 46 53 41 9 37 80 63 68 62 62 74 76 69 39 37 7 61 51 61 2 63 3 47 52 70 36 37 55 30 8 41 73 36 76 34 51 79 43 75 63 31 50 76 46
55 78 62 51 30 10 57 0 35 68 44 63 41 3 37 8 47 69 31 55 57 56 64 61 73 31 66 37 75 43 46 35 67 65 4 31 42 3 68 77 64 7 43 10 76 38 30 36 31 46 37 72 2 35 8 72 8 63 50 8 35 76 33 69 74 43 36 46 31 68 8 70 9 30 72 35 49 31 55 58 40 48 63 69 69 62 9 55 71 68 7 32 52 60 41 52 5 48 46 5 61 33 56 72 72 40 9 6 47 33 3 6 5 79 76 56 10 74 5 65 57 66 67 3 9 78 50 46 40 77 70 8 65 58 80 40 50 48 67 74 30 41 43 8 40 53 38 45 51 75
40 55 56 31 79 37 6 39 0 4 76 10 32 77 65 53 3 71 56 46 60 2 32 67 57 68 75 4 46 60 54 77 64 47 74 66 31 36 2 55 2 43 9 44 6 61 77 30 78 53 56 8 76 38 46 36 71 34 52 32 61 9 8 65 4 6 2 32 41 3 64 74 59 3 30 40 55 41 31 62 57 9 46 68 44 50 59 47 7 36 32 10 5 39 65 80 78 68 9 76 6 6 46 34 8 54 35 44 68 5 47 55 52 46 47 46 43 52 34 65 51 10 41 44 39 6 38 3 59 68 35 44 33 45 78 2 33 61 71 63 58 75 34 41 55 61 78 32 70 70
71 58 34 75 79 57 2 72 8 0 74 4 75 65 30 73 3 76 75 35 78 7 44 52 59 72 68 6 39 75 67 58 65 73 42 30 60 74 2 43 10 54 5 64 9 44 55 74 47 74 80 2 42 66 30 66 64 80 64 30 54 5 4 74 2 2 5 52 36 2 59 69 49 10 45 76 33 54 56 54 35 4 70 72 60 48 51 70 4 50 40 9 5 43 55 49 65 71 8 61 5 4 37 51 3 76 61 45 68 5 56 59 46 51 45 47 76 57 54 70 52 5 59 42 35 7 80 4 30 65 43 42 63 65 40 6 37 48 42 38 44 42 64 68 47 79 34 43 41 49
67 5 62 64 3 47 77 51 76 47 0 52 4 57 10 67 54 8 10 33 35 67 5 73 68 66 76 79 8 65 50 56 54 51 50 5 9 37 55 74 53 77 52 45 77 10 4 45 7 5 3 31 71 9 72 8 74 9 9 58 10 75 75 8 54 76 33 49 36 71 32 40 55 32 76 57 56 30 79 60 68 64 66 2 10 78 72 47 49 64 70 64 70 74 5 37 45 10 42 55 40 77 38 2 78 9 30 35 10 52 53 30 71 10 32 64 33 4 62 67 50 52 64 77 33 36 33 30 66 70 62 36 41 5 79 46 71 8 44 60 79 8 55 71 46 40 64 8 75 62
72 68 67 78 53 78 5 38 5 8 63 0 32 34 80 37 5 33 56 47 79 2 57 42 65 51 55 4 50 72 43 48 63 30 34 80 55 44 3 66 8 58 4 51 3 30 52 59 66 44 35 4 58 46 61 41 45 79 36 30 39 4 3 75 10 5 9 65 46 5 59 43 40 10 38 35 43 61 59 79 39 4 48 42 55 71 39 36 6 46 36 8 9 63 62 52 35 53 9 66 8 3 67 78 7 65 65 55 49 8 75 70 78 54 53 36 44 42 77 69 67 7 67 33 39 3 54 8 72 36 31 66 69 48 39 10 35 80 76 41 58 63 58 32 71 38 50 52 31 41
52 6 50 64 5 79 41 30 52 77 9 39 0 64 7 76 69 6 10 31 77 66 8 80 49 77 64 51 6 76 74 31 69 44 34 3 10 65 69 65 50 47 68 32 40 6 3 72 2 3 7 60 37 5 43 3 70 9 6 80 9 47 48 7 32 59 43 30 72 43 76 30 48 30 38 56 80 45 71 69 52 37 48 6 7 47 71 78 57 30 40 56 41 37 7 59 66 8 56 64 40 63 47 6 77 2 71 34 10 47 38 46 59 3 34 50 32 2 67 56 67 71 63 41 63 74 47 51 65 67 72 41 41 4 63 60 68 7 49 51 56 6 50 78 38 60 73 7 35 62
30 47 72 43 57 4 49 5 51 67 64 64 80 0 42 3 57 58 56 72 71 31 74 33 65 39 71 50 40 56 77 79 48 43 8 44 55 6 58 64 43 5 42 2 33 42 68 37 46 65 70 52 8 58 9 30 2 69 69 4 73 60 68 52 76 76 37 52 30 55 7 53 10 64 62 67 48 60 67 57 36 37 42 37 58 75 2 68 46 64 8 75 80 54 53 59 9 30 65 9 46 58 80 80 75 74 8 8 59 79 8 2 5 36 79 45 2 60 7 60 78 61 59 3 10 58 46 50 73 75 35 8 75 73 71 38 76 56 74 35 38 36 55 7 31 50 35 64 68 64
65 6 77 54 4 58 79 80 33 46 8 62 10 70 0 50 48 8 10 71 64 80 9 45 68 76 55 77 4 42 42 39 67 62 65 9 9 72 51 41 74 67 76 30 51 5 10 58 5 3 10 68 38 6 67 10 41 6 6 72 5 50 43 9 48 59 31 38 60 61 37 37 45 49 59 75 79 49 38 59 62 64 39 6 8 63 69 42 74 67 41 52 68 80 6 32 59 4 34 54 62 44 68 4 36 6 53 66 7 61 35 66 46 5 60 68 56 7 50 62 71 66 31 72 30 75 46 56 51 52 38 75 77 8 56 69 66 2 39 65 39 3 75 31 49 71 76 10 53 57
70 43 30 48 53 6 74 4 54 80 39 50 30 6 68 0 32 53 61 40 47 79 67 67 45 35 80 77 65 80 66 64 49 47 4 66 73 3 76 57 37 7 45 9 76 36 48 51 66 71 56 36 6 54 7 62 7 48 51 7 43 75 55 70 51 35 63 46 36 79 6 75 6 62 51 56 45 31 30 33 47 63 63 72 37 35 8 37 55 50 2 49 52 43 57 64 5 64 66 6 33 42 61 43 77 43 8 9 56 51 6 8 6 30 72 30 4 32 4 35 78 62 33 5 6 78 40 67 45 44 64 7 60 42 72 30 67 37 65 75 55 42 47 8 61 36 51 38 44 77
76 42 78 42 35 49 10 51 8 9 38 9 36 68 76 47 0 71 46 69 60 5 42 56 59 63 47 6 30 75 67 33 48 43 67 41 61 35 2 55 5 65 8 73 9 61 52 66 32 79 62 10 57 48 66 30 55 67 58 58 34 2 10 59 8 5 8 43 50 6 39 42 60 8 60 72 69 36 40 67 45 5 32 42 68 57 47 40 10 63 66 5 4 40 75 45 73 33 4 70 4 9 34 36 7 38 61 45 68 6 78 73 50 54 66 71 79 49 37 57 66 6 77 60 31 7 80 8 59 62 47 52 65 38 69 7 62 80 74 62 66 36 72 74 59 55 41 43 48 33
39 3 77 65 7 64 73 78 49 37 4 30 7 75 6 34 53 0 10 75 72 66 3 72 65 49 51 62 6 69 55 48 71 37 52 4 7 33 44 69 48 76 32 30 53 10 5 35 10 3 3 69 31 4 78 8 46 7 2 37 6 43 32 5 79 70 78 59 46 53 52 79 71 44 39 57 36 44 39 72 76 40 57 5 2 75 34 80 59 36 31 79 39 32 10 61 40 9 31 66 74 71 63 10 74 7 40 75 5 38 79 37 55 2 51 50 79 10 63 39 65 58 41 58 60 45 49 30 33 76 53 63 36 4 79 36 42 4 30 53 79 6 39 56 62 77 52 5 57 36
54 9 43 67 2 42 74 33 58 72 9 70 4 50 8 56 39 7 0 54 70 38 6 48 35 50 41 80 5 76 40 42 60 57 53 3 2 32 78 49 46 42 38 78 39 10 2 47 6 7 5 60 53 4 46 9 59 7 10 33 4 47 80 8 51 52 52 51 31 57 50 74 61 59 78 59 65 73 77 58 66 45 63 8 6 32 45 79 50 73 33 73 79 69 9 46 34 3 43 76 45 32 43 5 67 4 44 34 7 69 58 59 54 8 76 56 35 3 69 64 32 68 59 38 51 66 45 30 77 34 58 72 61 2 50 75 68 5 61 56 45 10 71 45 63 35 33 5 55 67
3 46 10 65 46 42 46 50 71 79 67 37 75 80 61 72 40 56 31 0 59 44 48 44 8 33 64 76 78 55 5 58 30 7 32 72 31 34 62 73 79 59 66 55 31 50 63 7 80 60 43 64 43 32 62 63 77 54 31 32 39 37 38 56 66 39 72 3 36 64 54 3 57 48 6 47 7 6 2 4 9 44 9 49 35 51 75 38 80 65 61 56 57 10 31 2 65 34 30 66 59 51 4 36 36 55 44 32 80 33 53 33 48 75 10 75 70 36 74 33 4 40 5 55 51 49 35 58 36 7 31 57 57 79 77 52 3 50 30 4 6 72 10 76 49 60 43 72 72 48
30 41 35 3 74 48 36 67 53 65 69 32 70 41 69 32 30 45 77 73 0 67 34 3 40 9 8 62 68 4 50 9 4 59 66 66 34 34 39 2 69 77 67 64 79 71 76 78 42 35 34 63 73 67 65 73 72 50 66 80 51 49 75 63 41 37 56 33 5 66 54 37 34 50 34 8 78 46 68 32 35 51 78 39 59 4 63 6 67 6 64 77 69 79 65 57 45 56 61 76 42 39 31 65 58 56 76 42 38 44 66 46 31 30 67 7 78 66 41 6 30 59 62 68 58 63 3 43 2 51 2 80 3 36 4 52 80 43 3 40 36 39 47 58 2 7 8 62 10 3
30 49 58 34 46 51 5 61 9 5 34 4 66 30 70 52 7 52 32 52 55 0 46 65 62 61 52 4 76 38 45 62 54 79 66 73 71 76 9 61 2 56 9 71 9 56 30 50 48 76 43 9 80 67 55 69 70 80 42 49 33 2 2 70 4 4 3 49 68 4 48 67 46 7 35 67 54 30 47 48 48 2 33 72 64 56 33 44 2 53 66 10 5 62 57 66 38 61 5 30 7 5 35 52 4 78 67 61 47 7 53 78 59 32 61 51 36 40 59 61 44 9 79 32 49 8 38 3 71 63 68 53 30 36 36 3 34 57 49 36 65 49 68 72 30 66 73 48 49 61
72 2 33 43 2 76 64 67 56 36 6 80 9 32 3 64 70 5 7 77 80 70 0 65 67 50 49 69 8 42 68 63 42 64 62 4 7 64 46 31 78 58 52 33 35 4 6 39 5 10 9 47 70 6 47 3 38 3 8 31 7 44 30 9 40 44 34 70 78 80 45 41 73 50 62 57 74 37 78 57 51 71 71 6 9 39 72 51 60 64 36 75 62 46 3 38 34 3 79 38 31 49 32 8 71 10 69 39 4 55 59 41 45 3 69 73 42 9 78 65 49 48 45 41 50 47 59 77 68 51 35 50 39 10 67 63 37 8 78 36 65 10 66 53 66 59 34 7 33 57
39 59 34 3 45 49 54 44 37 69 49 80 59 34 80 61 30 77 45 48 5 31 46 0 48 5 6 75 68 3 58 8 8 63 50 50 39 65 45 2 40 41 68 50 58 34 36 76 70 50 35 47 51 37 34 36 75 66 78 77 77 64 66 77 58 61 35 46 9 54 31 65 52 46 61 9 43 39 51 78 52 49 77 57 32 5 43 9 50 7 38 70 68 36 62 71 65 50 52 46 61 46 57 41 65 50 52 80 46 40 43 56 78 34 64 2 66 33 46 8 58 53 31 61 68 75 8 59 3 43 7 38 4 77 6 73 69 43 8 45 65 56 44 50 7 3 10 56 7 4
2 67 7 52 71 64 34 59 64 60 37 60 40 40 32 71 50 45 45 6 50 34 50 69 0 80 60 55 76 50 6 31 75 2 52 78 60 41 30 46 38 49 69 43 39 77 42 2 52 79 73 53 50 37 79 63 71 38 69 42 38 75 67 35 46 52 36 8 68 62 64 9 32 59 4 80 5 10 10 5 7 34 4 56 42 75 62 50 73 74 62 60 75 3 37 5 77 35 43 51 41 39 3 72 49 79 46 38 41 35 79 68 38 35 5 79 41 35 39 38 2 66 9 30 50 65 36 37 69 4 54 61 40 44 32 56 9 54 39 5 9 56 4 32 62 63 57 37 61 43
67 42 39 9 56 71 36 76 42 54 45 71 30 73 50 40 45 80 50 58 7 57 58 4 35 0 8 64 59 2 58 4 2 49 63 41 50 69 54 10 48 61 79 50 53 50 54 34 44 35 34 43 71 36 75 53 74 50 61 77 72 76 45 52 31 39 52 37 7 71 43 57 61 57 51 7 41 61 63 47 47 47 78 71 34 6 59 3 40 7 54 53 33 50 47 49 73 78 49 68 35 73 76 33 53 47 56 31 39 63 61 62 69 68 73 6 39 47 35 7 69 77 51 31 37 68 9 34 10 68 4 69 5 35 4 45 74 49 10 68 60 58 36 78 10 10 9 33 5 2
54 42 46 4 70 57 66 42 34 48 76 62 61 47 38 32 32 45 30 59 3 54 57 5 70 6 0 61 37 2 44 6 9 66 68 70 61 74 65 3 49 37 65 73 36 65 65 65 76 71 74 36 68 45 45 35 69 54 73 48 72 32 49 49 67 72 54 40 3 52 31 36 45 67 50 5 49 63 71 30 62 39 57 44 73 2 71 7 42 4 72 34 52 59 33 69 32 79 58 37 67 39 57 68 39 30 49 48 32 60 31 64 59 62 59 7 78 49 42 6 68 32 79 41 59 35 2 50 7 59 3 48 6 30 2 70 48 30 3 57 59 52 36 69 10 7 5 71 9 6
37 34 30 52 41 61 7 69 7 10 37 2 44 41 61 35 2 36 65 60 43 4 41 80 47 66 70 0 76 31 75 59 77 78 60 75 30 47 6 59 3 42 3 73 7 75 74 72 39 53 73 3 69 46 39 74 63 42 74 67 57 8 5 35 3 9 6 59 46 2 55 69 53 4 41 32 38 74 60 34 75 10 41 45 35 80 48 36 7 71 61 9 10 75 67 41 74 44 3 80 10 9 35 38 8 63 30 31 30 8 69 68 73 79 73 66 79 73 35 32 78 9 57 46 34 10 34 2 33 66 57 61 43 40 65 9 39 60 57 72 61 80 77 32 74 69 64 33 39 51
57 9 35 57 5 63 74 63 48 45 6 52 3 34 4 68 43 5 8 65 59 36 6 53 45 80 69 31 0 30 53 65 75 56 72 6 9 73 52 74 43 37 60 31 40 5 3 45 5 7 4 72 52 10 68 6 33 8 4 46 8 67 65 3 37 41 69 66 78 35 56 69 66 59 77 51 54 44 61 44 36 74 40 4 5 32 41 47 79 72 57 39 44 65 6 35 34 10 45 80 77 58 69 9 31 4 55 47 5 62 79 73 43 5 42 65 56 10 46 57 57 61 65 46 42 65 80 30 77 54 57 38 65 6 35 38 37 3 57 60 41 8 49 55 43 32 34 5 54 54
46 54 42 4 48 30 44 38 79 70 78 55 48 57 67 31 46 44 41 37 5 49 71 5 76 6 6 66 45 0 45 10 2 60 60 74 73 59 53 4 62 52 70 50 57 46 73 63 44 57 42 49 41 38 51 57 44 54 63 34 38 61 31 59 70 75 72 65 2 33 41 78 75 56 37 8 51 78 54 37 42 40 48 55 49 3 60 9 53 5 69 51 62 42 50 52 73 74 73 80 61 39 71 35 38 65 40 49 42 55 45 34 64 30 45 4 70 56 63 7 33 70 80 79 68 78 6 61 5 79 4 59 10 35 6 41 68 73 9 53 69 33 64 52 5 9 10 73 5 4
4 60 10 53 46 76 61 46 37 34 38 61 78 58 34 73 61 72 55 3 76 32 76 35 4 67 64 50 76 73 0 34 46 4 44 43 31 66 77 49 45 59 31 52 58 80 68 8 38 30 74 36 51 31 45 46 48 60 42 64 67 72 72 36 65 48 72 9 71 30 57 8 37 79 3 73 9 7 6 7 6 67 9 48 47 59 67 72 36 38 44 57 44 10 49 6 45 51 53 53 79 32 7 77 71 70 60 76 65 57 69 62 62 65 9 58 57 73 54 75 6 77 3 47 37 50 54 55 42 4 72 30 74 36 56 71 3 78 62 3 10 36 10 80 43 69 76 32 60 33
59 67 35 4 62 69 47 33 62 47 69 56 44 77 61 30 58 45 61 64 9 38 34 2 40 9 6 50 54 5 53 0 7 35 40 68 59 46 57 6 40 45 56 53 68 75 34 43 39 30 58 68 35 63 75 72 36 70 37 40 32 61 61 79 41 50 42 33 4 80 31 64 33 50 77 7 46 39 58 63 68 54 39 68 58 6 67 8 65 2 71 35 58 65 42 70 75 38 69 56 68 61 45 64 38 67 54 76 79 79 48 42 57 69 54 10 80 48 43 3 66 32 48 78 50 50 6 69 9 62 4 51 8 76 8 63 61 47 10 40 66 53 74 69 6 3 10 46 9 6
41 56 48 10 48 69 63 48 61 75 46 45 36 46 71 68 80 56 44 54 3 70 64 4 41 3 9 41 71 3 74 4 0 59 47 79 78 56 60 6 63 70 75 49 43 55 69 48 68 65 54 77 60 33 47 52 79 76 56 78 64 74 67 62 31 52 72 59 10 32 47 59 80 47 53 10 54 66 64 77 35 67 58 58 67 10 79 8 67 8 34 54 36 65 54 35 78 32 57 68 49 33 64 68 80 74 71 32 58 36 47 30 71 62 40 3 54 55 67 5 65 46 57 38 71 69 7 47 5 39 7 75 9 51 5 72 50 41 2 65 35 69 51 69 9 10 7 42 4 7
5 48 9 66 65 64 65 39 55 78 73 48 80 33 79 31 56 62 31 3 60 70 80 35 9 80 35 46 72 52 10 60 49 0 58 52 75 53 76 34 51 68 78 49 32 35 43 7 67 35 30 30 76 51 40 80 45 54 31 78 74 46 75 67 64 37 75 2 34 78 48 3 45 35 10 76 2 3 4 3 6 72 5 65 73 64 56 70 53 37 44 73 45 2 72 6 53 70 47 50 40 47 7 70 44 37 56 63 38 34 41 74 56 73 9 73 47 68 54 61 10 42 10 38 57 40 59 50 67 2 49 67 36 68 37 69 8 59 65 10 3 73 3 39 32 62 77 68 47 79
73 59 35 52 37 7 79 8 47 76 56 74 72 3 60 8 65 39 32 45 73 68 42 72 52 42 36 64 38 49 36 51 73 71 0 36 44 3 71 54 78 8 37 2 73 75 73 43 33 30 43 42 9 50 4 56 6 79 35 2 73 59 67 76 65 33 43 41 80 35 4 41 7 60 30 76 79 36 61 80 80 73 68 65 68 55 8 79 72 52 8 72 57 62 78 47 10 44 70 4 46 59 66 64 50 63 3 6 59 78 6 5 9 51 30 70 6 48 4 44 40 61 44 6 7 30 50 73 46 59 75 10 76 59 39 41 79 44 57 74 37 80 79 8 47 55 34 45 78 32
68 4 53 56 6 60 44 58 74 77 6 79 9 73 3 57 80 9 3 67 64 45 10 74 54 63 53 64 5 70 69 57 76 48 52 0 3 46 47 77 54 39 54 43 76 5 2 71 5 3 7 74 71 10 53 3 65 6 7 33 2 47 46 5 64 42 65 62 53 55 33 78 80 67 48 70 53 55 61 62 66 30 80 5 4 57 49 43 47 68 32 57 45 66 6 79 35 6 38 30 43 71 42 3 36 2 63 61 9 48 40 48 31 3 51 46 43 7 66 53 73 69 64 69 73 61 32 37 36 74 41 58 71 8 33 76 72 9 32 56 58 5 30 70 60 64 37 3 68 48
39 9 36 59 8 44 55 49 61 41 7 66 4 66 9 61 77 9 3 35 59 78 10 66 80 38 80 38 10 64 44 49 43 78 52 7 0 50 68 43 64 44 48 43 58 4 7 63 5 7 4 32 63 6 71 3 39 8 9 67 3 73 46 4 37 73 57 46 61 67 66 47 47 71 43 66 33 68 40 49 75 77 43 3 8 78 67 35 39 74 44 50 63 74 8 36 60 2 60 49 46 52 40 7 80 2 73 45 8 39 46 30 58 2 74 62 32 5 38 75 42 58 69 72 42 72 42 64 33 56 32 53 34 4 49 46 63 5 36 39 30 5 47 30 44 61 33 4 50 42
53 55 77 78 54 7 72 9 80 56 38 62 77 2 67 10 80 35 50 39 55 76 67 68 62 43 46 69 73 56 70 39 55 45 7 74 65 0 38 65 32 6 71 3 68 56 43 36 34 61 65 58 7 63 3 42 2 33 33 8 47 30 66 46 69 80 47 31 34 57 4 30 10 70 31 43 56 52 63 40 40 50 44 66 77 64 6 52 49 35 10 64 34 46 40 72 8 40 69 4 73 78 58 33 66 48 8 6 47 65 8 6 2 46 80 59 4 30 2 80 64 80 47 9 6 64 77 65 74 37 73 8 56 56 43 75 43 55 35 63 35 65 48 5 30 78 39 78 45 47
46 44 53 64 59 51 3 57 4 8 36 6 75 80 77 54 8 65 67 79 61 2 64 58 38 32 56 3 39 79 42 34 39 56 78 39 57 39 0 79 2 58 10 42 5 54 30 71 61 51 60 4 65 79 52 30 77 49 71 71 35 6 4 48 7 8 7 35 61 5 74 65 78 9 46 58 58 78 58 65 75 4 77 77 46 37 56 80 3 65 64 8 7 52 37 72 78 70 9 70 8 8 71 50 5 34 33 59 58 7 65 79 78 44 63 43 61 45 50 53 74 10 53 36 45 10 61 5 36 65 44 71 47 38 68 10 33 50 59 49 42 41 77 67 52 79 65 35 53 44
58 44 71 2 39 34 48 60 53 48 77 56 68 57 47 38 53 42 36 67 10 44 73 10 52 2 10 50 54 5 73 4 9 67 51 36 70 59 57 0 40 73 47 44 37 76 71 36 49 68 38 79 70 49 64 64 68 47 57 43 44 73 68 59 35 75 47 48 6 35 58 45 75 51 68 6 31 79 50 80 41 69 47 78 74 4 76 4 32 4 40 40 41 52 47 36 34 67 36 75 63 39 49 65 70 36 45 74 68 68 44 65 47 39 42 5 61 38 42 5 39 50 68 64 30 41 4 73 8 48 5 42 3 63 6 74 75 58 6 37 53 56 35 59 10 3 7 58 7 5
30 61 51 67 68 45 10 75 6 8 60 8 43 43 69 53 7 64 48 76 61 10 72 56 60 43 56 7 66 48 54 43 54 78 45 33 48 53 7 40 0 70 10 42 7 52 73 71 68 55 32 7 47 38 51 72 31 66 67 59 65 2 5 68 10 2 2 34 56 2 40 40 35 3 67 58 56 31 46 53 67 10 60 76 59 45 76 67 4 79 48 5 6 77 37 64 46 33 2 61 10 7 36 40 9 53 59 36 55 6 65 49 51 34 42 62 80 80 57 72 55 3 32 59 36 2 73 5 37 59 75 53 60 72 42 4 74 67 47 57 56 56 57 44 35 60 61 78 44 75
33 34 40 62 65 2 78 8 80 65 48 36 62 3 62 6 58 65 73 52 59 47 37 52 37 52 79 65 74 43 43 43 53 79 9 54 52 4 75 60 38 0 49 6 35 69 69 63 56 39 50 56 5 62 9 43 6 80 59 4 39 34 35 49 71 63 69 76 63 74 8 39 6 47 78 35 59 62 73 53 51 71 67 50 74 50 8 75 33 58 2 71 38 37 77 71 10 43 46 5 73 40 36 58 32 50 3 10 52 63 4 7 10 76 67 64 5 54 5 38 30 48 65 8 6 47 70 72 46 48 30 9 72 53 78 58 32 34 38 35 37 47 57 7 77 32 52 59 55 54
40 60 52 31 77 33 3 64 2 10 78 8 76 35 41 47 9 42 74 60 56 3 46 79 44 72 79 3 66 49 62 69 51 58 37 40 55 60 7 69 8 48 0 39 5 80 75 62 74 56 40 9 38 65 61 53 70 72 52 66 34 5 7 52 5 10 2 60 33 5 66 56 48 2 46 58 51 74 45 38 33 6 59 46 44 58 43 62 5 74 59 9 3 66 76 50 39 33 2 68 7 10 72 78 7 32 67 39 51 2 49 51 78 30 40 36 72 31 71 45 74 4 50 44 41 3 61 7 50 79 78 60 40 76 69 2 49 35 71 63 73 47 65 63 52 36 70 37 50 43
45 63 55 47 30 2 51 10 52 48 58 67 50 9 56 2 57 53 61 74 40 54 65 75 80 41 56 43 58 64 71 71 61 46 7 47 72 9 68 68 59 6 44 0 34 41 60 56 31 30 32 35 8 57 9 42 10 47 63 4 36 73 72 67 35 80 43 37 65 38 2 77 7 36 36 72 48 80 47 47 42 58 70 59 37 59 2 76 53 34 6 69 56 34 57 49 8 69 64 8 40 38 76 66 67 80 2 5 48 31 4 5 7 69 77 50 9 70 10 49 42 55 35 6 6 73 60 49 37 48 50 4 66 71 43 38 76 66 37 30 46 43 42 6 45 75 75 73 52 44
75 44 50 70 34 80 9 44 8 9 42 8 53 72 57 33 7 62 56 57 49 10 49 75 78 63 31 6 63 52 44 76 43 77 54 30 59 39 2 54 10 75 6 62 0 72 40 47 35 46 69 3 77 68 36 65 50 41 62 49 49 3 5 61 7 6 5 42 58 8 38 65 62 7 43 56 50 38 57 65 45 10 60 62 55 32 60 59 4 43 35 2 10 58 35 60 72 37 9 35 9 2 71 77 5 72 32 61 35 2 68 75 79 37 67 59 41 30 45 76 60 3 47 54 74 6 66 6 55 42 49 33 77 58 44 10 33 52 50 64 30 68 58 43 44 42 65 65 55 80
59 9 36 47 8 41 56 35 75 61 8 63 5 58 3 68 80 5 2 35 51 57 4 57 30 53 48 75 8 54 34 71 78 32 75 5 4 67 74 73 61 76 64 60 48 0 5 66 3 6 7 79 61 8 70 8 51 3 9 80 2 66 62 7 61 76 55 74 33 30 58 68 63 47 68 76 55 75 69 72 59 67 63 7 3 63 55 36 57 57 45 33 42 66 9 37 53 4 52 54 43 40 59 6 53 9 54 31 5 78 60 61 54 8 50 76 69 5 39 51 67 55 45 77 49 31 57 67 30 78 77 54 38 3 44 33 57 4 62 43 60 6 45 79 53 77 49 8 41 72
51 5 43 54 5 34 54 54 78 44 3 33 9 77 5 37 73 10 4 50 59 72 4 48 69 45 67 52 10 32 58 60 30 73 42 7 7 61 39 60 67 50 64 40 69 8 0 66 10 3 8 66 69 3 64 5 72 2 6 31 7 66 51 4 39 67 62 51 57 60 34 46 69 61 58 64 42 63 36 77 54 52 53 9 4 48 37 68 38 63 68 41 35 40 10 79 39 5 60 75 77 54 68 6 68 3 70 66 10 59 77 76 40 10 39 66 39 7 46 68 50 66 55 63 56 44 78 80 45 79 78 71 60 4 67 76 42 8 42 54 75 2 61 41 55 60 32 5 58 33
3 56 7 65 38 69 60 53 36 38 76 70 77 45 47 78 59 59 43 3 45 73 38 50 3 80 75 51 68 72 10 48 37 5 47 62 49 44 56 59 67 66 33 69 48 37 75 0 70 66 53 44 50 71 49 42 41 52 57 37 77 40 44 78 69 60 56 7 80 78 37 4 37 37 2 74 8 5 2 2 9 59 5 38 61 46 32 39 76 70 52 68 35 2 69 5 60 59 49 80 61 73 9 80 62 44 52 73 39 75 33 65 40 66 4 78 51 57 37 61 7 63 4 69 38 76 49 79 77 7 79 45 35 70 37 68 6 53 46 7 4 69 2 56 38 74 47 71 60 57
44 6 40 69 6 41 46 59 55 68 5 41 2 49 5 33 65 7 7 76 54 72 4 54 32 30 59 49 3 66 65 67 47 68 59 9 3 40 49 67 30 68 65 61 80 9 4 58 0 8 6 35 75 2 43 10 56 8 2 50 5 60 56 7 45 43 63 31 77 31 80 61 70 33 50 52 30 61 68 35 30 32 57 6 8 62 76 47 35 36 44 62 66 51 10 72 77 2 33 54 68 77 46 4 75 7 75 77 2 33 31 72 74 9 67 41 74 7 65 71 46 78 63 64 36 51 66 78 70 46 33 71 68 2 32 75 31 3 34 31 63 5 63 79 38 63 59 4 33 54
42 5 67 55 4 72 31 44 70 40 7 34 4 57 6 52 58 10 9 50 49 50 9 45 31 47 76 65 3 59 32 47 78 58 60 8 4 31 43 60 71 64 48 71 36 6 3 60 7 0 6 53 59 6 68 10 48 10 4 69 8 80 51 7 30 49 73 47 49 31 38 75 40 80 30 46 77 57 53 79 38 53 53 5 2 68 80 58 46 45 33 36 75 55 5 36 44 6 45 34 53 59 70 9 59 2 45 71 3 49 32 51 71 4 50 80 79 6 59 51 77 75 48 30 32 66 51 69 73 72 79 51 49 4 50 32 49 3 41 78 30 7 30 75 69 53 43 2 72 74
56 6 74 53 6 80 41 47 64 50 3 76 3 66 10 75 77 5 8 31 37 55 6 36 67 52 72 64 2 46 61 43 53 72 37 9 4 37 58 58 31 52 66 46 66 3 10 60 4 7 0 34 68 8 46 4 33 10 9 77 2 46 76 9 37 53 69 69 56 30 39 71 55 69 56 37 55 49 68 50 34 52 57 9 4 63 33 58 67 67 75 65 73 37 4 67 80 5 41 63 75 69 71 6 43 2 45 71 5 68 34 54 46 5 72 79 58 2 44 57 66 48 36 60 79 75 57 41 34 60 38 74 38 4 64 63 75 9 31 71 34 2 65 56 46 38 70 6 77 80
74 78 54 75 35 66 7 41 8 9 69 4 52 58 73 64 8 49 71 49 36 6 50 43 57 69 59 8 50 61 31 30 59 51 37 74 62 58 3 80 2 39 9 46 6 46 32 62 31 35 59 0 45 58 50 60 40 77 55 65 33 7 9 39 3 4 3 42 47 10 49 42 62 7 68 51 56 69 63 32 70 4 47 73 51 73 57 67 8 51 51 10 5 76 63 36 62 45 9 60 10 9 31 69 6 65 73 63 44 4 76 31 66 74 52 61 30 64 36 76 74 9 49 64 40 8 41 3 79 61 47 56 51 62 56 4 70 73 75 63 74 71 66 46 71 77 49 44 63 67
35 78 45 30 57 10 39 3 73 38 43 68 43 4 57 7 60 53 50 75 30 50 43 79 31 38 62 69 65 73 44 49 48 33 3 71 61 7 33 38 72 5 32 2 65 61 56 34 78 34 60 32 0 50 4 53 3 65 69 9 78 33 70 30 70 48 64 66 74 69 6 50 8 61 77 73 44 68 62 58 69 55 44 48 80 76 6 30 48 58 7 34 58 45 41 52 4 33 43 8 54 79 43 66 62 69 8 2 34 38 2 7 2 78 70 52 4 32 3 40 50 66 59 7 9 54 47 70 51 32 38 2 48 76 70 43 42 40 69 37 77 66 54 7 44 62 46 36 51 66
31 7 71 51 2 77 60 65 78 64 4 69 4 51 4 78 70 5 5 42 72 79 9 34 38 36 76 41 6 41 65 34 54 63 57 5 9 35 61 73 80 60 47 55 43 7 5 79 6 10 8 65 66 0 61 6 55 10 6 61 9 36 66 8 74 49 80 66 59 33 61 80 73 74 46 38 41 47 77 67 50 30 47 7 4 41 42 53 31 49 77 50 67 64 6 49 72 3 64 78 37 55 72 6 46 4 64 51 6 75 66 73 76 8 67 62 41 4 78 51 48 51 80 34 39 47 38 75 34 33 80 66 35 6 63 65 75 4 33 64 54 4 79 71 48 57 80 7 73 71
66 35 50 30 53 4 47 5 70 53 41 47 51 8 62 2 32 58 74 36 47 72 52 50 60 37 60 44 51 39 38 74 58 53 9 66 75 4 70 80 64 10 53 10 63 63 30 80 52 63 53 48 3 59 0 74 2 40 33 9 77 64 75 59 77 68 42 79 65 41 3 31 6 79 64 30 63 73 57 54 80 52 44 33 45 58 3 41 79 42 7 32 49 79 70 58 10 64 55 3 51 37 62 70 79 52 4 5 78 38 3 3 5 50 56 75 2 75 7 60 56 79 67 6 5 49 51 77 50 77 57 6 35 69 59 60 30 67 66 30 66 59 36 8 63 63 31 53 53 46
72 10 78 52 9 77 38 54 73 56 9 32 5 56 4 69 79 4 9 32 34 58 5 31 76 73 77 79 2 54 35 33 75 42 30 8 8 36 66 74 54 33 59 58 79 4 8 63 7 6 8 72 57 10 43 0 38 4 5 40 2 44 61 10 64 58 48 72 52 57 42 73 39 71 70 56 65 44 65 54 70 76 42 2 2 58 63 58 69 64 37 45 41 65 6 57 49 3 75 43 33 57 54 3 43 7 61 67 5 55 43 57 74 3 59 53 49 9 56 48 56 53 37 76 78 67 33 40 63 61 37 41 48 2 73 79 62 6 73 72 73 2 38 58 30 48 47 5 78 38
58 53 33 58 70 9 59 8 49 68 47 57 72 6 49 4 70 32 60 80 69 75 72 70 31 48 63 45 57 65 80 67 45 48 3 40 58 7 60 61 80 6 32 2 80 78 30 42 40 64 72 78 9 79 6 43 0 34 75 9 73 77 75 50 65 41 51 37 49 30 5 44 4 69 57 43 40 80 42 67 31 36 73 65 42 34 7 69 80 45 4 42 45 80 68 65 9 36 68 2 75 43 59 67 43 76 4 5 72 31 3 8 5 72 49 59 9 42 10 41 36 68 60 3 7 71 60 48 46 63 40 9 72 41 79 37 51 65 50 42 67 39 76 7 70 57 60 43 35 62
65 9 55 67 2 42 69 65 78 55 10 50 3 80 10 64 39 9 3 52 49 78 4 50 54 56 33 57 5 32 57 64 41 68 57 3 6 52 46 46 77 45 55 80 61 10 8 35 4 5 5 66 39 3 54 5 44 0 10 50 5 39 73 4 80 31 73 56 56 77 42 76 31 48 30 35 33 51 56 64 59 69 72 2 9 47 60 66 55 65 41 44 50 69 4 48 53 2 60 73 41 56 75 9 37 7 75 69 5 74 67 47 80 7 80 67 48 9 39 80 73 51 74 38 41 55 64 54 70 43 38 63 69 3 64 49 33 7 54 42 70 3 48 68 52 56 69 7 32 62
66 10 66 77 10 52 34 67 40 44 4 74 9 47 3 77 46 5 8 61 38 74 4 50 71 43 69 39 8 75 30 68 39 60 68 6 2 58 59 34 30 56 56 39 69 9 9 60 4 9 4 79 78 4 39 5 68 7 0 38 6 51 31 10 54 47 47 31 66 59 66 35 46 47 73 63 37 72 33 51 46 64 76 4 9 69 69 33 39 53 44 39 39 40 9 70 53 3 50 69 47 56 67 4 50 4 60 76 6 72 59 60 60 9 32 80 44 6 39 59 40 67 48 38 61 70 52 56 40 74 35 42 79 9 66 77 62 7 78 65 45 10 52 77 30 74 77 6 31 56
73 75 56 70 39 9 57 4 70 52 61 48 41 2 49 8 41 35 34 31 57 61 39 67 63 37 77 51 58 63 32 36 56 44 2 57 64 4 79 62 76 10 61 8 64 43 51 34 72 42 47 32 9 60 10 40 5 68 62 0 70 70 33 30 36 36 44 52 50 69 6 44 9 55 35 51 61 80 31 58 56 40 72 57 78 64 2 75 76 64 3 67 32 78 30 69 6 60 48 4 71 43 34 32 51 51 4 10 33 79 10 8 5 31 65 64 3 32 10 46 73 78 69 10 9 40 44 43 47 43 48 8 52 76 43 37 40 72 64 72 55 74 55 8 32 30 68 53 75 48
40 5 45 51 3 40 60 35 66 30 9 70 6 54 5 48 79 8 2 79 67 68 10 54 73 80 60 46 8 36 32 78 32 36 66 5 4 48 67 49 41 74 78 45 71 9 10 34 3 6 6 35 65 3 67 4 45 8 2 80 0 56 48 4 58 75 68 32 56 66 62 67 56 39 35 71 47 45 52 43 38 46 36 5 7 64 64 38 69 57 61 54 71 51 5 79 48 4 42 60 68 67 51 6 61 9 79 33 8 56 32 30 69 2 47 58 30 9 42 76 80 70 42 51 43 52 50 77 62 64 60 47 53 4 58 36 57 4 61 47 49 10 53 71 64 77 35 8 34 44
36 61 50 31 57 70 10 33 8 4 47 2 63 32 39 36 9 75 51 51 76 9 80 68 41 75 55 2 44 50 69 32 36 57 43 58 62 69 6 34 4 45 7 43 9 48 62 52 75 64 79 2 60 74 69 57 68 31 32 56 74 0 7 70 3 6 8 32 68 4 75 32 69 3 62 68 78 52 41 41 51 10 49 48 71 78 38 52 10 34 41 2 3 68 61 30 72 30 6 54 9 8 55 63 9 52 80 74 49 8 38 48 75 68 75 80 77 34 58 69 55 2 51 70 34 8 48 8 80 39 60 53 47 48 65 5 38 32 44 54 30 49 60 59 34 39 77 59 56 48
40 45 60 47 76 77 10 65 4 4 77 3 43 80 78 34 6 63 59 30 70 10 47 55 57 59 48 6 58 38 36 68 49 50 66 79 58 77 10 72 9 58 4 30 5 62 56 35 32 66 74 8 72 71 37 42 30 75 30 75 66 6 0 31 9 10 3 33 63 3 64 36 48 5 68 69 55 32 63 45 53 9 70 74 74 48 42 44 3 37 61 3 5 61 50 58 64 80 5 74 10 6 33 63 5 71 45 40 75 4 55 53 60 80 60 33 45 68 73 56 45 10 50 59 30 5 77 2 48 56 32 64 41 46 75 3 65 62 77 51 60 38 69 35 44 55 68 38 38 72
55 8 47 65 6 79 69 43 67 74 10 38 4 78 5 63 71 8 7 69 39 79 10 53 34 67 67 57 4 34 61 55 37 50 49 4 5 66 49 50 41 44 36 40 78 8 5 62 4 9 5 42 54 5 59 9 66 2 8 40 10 42 52 0 51 45 55 77 52 72 54 38 48 61 32 50 53 43 32 44 31 39 47 8 6 67 77 62 40 46 77 38 65 78 8 36 63 3 46 35 45 67 68 6 44 6 30 56 4 44 42 37 72 4 60 47 40 10 66 64 76 34 76 61 46 42 42 68 43 71 40 59 51 8 33 52 54 10 70 47 31 4 49 65 64 48 50 8 34 43
46 71 78 54 61 71 9 55 6 2 39 9 53 38 32 40 4 76 73 36 45 2 78 72 33 44 56 5 55 33 49 78 32 73 30 80 35 60 7 71 6 44 7 45 2 49 35 58 53 47 58 10 67 60 33 30 50 34 69 66 38 7 9 30 0 2 5 60 80 3 75 64 77 6 64 62 74 72 30 54 41 4 54 49 58 48 72 51 10 33 68 3 9 60 54 53 50 75 7 61 6 4 64 40 8 46 79 72 77 5 51 51 37 59 66 73 58 60 40 70 41 4 61 58 65 8 49 4 59 62 61 79 54 61 68 9 80 68 53 67 49 66 47 30 48 38 47 39 55 46
74 39 74 54 43 56 7 73 3 5 49 3 47 59 47 74 7 52 60 74 53 4 73 54 40 70 54 2 69 57 57 70 54 76 31 49 46 59 6 74 5 42 5 36 4 58 61 63 49 52 79 3 30 67 46 79 72 74 56 72 40 3 5 79 6 0 9 53 49 9 50 48 47 5 70 70 69 68 52 56 50 6 36 69 60 39 74 46 9 45 38 5 5 78 50 77 51 36 6 73 2 4 78 66 8 68 32 39 72 10 77 70 56 37 68 39 69 46 38 36 48 10 75 34 79 10 33 9 46 74 72 48 61 75 70 2 51 35 71 39 35 44 73 70 67 58 38 31 61 58
76 37 58 38 51 49 5 79 3 2 71 4 44 36 39 33 9 76 39 74 37 2 62 63 58 34 46 8 78 41 69 50 44 34 42 48 46 51 6 50 9 47 2 40 9 42 44 74 55 47 58 9 47 60 35 45 67 33 55 68 37 9 5 73 5 2 0 32 49 6 69 56 55 8 78 77 34 53 76 80 55 3 38 67 40 42 45 55 3 60 47 8 5 71 41 36 42 56 4 45 7 3 30 65 4 78 75 30 61 5 30 58 79 62 79 56 51 70 80 36 60 4 74 45 62 9 51 10 67 80 57 42 35 75 65 9 66 34 52 72 58 37 65 50 41 37 67 41 52 71
8 55 2 70 30 55 68 33 70 75 52 57 45 60 67 74 35 35 49 3 80 43 30 78 5 76 44 67 41 34 4 43 79 9 74 63 53 47 60 66 58 78 54 58 52 34 34 3 42 69 51 77 67 73 73 56 46 35 40 61 36 68 57 49 65 71 68 0 42 61 39 5 68 30 4 38 10 10 2 3 8 52 3 31 56 38 36 37 47 71 65 51 42 7 77 4 52 57 34 57 75 65 4 77 36 52 63 51 79 64 44 33 49 37 7 77 30 40 52 78 6 51 8 74 62 53 58 40 59 6 40 51 61 55 43 70 10 30 33 3 4 34 7 71 51 52 64 62 44 62
80 50 73 8 68 40 72 52 57 41 42 33 68 51 39 74 45 42 76 58 8 70 64 8 55 5 6 58 80 8 42 5 8 40 71 60 59 71 53 5 68 42 53 56 76 65 36 47 55 37 34 77 52 55 44 71 56 35 74 42 46 44 52 31 48 76 76 53 0 42 36 42 33 58 54 6 73 40 58 49 61 73 38 30 80 3 57 6 63 6 70 66 39 62 50 39 59 32 54 58 59 43 34 74 76 39 64 53 31 65 33 56 80 52 74 6 62 38 33 8 54 72 38 48 65 36 3 75 7 41 2 41 5 43 8 43 71 37 9 57 57 48 42 52 5 10 7 38 4 8
55 55 41 60 41 47 6 41 7 3 63 10 73 53 54 64 9 60 64 32 35 5 53 33 64 73 73 10 49 35 58 65 55 80 47 38 45 49 9 36 8 61 8 35 10 76 55 32 70 74 53 2 55 70 71 36 46 74 76 40 33 10 3 38 7 3 8 33 45 0 60 53 30 3 63 78 41 45 69 65 48 5 80 77 61 62 43 32 6 37 69 9 6 59 58 50 80 39 2 71 7 8 73 42 8 58 56 62 51 10 55 40 34 49 39 56 72 75 47 43 48 7 77 48 68 5 35 4 80 31 40 76 75 74 40 2 32 40 38 45 52 68 76 70 68 59 67 52 35 74
67 71 40 35 77 7 44 2 49 57 77 55 66 4 53 2 53 63 61 72 32 31 48 50 68 59 44 60 76 72 78 41 55 63 8 38 34 6 30 53 77 3 65 4 52 74 74 69 80 43 32 78 8 62 8 30 4 77 67 9 52 42 35 51 35 54 50 44 78 55 0 57 6 67 38 73 41 57 43 66 62 39 38 51 33 56 3 59 66 50 4 37 57 70 43 57 6 53 62 9 61 68 32 62 49 41 10 5 71 47 9 3 4 54 48 70 7 46 4 56 41 48 75 8 9 63 68 77 35 36 59 10 71 75 52 49 59 44 53 56 50 65 65 3 52 69 31 55 44 73
8 33 9 61 78 33 53 72 76 77 50 80 78 60 67 70 49 31 62 2 50 42 38 42 7 43 80 39 45 37 7 69 64 6 31 80 69 65 76 33 55 56 43 44 62 30 32 8 59 32 63 35 33 47 77 30 52 72 74 78 35 50 55 68 37 80 42 6 39 40 74 0 33 60 9 76 5 6 2 9 8 35 3 68 53 52 44 46 63 75 64 54 62 2 32 4 50 78 49 34 75 48 4 75 45 80 77 35 59 30 80 34 44 37 10 47 43 65 32 74 6 32 7 73 48 37 34 43 46 4 70 43 64 38 75 46 2 33 60 10 4 79 6 46 63 61 33 56 45 73
79 71 76 46 31 8 36 8 37 48 41 36 78 9 57 9 43 47 60 78 39 41 74 35 34 65 46 37 54 79 70 73 53 37 8 44 58 6 71 50 56 8 48 9 34 39 71 49 60 32 58 33 8 61 4 36 3 45 72 10 44 42 64 34 63 62 51 34 64 73 10 67 0 53 65 48 32 54 66 61 76 38 65 51 34 65 7 51 33 64 6 32 54 68 56 45 2 62 62 4 54 75 46 44 31 51 9 2 78 65 5 5 6 54 49 73 5 57 9 43 65 69 53 2 8 40 79 57 71 70 44 8 50 59 62 47 47 60 55 59 46 50 61 7 46 53 41 56 34 57
46 71 78 57 78 71 3 77 2 5 62 7 45 42 43 37 2 37 76 48 61 5 78 62 47 76 77 2 62 67 40 67 60 75 61 45 56 32 8 77 6 52 8 39 9 71 64 69 53 39 78 9 35 67 59 73 67 48 55 59 71 8 3 48 2 10 5 73 45 5 41 67 66 0 32 53 65 62 35 64 63 7 53 53 44 50 77 43 9 32 53 10 9 41 52 64 70 54 4 65 7 6 58 44 2 74 64 65 78 10 63 43 70 64 66 65 62 73 57 47 69 4 54 63 59 3 35 7 31 77 65 60 37 33 79 3 45 73 51 53 50 69 34 63 53 51 43 34 73 76
4 39 8 54 48 63 69 73 47 68 77 33 48 36 47 53 78 78 46 3 41 54 47 70 4 61 37 61 33 34 2 56 74 4 42 30 59 47 34 34 30 80 63 37 39 33 35 10 68 54 54 52 77 66 46 77 60 53 71 43 63 58 73 30 32 54 58 7 52 31 37 3 59 68 0 59 8 10 8 3 6 39 3 71 60 47 36 56 45 63 44 42 61 6 57 2 37 46 75 32 54 72 4 40 31 33 71 57 37 52 76 62 63 40 5 32 78 74 71 73 7 37 7 43 38 72 79 51 44 2 38 56 65 65 70 74 6 74 60 4 7 55 8 62 77 58 76 68 35 58
39 48 51 8 58 52 45 55 31 49 46 62 71 48 33 55 60 43 53 80 5 35 71 10 30 2 9 76 39 9 38 4 3 37 49 37 75 52 63 5 63 45 64 68 56 54 73 52 50 77 44 36 65 49 75 38 71 51 59 30 78 66 69 64 73 44 46 38 9 59 60 60 74 58 72 0 30 42 56 44 71 32 36 48 48 4 51 3 54 9 45 70 80 45 70 42 64 80 59 77 45 69 60 46 30 31 61 37 46 60 68 42 54 52 63 8 40 77 38 7 43 43 45 78 35 34 9 71 5 80 8 42 2 39 10 74 70 34 7 59 41 77 65 54 8 3 10 30 9 5
7 52 3 38 45 36 58 67 33 72 34 42 72 32 37 62 46 65 31 6 69 31 73 37 8 67 79 72 64 49 5 74 42 3 35 43 39 66 45 65 53 43 63 62 59 77 58 5 66 72 70 30 63 30 53 48 75 48 55 43 50 43 56 60 50 65 78 4 32 38 75 7 47 42 7 34 0 8 7 3 10 49 9 56 45 63 60 57 51 54 50 30 43 8 53 6 30 37 53 42 55 40 5 53 67 42 72 75 42 43 33 70 62 79 9 49 44 46 32 61 8 32 6 34 37 52 70 30 64 4 70 40 53 55 46 48 2 37 65 5 2 70 6 74 73 59 36 80 64 61
7 75 7 32 55 38 51 50 78 53 77 57 53 43 37 38 73 35 31 2 53 51 77 50 4 79 75 53 68 54 3 57 74 9 40 63 39 64 75 40 78 45 39 63 61 42 56 4 77 35 64 53 69 55 50 43 49 75 78 52 53 60 73 33 34 61 39 5 74 78 40 9 58 69 5 73 10 0 7 5 6 64 4 69 51 62 41 34 78 75 75 73 45 10 35 6 47 31 56 74 34 75 9 61 70 63 74 71 80 53 44 75 51 61 7 75 56 48 33 52 4 47 8 59 64 38 71 64 51 5 68 49 37 34 34 43 4 77 35 6 5 47 4 59 55 74 56 58 57 77
6 44 6 66 73 38 78 76 57 73 75 78 43 43 41 80 37 35 60 5 34 62 74 80 6 76 30 62 62 76 7 33 75 6 75 73 51 65 72 42 61 30 50 62 77 43 49 4 65 49 30 49 73 72 75 54 50 37 43 45 58 31 64 78 46 61 34 5 47 66 33 8 74 56 10 53 9 10 0 9 10 51 10 78 55 80 33 49 72 57 56 61 42 8 78 3 74 73 61 45 33 68 3 69 74 58 36 73 40 63 47 31 34 36 9 33 42 41 34 42 9 65 9 73 37 73 63 40 61 5 77 33 51 37 66 55 4 60 75 9 6 44 10 47 42 40 50 38 47 36
6 56 7 70 74 62 76 67 57 76 52 33 42 37 43 61 42 60 43 10 56 45 63 74 7 49 66 37 61 72 6 78 35 5 71 52 64 78 67 34 69 34 61 72 52 49 48 5 73 42 61 48 66 31 57 60 75 47 48 71 48 50 67 62 59 58 41 9 70 50 75 6 70 66 10 33 4 5 4 0 7 47 2 61 75 39 37 40 62 46 43 65 30 2 62 2 34 58 68 45 61 53 9 77 44 56 35 53 71 36 51 45 75 35 10 73 38 31 38 67 2 61 6 35 30 67 57 57 44 7 54 35 70 73 40 45 6 41 51 7 7 58 7 33 72 56 69 36 37 76
3 36 8 62 65 72 64 35 69 60 53 47 36 39 68 64 58 76 72 5 72 54 59 52 4 70 34 72 65 36 4 58 56 8 72 60 68 59 31 58 55 36 80 63 59 68 76 8 53 52 49 73 50 44 56 67 59 69 45 30 75 30 37 35 59 70 47 7 54 65 77 8 60 79 3 33 8 2 8 2 0 34 8 30 54 54 73 45 66 65 49 47 67 6 78 4 41 31 32 62 60 38 3 62 69 43 58 33 61 50 38 65 77 37 7 37 58 33 31 47 6 60 7 56 35 56 50 68 48 7 45 35 62 45 69 35 6 49 34 4 4 77 10 63 32 67 37 36 76 74
45 56 34 56 59 49 8 32 3 10 42 9 52 30 70 58 5 41 47 46 48 10 78 59 51 58 42 10 52 30 34 44 79 58 57 56 70 48 10 76 9 63 7 32 6 43 71 43 74 48 54 10 79 37 51 66 72 52 72 52 71 4 7 32 10 9 9 48 38 4 67 72 57 4 43 51 37 62 47 38 79 0 78 33 38 30 78 69 4 72 80 8 6 49 42 77 68 75 3 72 6 3 59 78 9 38 35 64 61 3 79 58 54 57 42 44 48 65 38 33 65 4 52 37 55 7 52 8 61 33 65 79 41 69 80 10 46 48 39 45 46 47 80 58 49 74 42 57 51 54
6 63 6 40 73 59 60 40 47 41 46 45 61 31 51 40 32 73 51 5 44 50 45 76 10 53 36 75 54 34 6 68 73 6 76 57 54 56 46 47 45 58 66 79 41 52 32 2 58 43 61 62 47 43 64 34 32 41 67 49 44 75 55 60 73 48 63 7 37 45 41 10 56 45 5 48 6 9 4 2 8 47 0 48 60 80 74 77 40 35 62 59 61 5 56 10 66 67 80 60 64 51 4 80 34 67 79 46 62 66 56 59 45 43 9 48 42 41 74 58 7 31 9 48 77 43 68 56 71 7 59 54 37 32 61 74 4 43 32 2 8 32 5 40 30 74 59 75 49 49
72 2 35 77 6 30 76 48 58 37 8 60 2 46 9 49 42 2 7 67 49 66 5 43 67 73 60 76 2 65 38 41 58 57 51 7 5 43 56 52 30 73 42 77 38 10 10 35 10 2 3 42 37 10 80 8 57 9 4 78 8 57 59 3 45 60 65 65 77 30 49 32 33 44 47 53 72 66 71 66 53 65 71 0 2 70 68 41 55 67 78 36 74 39 5 80 77 10 76 48 37 42 60 3 55 8 34 66 8 67 66 42 55 2 55 49 47 7 80 62 58 33 80 38 65 64 49 43 33 59 79 41 54 5 64 60 36 7 77 62 61 6 68 55 70 32 47 9 45 67
56 2 38 47 3 67 56 79 41 44 8 37 7 45 4 63 45 9 6 64 57 32 9 37 42 78 64 67 9 40 59 30 70 68 41 7 4 76 66 37 36 44 46 44 46 2 10 72 10 2 10 61 73 5 46 6 74 2 4 42 2 33 46 5 63 63 43 63 55 32 76 50 51 60 54 48 51 49 69 31 36 38 76 3 0 49 36 30 79 38 33 56 38 71 6 77 78 6 43 56 73 42 75 7 46 9 51 53 5 33 78 67 56 5 33 71 74 10 55 67 41 37 37 76 53 44 47 59 64 57 32 33 56 7 67 53 52 5 73 72 70 8 71 35 44 69 67 5 37 35
64 63 74 8 61 72 57 44 34 32 78 32 80 60 30 44 44 37 75 77 8 42 63 3 62 5 2 62 67 6 37 6 7 64 48 35 72 74 59 6 77 72 30 45 44 79 32 47 60 59 48 41 32 50 55 51 50 71 64 54 36 59 62 40 64 54 55 80 7 31 78 34 69 41 38 4 56 45 72 50 61 35 33 35 76 0 32 10 52 2 40 54 48 48 43 76 47 60 63 52 44 57 74 63 56 32 74 60 64 44 51 56 38 74 60 4 78 53 68 6 36 60 77 49 53 64 7 30 3 59 4 61 10 80 8 72 67 35 5 36 49 46 56 37 7 6 9 70 9 5
71 49 43 33 46 3 51 7 73 79 41 59 52 5 37 6 69 63 50 46 34 47 76 74 49 46 61 32 35 80 64 73 64 62 4 72 79 4 64 47 57 7 66 10 71 78 54 78 70 55 61 33 9 64 2 57 4 47 79 6 54 39 40 39 41 54 57 46 64 77 8 47 2 35 77 63 77 66 57 58 76 42 41 65 58 71 0 80 36 44 8 63 68 35 32 62 3 38 30 6 55 62 55 71 55 44 9 6 63 33 10 8 4 39 78 47 5 43 8 37 49 37 43 8 4 53 75 79 57 56 60 7 44 32 54 45 76 31 58 53 54 41 67 6 43 72 31 49 44 76
32 72 73 7 54 45 77 44 72 45 66 78 72 68 64 40 49 49 63 60 5 54 55 4 36 9 4 55 56 4 71 7 7 43 36 44 79 56 32 4 57 67 64 70 67 30 71 60 30 38 33 33 70 44 43 42 34 53 62 54 79 64 76 46 37 45 76 76 6 39 39 52 40 75 63 9 58 42 51 33 67 36 46 45 30 3 63 0 73 7 80 64 66 37 52 43 32 76 49 36 39 40 70 49 61 45 77 44 33 60 44 73 34 63 39 8 75 49 71 3 56 63 59 63 46 44 2 39 6 48 3 71 4 65 3 58 69 51 10 53 70 43 42 54 2 2 2 52 10 2
43 33 64 55 56 36 7 63 3 5 61 9 36 63 69 57 2 80 77 66 68 6 77 65 48 40 77 10 39 63 68 54 61 60 63 34 76 64 3 54 3 55 9 70 10 51 44 52 56 32 33 6 39 48 47 50 34 38 71 74 77 8 3 72 4 10 7 73 32 7 79 80 64 3 66 37 48 45 52 66 74 7 78 41 59 50 68 52 0 62 70 8 3 46 43 35 38 80 2 75 9 5 74 33 6 35 34 76 73 6 67 69 80 80 47 73 52 52 51 61 48 6 61 41 53 6 37 8 47 43 31 71 79 61 69 6 55 75 51 53 39 61 49 40 35 76 36 45 30 64
52 37 68 9 43 65 57 32 59 47 52 55 69 33 42 72 80 57 34 46 2 32 57 6 78 10 5 66 38 9 32 2 7 33 71 61 58 67 72 7 60 72 49 54 47 42 35 40 49 37 56 60 62 67 47 33 53 59 59 53 33 62 80 36 66 78 67 73 6 59 38 50 39 62 67 3 58 33 79 73 62 33 65 48 40 8 39 10 71 0 57 31 50 80 33 47 76 69 43 41 78 56 43 74 58 38 50 70 56 51 45 49 41 59 47 10 79 76 66 7 34 80 39 72 75 50 9 34 8 41 2 63 4 48 5 39 50 55 10 35 42 33 36 37 2 4 6 64 3 9
57 66 45 64 57 4 56 2 55 38 56 60 71 9 40 3 65 35 45 53 36 73 43 77 74 66 49 67 70 64 54 47 35 36 4 72 70 8 66 54 68 8 77 10 67 40 45 39 52 77 70 58 6 71 10 69 2 62 49 10 37 33 53 74 38 58 60 78 40 76 6 74 6 30 66 45 56 68 45 50 57 60 36 66 37 61 9 36 79 44 0 50 55 75 38 48 7 71 31 5 36 37 48 75 33 79 10 5 79 50 5 6 2 71 71 44 4 64 8 80 64 57 35 9 2 62 62 38 39 37 56 8 37 42 55 79 55 39 67 44 77 60 49 6 61 31 69 45 42 80
65 46 80 63 67 59 6 45 9 4 42 8 53 55 77 71 3 59 54 73 63 2 57 50 36 80 55 9 74 31 37 64 37 38 61 42 76 64 3 34 2 39 10 54 5 42 62 50 74 71 46 7 41 77 69 55 56 32 61 46 64 9 7 43 7 9 5 68 37 7 74 44 34 2 75 72 51 80 51 53 54 4 77 63 76 63 44 65 7 74 37 0 4 40 39 44 33 39 9 37 6 3 53 32 10 35 43 34 73 9 51 51 40 51 80 75 78 68 69 78 78 6 32 47 37 3 77 10 46 37 48 46 54 37 69 3 42 47 68 67 63 40 53 54 75 33 58 38 47 79
66 71 42 37 74 74 5 52 8 6 50 8 80 35 33 59 5 38 68 75 69 6 35 64 42 80 58 3 48 44 37 78 78 69 31 44 70 53 4 52 9 63 7 46 3 77 58 34 37 31 37 8 70 60 33 34 75 38 56 41 71 3 7 74 9 10 10 40 34 8 30 42 55 2 51 36 70 33 64 62 58 6 51 52 40 76 53 60 10 75 75 10 0 32 40 59 59 32 5 69 6 9 59 43 3 49 52 33 49 3 38 57 63 50 54 51 56 35 40 43 74 9 48 49 39 9 71 5 37 30 46 40 72 69 34 3 39 62 70 76 40 35 43 65 54 39 71 79 44 64
6 68 4 58 53 44 34 50 78 41 35 31 65 35 76 65 51 45 78 3 69 49 54 36 3 42 79 50 73 55 10 61 73 2 55 40 75 68 70 63 34 79 78 46 72 36 40 4 40 34 63 54 40 61 64 77 79 44 74 71 53 73 35 68 42 40 34 5 50 75 76 5 60 40 9 49 2 7 10 6 7 44 10 52 46 49 30 34 49 52 39 58 49 0 52 8 54 67 46 57 34 51 6 49 35 72 63 71 34 43 33 76 74 58 8 65 77 52 39 30 2 64 5 35 30 77 59 49 48 2 67 68 80 79 80 37 3 64 76 5 9 58 7 31 67 39 80 60 58 57
66 2 76 78 8 67 34 31 36 34 6 72 9 68 3 43 75 9 10 31 36 38 8 54 54 30 70 57 2 76 73 60 58 50 59 6 2 56 31 80 30 62 44 51 76 6 7 33 3 10 10 55 76 5 51 7 66 6 9 72 5 60 79 3 38 75 36 78 78 71 45 71 67 44 39 74 74 67 67 50 54 57 77 9 8 66 41 62 68 39 40 49 38 59 0 47 74 3 55 49 40 77 48 4 72 8 36 35 7 73 52 77 47 6 38 71 31 2 69 64 55 73 48 43 64 33 44 75 62 58 48 40 77 3 34 63 35 9 50 69 34 10 46 54 72 54 39 5 67 56
7 30 7 45 54 45 65 53 44 31 44 78 39 47 66 32 58 50 62 9 41 41 48 55 8 40 73 57 76 58 2 41 63 7 64 60 57 65 67 62 39 40 60 61 59 70 72 3 32 72 70 77 53 79 40 65 71 79 40 66 52 60 68 58 72 67 60 9 53 33 65 9 70 79 4 30 6 4 2 7 6 62 3 79 50 55 41 62 35 48 44 41 41 8 55 0 61 59 49 74 69 68 2 71 64 53 35 44 55 70 74 77 74 39 6 71 51 44 47 59 10 61 4 70 48 71 46 73 69 10 47 74 42 51 71 33 7 59 66 3 8 59 4 74 52 74 45 77 42 30
70 34 62 58 45 5 63 4 68 76 58 37 36 4 34 10 32 66 31 70 50 42 34 44 75 38 54 57 36 76 80 53 44 38 5 42 42 4 55 53 41 8 76 8 61 38 33 49 38 62 61 59 3 65 5 65 3 32 46 7 31 63 56 68 68 80 60 51 73 58 9 80 2 73 52 68 75 54 40 30 30 75 33 36 67 43 3 35 75 37 2 72 80 42 66 32 0 53 53 7 41 39 75 46 56 73 4 10 79 41 9 8 8 66 60 72 2 64 4 46 80 76 51 2 8 79 75 52 40 45 34 2 48 78 42 45 36 44 32 64 78 40 75 8 35 33 35 33 64 61
72 5 61 50 4 51 34 36 55 66 5 35 10 43 8 74 65 4 4 47 66 42 7 74 79 45 60 49 8 55 36 45 72 53 72 9 6 43 49 42 57 52 56 42 51 8 5 73 4 6 7 59 46 2 31 3 73 5 5 54 2 71 59 2 77 60 34 78 68 63 55 39 46 44 77 35 35 71 73 52 40 48 47 5 10 36 49 73 40 79 38 43 39 73 3 45 38 0 43 40 30 45 72 7 32 4 50 50 6 47 77 42 42 3 40 51 33 9 79 79 36 47 56 61 38 57 56 35 32 72 73 41 79 6 57 44 49 4 43 35 65 3 48 71 53 38 45 6 76 53
63 59 55 80 55 56 8 36 4 2 33 8 52 64 71 74 8 49 39 43 56 9 65 45 32 57 60 10 68 73 62 58 58 78 54 79 67 71 2 77 10 32 6 80 3 57 36 67 32 37 40 9 40 33 72 65 47 35 57 60 33 3 6 61 5 6 9 56 46 10 40 44 61 9 64 46 56 63 31 36 38 10 79 40 68 45 68 73 6 55 45 4 6 43 53 52 58 42 0 42 9 3 32 60 4 39 63 49 73 4 61 43 71 57 55 50 39 71 72 40 76 4 57 69 66 7 61 8 69 37 52 72 38 41 55 8 67 61 47 80 52 40 70 48 42 77 74 65 56 38
64 53 75 67 69 9 43 8 51 33 75 56 65 3 68 6 70 69 40 68 33 73 58 67 61 78 45 74 36 60 63 43 62 44 10 62 33 9 32 30 48 4 54 6 53 43 71 33 44 67 56 36 9 71 4 65 6 32 70 3 51 61 46 61 38 74 38 66 69 66 6 40 10 35 76 65 43 35 79 61 65 72 44 47 72 42 9 71 48 57 10 77 72 42 67 67 3 76 30 0 58 61 37 38 39 34 7 4 59 35 7 2 9 35 45 53 7 64 2 44 38 80 66 4 5 63 46 33 64 73 77 6 49 73 68 52 51 44 33 59 50 63 47 5 64 70 65 35 68 63
64 80 48 80 54 51 5 56 4 10 77 5 59 80 47 64 6 75 61 44 51 6 76 45 49 30 46 7 65 58 47 41 56 37 45 51 52 64 10 79 9 54 6 61 7 30 49 36 72 35 63 2 65 63 41 49 80 59 52 31 51 3 9 36 7 8 7 34 52 10 30 49 42 6 34 70 59 46 46 44 59 5 74 55 45 38 65 78 10 43 44 7 7 45 48 47 67 45 9 44 0 8 64 71 5 71 49 46 58 5 74 48 53 70 37 56 48 37 50 55 47 7 43 77 68 7 64 9 74 52 41 73 44 45 44 3 49 48 49 69 44 38 77 48 60 66 32 39 75 57
62 60 32 80 44 51 7 70 5 9 48 9 52 68 38 36 3 40 34 32 70 3 52 78 54 75 50 6 79 54 30 32 38 52 45 63 56 73 10 79 6 31 6 79 6 44 59 41 54 60 30 4 65 38 47 78 58 42 71 69 58 7 9 63 6 8 7 44 52 6 31 51 44 3 69 77 42 65 41 68 39 7 76 79 36 41 53 56 7 42 43 7 7 47 68 52 34 36 3 44 8 0 50 65 9 49 44 76 67 2 79 69 49 64 62 53 57 62 68 45 33 9 34 44 75 10 37 3 52 53 79 31 36 32 39 2 63 37 53 53 55 32 57 31 38 78 45 32 59 76
10 55 4 62 41 47 65 44 64 32 32 34 78 79 76 73 34 56 70 7 57 65 38 48 5 40 53 35 57 38 2 39 31 3 63 56 77 45 47 60 71 31 73 37 65 63 37 4 80 47 55 55 38 36 72 47 63 47 46 34 49 59 74 50 56 78 37 9 58 73 75 10 42 44 4 45 2 6 5 2 7 39 5 77 79 42 39 68 61 38 50 37 78 4 43 6 54 67 80 51 41 52 0 69 76 38 44 55 70 36 33 37 34 35 5 37 42 41 50 77 8 46 5 59 52 39 72 35 78 4 71 47 34 47 41 78 4 68 31 6 3 33 8 67 33 78 77 68 42 38
65 10 63 78 10 40 43 48 33 63 6 35 9 48 6 60 48 5 6 54 68 66 10 59 77 56 49 79 6 80 51 56 74 78 40 8 5 72 38 37 67 51 64 63 59 4 2 33 9 2 4 71 42 7 44 9 36 8 2 60 9 70 59 3 79 68 65 77 66 47 40 40 54 30 45 51 43 61 76 55 63 72 68 2 8 69 58 72 54 47 32 74 67 71 6 38 56 10 39 36 79 62 58 0 57 10 73 52 8 30 68 46 44 8 68 51 35 9 74 63 33 43 71 47 69 35 52 45 40 50 41 37 55 9 53 73 36 3 74 71 34 4 75 76 73 58 54 6 35 57
35 73 73 58 49 35 5 78 7 6 58 3 59 48 52 71 5 70 76 77 40 3 50 71 56 60 56 10 58 41 56 55 75 57 68 50 55 68 4 44 9 30 10 67 10 44 69 39 47 37 33 5 40 57 32 74 76 70 36 38 58 6 6 62 2 7 10 37 53 5 71 68 31 2 32 30 55 67 47 38 41 9 80 39 37 46 44 68 3 52 48 2 6 67 51 57 68 50 6 70 3 3 55 61 0 42 50 44 61 2 73 63 32 42 38 64 65 71 48 68 38 10 63 72 76 9 42 8 61 73 46 70 65 68 60 10 35 38 77 49 51 47 41 49 68 36 54 38 31 79
40 2 58 45 9 35 31 30 75 56 9 80 5 44 4 32 75 10 10 30 61 54 7 77 65 70 37 33 3 65 64 30 39 68 39 8 5 64 55 54 41 80 34 41 61 5 3 48 6 2 9 65 35 4 43 5 34 8 2 50 6 72 54 4 76 60 49 35 71 37 74 72 77 34 58 64 77 58 40 49 37 32 30 6 9 63 50 77 47 43 66 67 73 72 6 72 61 10 51 51 59 56 61 6 34 0 33 50 10 52 53 34 80 10 47 65 54 8 59 72 79 30 30 47 75 66 78 58 38 80 79 70 80 7 76 77 42 2 77 43 36 3 60 70 50 66 31 2 71 44
40 60 31 76 44 3 36 10 43 55 61 59 56 3 70 9 67 31 47 37 77 48 54 66 67 67 78 67 36 64 67 59 58 70 7 66 30 5 61 50 69 9 51 9 48 33 62 68 60 37 35 51 6 50 9 76 3 80 50 8 38 80 72 37 68 43 42 39 48 56 6 41 8 37 54 65 63 80 42 71 66 61 73 51 44 39 3 80 40 47 10 55 64 30 50 61 10 33 53 6 68 48 69 33 49 65 0 2 77 62 2 3 4 49 62 55 6 64 6 46 45 61 80 4 5 74 54 72 32 67 64 7 62 37 66 77 36 51 60 42 76 51 77 8 45 66 64 31 52 63
69 55 62 42 54 2 61 8 77 76 60 67 68 2 38 6 59 48 64 72 67 56 46 71 79 79 67 63 67 43 31 74 62 41 4 74 65 5 70 70 79 10 46 8 79 70 79 52 52 60 54 80 10 68 8 55 10 32 39 8 41 73 41 75 46 33 31 66 65 61 4 62 6 39 57 64 36 38 72 45 74 42 66 61 57 30 9 74 65 77 9 55 73 74 59 53 5 73 56 4 80 80 49 65 59 53 6 0 37 55 3 8 8 37 68 39 7 42 9 46 49 73 72 9 10 58 62 39 75 73 42 10 36 79 59 51 36 49 76 53 59 33 33 10 48 54 53 80 46 62
73 8 78 66 4 50 46 35 48 45 4 73 3 48 9 75 69 10 3 77 57 77 5 36 69 64 35 43 7 42 33 33 41 35 73 7 9 42 43 68 30 49 44 31 74 2 4 45 7 5 3 43 35 10 43 7 63 3 10 80 7 43 77 5 74 37 61 71 64 30 58 76 50 68 32 68 49 38 44 40 64 30 44 3 8 30 59 64 35 57 68 73 39 69 3 48 71 9 74 60 67 52 78 9 80 8 30 59 0 65 65 79 71 6 78 41 48 6 36 55 44 70 71 46 50 33 30 41 43 54 71 65 33 3 47 38 64 10 34 67 54 6 79 39 60 57 80 9 31 32
33 49 45 57 53 79 3 51 2 6 50 3 70 61 40 49 6 64 40 65 53 9 37 73 42 76 50 8 50 71 40 48 80 57 48 73 63 33 4 42 9 55 7 39 9 59 75 45 69 63 50 9 65 68 61 68 34 80 63 73 59 8 8 58 8 4 6 46 71 5 73 76 51 6 51 78 64 80 79 63 60 4 35 76 67 61 59 77 5 57 60 4 3 56 69 32 45 43 4 59 4 3 51 56 5 58 71 54 47 0 30 39 66 54 73 68 58 79 77 41 37 10 41 54 68 2 35 10 37 38 70 72 56 75 34 9 77 65 61 38 56 50 64 61 38 40 66 72 32 41
58 30 61 49 70 2 58 6 68 37 33 56 52 10 80 2 43 65 57 59 43 62 43 45 33 45 49 35 59 39 59 74 30 48 4 60 71 6 66 45 63 9 64 4 76 73 76 44 52 53 43 32 3 53 6 31 6 52 78 9 56 53 41 69 48 80 36 51 78 37 6 57 3 32 73 79 33 43 47 78 47 68 47 69 55 41 6 47 30 38 3 39 66 67 70 49 7 50 47 4 60 64 42 48 30 43 7 7 30 53 0 2 6 69 54 54 5 62 5 70 53 33 65 4 7 63 62 79 70 72 75 8 73 70 58 76 59 56 58 44 73 62 39 8 71 35 57 69 69 47
56 49 30 59 30 6 31 6 49 43 40 59 51 9 63 3 73 63 75 36 44 33 73 49 62 46 38 65 72 41 38 40 55 73 2 57 59 9 80 65 46 8 48 9 47 62 46 57 77 60 31 65 8 49 6 38 4 75 48 4 59 49 36 38 61 68 51 80 52 59 5 71 9 77 53 44 51 49 34 67 40 43 62 54 30 30 6 48 53 75 5 77 48 56 35 44 7 57 44 4 51 62 39 70 49 48 2 7 41 57 6 0 7 73 69 44 7 38 4 67 66 80 32 5 3 70 44 53 50 38 36 10 30 55 46 67 38 57 47 76 69 78 53 9 32 43 67 78 73 78
74 41 42 37 56 10 34 7 71 52 65 76 34 7 40 3 76 31 51 53 55 58 54 44 34 58 59 57 77 67 46 61 37 49 9 54 30 3 62 31 58 7 56 3 46 33 75 53 70 74 56 66 7 55 2 58 4 49 34 8 46 58 49 78 41 79 67 57 76 32 3 35 9 67 64 63 41 65 69 54 46 37 66 57 35 61 3 78 55 64 9 60 58 65 51 77 5 74 56 9 52 32 73 63 37 30 9 4 45 67 6 8 0 48 35 70 4 80 9 77 49 37 55 6 7 70 61 55 62 80 46 5 40 45 51 72 53 66 49 69 40 31 71 5 67 30 43 58 41 38
74 2 56 33 3 52 60 42 80 48 3 73 2 76 3 80 33 6 6 32 71 40 10 57 75 40 50 71 8 40 53 54 43 63 50 3 8 46 53 52 47 59 49 40 35 9 8 63 3 9 8 68 31 10 78 6 44 7 5 70 2 79 35 7 44 54 79 54 47 78 35 50 55 51 41 80 70 68 50 68 65 46 45 2 6 47 55 67 65 57 31 59 30 71 6 61 71 9 55 46 56 44 69 10 66 8 33 69 5 53 70 67 68 0 41 74 63 8 36 62 47 75 57 79 76 53 46 77 49 38 47 40 74 4 46 35 33 4 31 36 43 10 56 61 56 35 68 10 74 39
2 33 7 78 67 60 77 36 65 72 57 67 44 56 47 77 50 42 67 7 48 61 31 37 8 46 74 32 51 74 7 77 60 9 62 75 62 39 38 37 50 41 48 77 67 40 73 6 79 36 68 40 60 80 60 54 59 61 70 53 58 52 61 38 31 78 30 7 67 73 41 8 77 30 2 35 7 9 9 5 7 30 7 71 78 61 58 37 34 79 36 38 65 10 60 7 66 58 78 51 53 80 3 31 68 36 68 44 77 40 34 67 51 71 0 63 61 61 51 61 7 65 6 39 40 78 36 61 62 3 31 55 73 31 65 42 10 71 53 2 4 76 8 67 74 65 61 60 68 79
57 50 54 7 78 42 56 31 44 57 54 47 78 71 80 70 77 71 52 54 2 37 72 9 76 7 5 60 45 8 73 10 3 68 66 35 65 36 53 8 54 41 61 46 63 38 48 34 74 53 47 30 73 62 41 65 51 67 52 64 69 76 39 39 70 60 40 62 5 67 31 74 52 45 30 10 32 49 45 50 34 59 49 32 78 5 32 2 45 10 43 32 58 62 62 45 53 45 33 77 79 51 51 30 42 45 37 49 79 73 47 59 71 32 77 0 44 71 50 4 36 33 71 67 68 57 5 73 9 54 4 33 3 42 4 68 64 45 10 56 55 68 59 46 5 5 9 68 3 7
46 35 48 51 41 10 71 10 62 66 62 44 51 10 46 5 56 76 38 64 52 80 79 44 59 59 56 69 54 53 57 45 51 37 6 38 77 9 78 42 66 6 35 7 50 60 48 77 39 72 51 60 10 77 4 39 9 54 59 4 41 80 48 67 74 55 73 68 38 44 10 66 5 78 52 70 42 38 56 41 43 70 71 34 78 43 9 68 80 47 8 73 55 45 45 45 4 76 61 10 45 31 77 60 50 69 9 7 74 54 2 7 2 64 62 31 0 78 4 68 46 45 74 2 5 45 56 77 63 67 34 4 67 40 62 71 30 60 75 44 68 65 57 6 70 47 40 71 37 51
78 7 65 34 6 65 59 52 65 71 4 38 7 43 7 53 72 2 10 62 36 57 6 55 73 64 59 40 7 39 46 69 78 46 73 8 10 58 57 54 55 57 63 60 55 7 8 41 9 7 9 36 63 10 32 10 75 8 5 63 10 77 72 7 40 57 78 77 75 30 79 41 50 33 80 42 61 40 31 42 62 65 73 4 8 63 62 74 43 80 61 79 74 58 8 76 59 5 69 63 73 33 60 5 57 4 58 56 9 79 49 32 80 10 47 64 76 0 76 40 48 56 31 52 77 56 30 49 45 72 52 46 69 2 33 49 78 5 71 67 43 4 62 37 56 68 47 4 53 30
38 77 71 42 39 9 31 2 67 47 65 47 69 5 70 4 59 56 40 48 68 45 78 72 61 59 36 66 71 44 45 53 72 31 2 68 33 3 76 39 71 7 34 5 33 57 59 38 37 62 73 38 8 59 7 55 6 58 56 3 42 53 41 34 72 60 45 49 55 78 8 35 3 57 80 32 66 77 56 63 68 62 34 57 58 72 10 47 46 40 10 38 51 79 42 58 2 59 69 2 48 35 60 34 37 71 2 7 35 54 9 10 8 50 33 38 10 41 0 47 41 37 71 2 3 51 36 51 48 61 38 9 57 73 67 33 40 45 48 51 35 49 43 4 37 41 68 50 37 61
67 31 41 10 34 79 54 52 41 74 76 79 55 78 47 37 44 31 40 49 3 40 65 3 65 6 2 65 56 4 69 9 6 39 38 54 38 42 47 10 35 77 33 80 70 43 57 44 79 37 67 34 72 65 80 77 55 57 65 54 41 39 46 73 41 74 34 45 8 68 79 71 39 68 49 10 70 62 34 69 35 30 43 69 42 9 63 3 73 3 50 52 52 62 61 48 57 61 57 43 67 78 64 51 48 64 66 41 67 33 47 67 32 55 34 10 56 40 80 0 64 50 41 45 61 57 2 56 9 63 5 40 2 73 3 56 65 42 9 37 65 55 32 75 7 3 4 76 10 2
8 52 10 39 57 52 64 42 39 70 68 72 79 74 62 61 55 37 49 7 57 72 41 41 8 80 74 43 58 58 5 37 67 3 53 33 66 38 62 54 57 54 38 68 44 66 40 5 52 34 67 60 52 74 40 42 64 58 80 77 70 79 34 79 50 35 50 6 58 31 60 6 60 40 8 50 3 7 2 5 9 76 8 74 33 49 36 76 42 78 70 48 35 5 80 10 68 41 43 80 67 74 3 44 78 61 69 77 49 72 65 30 43 44 10 41 61 79 41 32 0 62 6 60 47 35 43 54 63 5 58 62 35 71 66 74 4 41 46 10 7 32 4 48 52 69 71 40 53 30
31 46 51 71 49 36 10 40 6 10 47 2 49 40 34 75 10 77 56 44 76 8 33 52 32 80 36 4 70 75 36 40 40 77 51 67 43 57 8 74 2 42 4 34 10 42 30 72 52 32 69 3 70 42 33 46 58 45 44 31 46 5 10 45 3 3 7 69 70 6 49 33 79 2 45 43 78 48 54 31 42 8 38 36 77 77 65 62 2 33 41 4 6 43 50 70 74 69 4 52 2 9 56 71 5 74 71 77 45 10 67 67 75 37 33 32 76 57 30 40 51 0 31 72 69 3 52 8 53 42 55 59 65 53 68 4 53 34 49 57 62 72 59 47 68 61 35 64 41 35
6 46 8 37 54 52 76 65 40 75 72 44 42 67 55 30 58 34 59 4 80 76 56 64 2 40 79 49 65 56 5 64 37 9 53 66 51 35 56 41 55 64 51 52 38 47 65 2 59 48 67 30 55 32 65 54 37 43 54 31 50 35 48 39 38 74 67 4 54 54 50 5 77 34 2 62 7 4 8 6 9 77 3 67 74 80 45 51 62 72 65 48 74 9 53 10 80 35 73 48 79 60 4 47 35 55 56 31 60 35 45 48 30 42 5 62 54 54 32 31 6 33 0 43 36 65 80 72 56 10 43 47 31 44 74 68 5 75 42 4 3 71 6 59 78 76 47 67 41 73
74 56 36 50 65 6 77 10 58 77 37 58 80 7 38 6 71 68 42 69 49 68 31 73 49 75 77 43 37 38 75 60 44 44 4 78 42 8 37 49 75 4 61 10 37 65 50 70 48 76 43 62 7 35 6 73 6 71 70 8 44 58 57 34 79 58 57 49 70 71 8 55 7 60 32 80 41 33 44 43 77 48 54 46 74 48 2 47 68 40 7 53 40 63 52 43 9 78 46 8 53 63 62 44 49 42 9 5 55 54 5 7 3 55 46 55 3 60 4 53 49 52 73 0 4 46 65 47 31 68 66 7 56 80 58 51 62 57 48 76 75 36 56 8 73 59 33 75 33 42
38 68 57 61 60 9 43 4 40 66 64 76 69 7 70 3 64 38 38 60 68 32 72 65 32 56 40 41 73 35 62 71 38 46 9 77 45 9 48 78 67 2 80 8 63 46 43 50 31 45 51 37 9 45 10 31 9 50 69 2 34 60 77 55 32 41 38 64 72 63 2 62 2 43 76 35 32 46 76 61 36 51 76 32 71 65 7 70 49 80 8 78 32 58 30 39 8 79 79 3 64 64 46 44 52 75 10 3 80 52 2 4 2 79 67 56 2 57 8 67 42 74 37 8 0 61 38 60 39 78 80 2 66 49 41 57 44 57 76 74 55 31 58 8 65 78 42 56 57 31
59 31 78 78 37 55 8 70 7 5 72 4 37 79 58 68 6 51 51 46 77 7 66 59 58 51 80 6 30 38 46 40 30 68 51 37 70 38 4 48 8 60 6 39 6 66 65 33 50 37 62 4 77 50 38 59 60 72 50 43 61 4 6 49 10 5 8 50 45 4 75 38 72 3 68 80 46 67 72 47 35 3 36 51 66 64 56 33 4 80 68 7 9 57 76 47 71 67 9 62 5 4 77 50 2 66 34 45 41 4 54 57 58 39 69 50 59 78 77 63 43 4 60 33 34 0 42 2 39 78 33 61 32 50 68 4 63 47 31 59 79 55 42 79 41 78 49 48 32 48
32 73 51 3 31 60 62 50 46 44 70 52 44 46 54 53 41 66 59 57 6 64 61 4 48 7 8 47 70 2 61 9 6 79 54 50 73 40 51 8 75 70 68 59 40 69 60 77 39 38 38 55 59 36 71 56 57 43 61 68 79 37 49 80 58 77 35 79 3 73 69 68 68 64 65 9 63 72 39 30 66 52 41 70 67 6 63 3 56 7 50 50 35 62 66 42 47 80 54 74 66 79 40 68 77 38 78 64 59 77 76 53 47 72 55 9 70 50 54 5 56 53 33 59 59 57 0 67 9 42 9 52 5 70 6 56 54 72 6 62 37 53 56 62 2 2 3 49 9 8
70 42 80 37 51 77 9 56 7 8 70 3 33 72 52 31 7 79 53 63 42 7 77 70 36 73 52 9 65 77 30 36 78 67 46 43 66 74 9 67 4 77 10 69 3 74 45 35 45 77 40 4 30 33 66 31 40 34 56 77 36 8 3 35 4 3 8 72 67 7 38 58 52 10 71 72 66 68 58 37 43 9 43 70 73 55 34 42 8 54 58 5 6 62 72 35 57 46 2 35 8 4 74 41 7 49 70 33 38 3 49 36 43 56 36 32 76 66 60 67 75 8 61 30 79 7 71 0 62 71 61 77 42 44 45 8 59 74 59 61 44 42 37 49 33 60 74 66 41 54
34 56 32 9 31 55 35 50 45 37 69 40 40 46 57 42 62 56 34 70 6 33 69 3 41 6 5 35 57 8 56 9 5 51 62 68 58 34 68 2 80 66 55 31 70 73 38 70 60 68 69 60 60 40 36 49 32 74 36 71 44 46 70 76 47 56 70 48 4 80 78 56 43 69 76 10 57 50 66 71 54 50 37 52 47 4 69 2 64 7 70 58 35 78 48 57 63 51 64 75 67 49 69 74 55 48 63 37 51 78 71 38 41 37 49 2 65 58 77 10 61 35 44 61 72 35 9 61 0 55 5 38 7 34 6 75 49 63 10 43 72 58 35 33 2 3 4 58 2 3
10 35 6 80 66 51 31 65 48 50 76 71 70 48 74 46 32 48 75 8 61 75 61 75 3 57 53 61 44 77 9 41 37 3 42 65 68 52 44 63 41 66 68 45 48 77 47 10 67 74 65 77 34 78 77 75 51 75 67 78 56 45 50 30 73 74 80 6 73 67 70 5 34 74 3 41 3 3 6 6 5 44 10 77 59 76 40 59 59 69 62 43 33 6 78 6 36 78 60 31 71 69 3 33 73 53 49 56 35 46 57 65 48 80 6 30 78 56 68 47 4 56 5 50 72 40 30 33 68 0 34 72 58 35 77 62 3 38 39 7 4 63 10 54 42 44 49 69 76 45
80 31 43 8 80 56 66 58 33 61 41 37 56 80 61 33 57 59 68 68 4 64 61 4 34 6 10 31 48 10 78 8 2 69 34 37 77 31 37 9 77 67 80 76 66 46 62 33 49 72 73 32 53 68 68 34 61 57 65 44 69 66 49 72 34 45 36 71 6 48 71 45 51 61 37 9 43 45 58 60 36 34 47 33 41 9 73 4 37 9 44 63 44 43 78 40 34 51 50 35 57 67 30 52 30 51 46 71 75 42 44 67 59 51 78 3 56 33 32 10 67 36 48 66 53 38 10 63 3 56 0 35 6 58 4 49 45 76 6 65 69 40 80 65 9 10 10 66 5 8
71 79 74 38 43 8 62 10 60 50 76 47 43 8 65 5 62 73 56 52 55 59 38 61 38 59 79 52 38 32 67 49 76 72 3 47 70 3 69 50 39 10 41 4 65 48 64 65 78 44 74 61 2 70 6 59 10 51 62 7 33 72 44 49 36 32 43 40 39 61 8 53 10 45 36 41 46 38 77 72 39 70 43 80 52 69 2 38 41 64 7 66 41 51 75 59 9 52 58 2 71 54 71 40 55 40 5 9 49 36 5 8 10 72 31 48 7 50 4 79 30 70 54 8 5 70 34 53 71 50 63 0 58 63 60 50 62 49 78 75 52 58 47 5 73 78 76 43 73 36
44 54 39 5 73 79 80 64 52 38 60 56 63 77 32 40 68 70 73 60 3 49 78 3 71 8 7 43 67 9 78 6 9 57 48 62 61 37 31 5 35 62 42 60 37 56 61 72 61 51 80 39 61 33 50 52 76 77 43 74 60 51 45 64 80 66 51 58 2 64 48 74 63 49 31 5 69 66 65 45 65 33 75 67 41 9 32 9 67 6 34 58 30 78 78 57 43 36 55 76 45 34 43 56 41 40 68 58 34 52 40 32 77 72 49 10 37 33 49 10 66 64 76 66 72 62 8 72 4 53 5 50 0 41 8 56 34 33 8 63 72 40 68 74 10 8 7 54 10 7
43 3 50 47 8 35 43 64 53 57 2 32 5 33 5 30 64 3 2 80 48 69 10 55 66 39 36 55 9 78 67 33 45 66 62 8 4 64 56 58 34 56 44 41 73 8 3 46 2 7 6 61 52 6 36 6 75 3 8 60 6 70 40 4 61 40 73 37 77 30 48 62 53 50 31 69 48 35 56 57 74 75 33 7 10 48 34 70 65 40 43 45 70 43 8 67 45 8 77 60 78 40 52 2 41 10 78 48 2 56 62 47 42 9 40 54 33 3 68 69 69 41 54 32 79 43 70 33 73 78 55 34 49 0 43 66 56 4 64 33 30 10 70 30 74 57 31 2 76 37
77 80 31 5 80 42 60 80 30 78 69 62 72 71 67 47 47 69 37 66 2 40 37 5 69 5 7 43 60 6 70 7 7 70 59 32 34 58 31 4 71 30 77 35 73 70 43 46 41 62 69 68 47 40 33 39 64 61 63 79 62 51 52 68 78 70 75 76 6 51 65 65 35 30 59 8 37 48 68 48 64 78 41 79 59 6 33 5 74 9 36 45 73 36 46 62 71 53 57 75 78 45 49 65 36 66 35 70 31 71 57 67 64 57 73 10 41 64 39 2 54 35 46 65 61 61 9 41 2 68 6 70 7 74 0 30 75 62 6 61 65 66 54 38 2 9 9 66 4 7
51 77 41 78 57 63 5 35 10 10 46 2 70 42 66 67 10 38 46 46 71 5 33 57 71 52 36 7 73 46 39 58 52 56 32 48 47 61 4 36 6 51 10 31 4 48 35 44 73 49 62 3 51 51 63 67 77 42 79 55 66 5 8 67 7 3 2 55 62 4 71 71 38 8 60 72 31 62 63 38 60 2 48 36 69 51 58 43 8 53 47 7 6 47 44 34 55 61 5 76 5 3 69 59 2 41 32 72 59 4 43 57 47 70 65 42 47 63 41 50 50 2 50 42 60 3 33 7 59 49 73 56 54 56 37 0 37 71 77 67 57 67 67 49 40 68 74 49 61 69
2 30 8 60 46 55 61 67 40 54 31 65 77 56 60 58 58 71 71 4 34 35 65 80 2 52 75 41 32 39 8 74 71 8 62 48 38 77 34 49 78 54 70 56 33 58 35 6 75 50 49 61 49 77 59 67 43 48 30 64 52 71 56 45 67 39 40 7 44 50 65 7 45 56 4 80 5 10 5 8 9 43 4 43 71 74 60 51 80 51 72 42 72 3 37 9 33 43 30 35 57 67 3 55 46 72 59 45 52 80 73 48 70 77 6 63 51 58 56 47 9 60 8 37 75 71 37 75 40 2 73 62 42 54 51 75 0 56 65 10 2 57 5 62 79 37 57 55 54 70
59 9 30 62 2 45 69 42 30 37 2 61 3 47 5 65 38 4 2 48 42 60 8 46 69 60 78 55 7 62 75 52 42 72 75 3 9 68 47 77 44 71 50 32 48 9 5 61 8 9 4 49 51 8 50 6 52 3 3 36 5 68 40 10 75 59 53 40 44 51 63 78 69 33 43 61 51 46 55 38 44 34 59 7 7 73 71 50 64 38 35 70 31 41 5 55 40 9 30 53 51 61 58 10 73 2 36 79 4 36 80 51 59 3 55 62 45 6 41 78 58 66 36 34 76 68 56 79 62 68 57 78 65 5 41 70 31 0 50 71 42 7 58 49 63 75 56 2 50 43
77 33 30 3 73 77 74 47 39 71 45 54 64 33 48 40 36 52 70 59 8 56 43 2 51 6 2 41 35 5 78 6 2 36 73 48 50 77 46 2 40 60 34 79 62 51 73 51 71 49 60 44 62 41 41 56 75 50 37 34 60 30 65 71 52 32 76 35 5 62 47 76 38 70 44 4 61 67 32 76 76 69 70 66 74 3 42 2 71 3 42 33 45 52 73 39 38 75 31 32 62 56 61 72 36 72 47 50 79 45 52 32 45 52 32 9 44 35 49 9 31 77 63 69 67 62 6 36 9 75 6 32 5 39 6 35 65 67 0 75 73 70 46 38 4 2 7 50 8 9
3 36 2 63 67 73 37 43 67 79 74 33 77 50 44 77 78 33 32 4 80 35 62 77 4 36 40 73 47 42 8 77 44 3 33 34 42 55 77 46 78 67 65 36 58 54 68 3 69 77 67 41 56 67 42 78 42 53 77 72 46 38 63 61 44 32 37 10 76 64 55 5 35 39 3 72 2 5 9 7 3 72 4 46 62 44 31 50 62 46 67 57 49 2 36 2 59 41 55 48 57 44 6 65 38 68 62 80 32 62 52 57 37 74 6 53 46 34 72 38 10 48 9 74 68 76 42 60 80 9 55 58 47 78 80 37 3 78 56 0 7 44 4 42 49 77 39 65 45 68
6 62 10 40 66 53 58 41 60 52 41 68 40 41 40 57 80 62 61 7 70 78 59 36 7 42 48 50 78 37 10 37 59 7 57 65 47 53 80 39 76 38 50 47 31 72 78 2 51 71 65 55 40 36 58 44 80 73 67 47 73 39 68 34 42 49 53 4 72 60 43 3 71 77 6 54 4 4 8 6 5 72 4 40 63 64 58 60 75 39 51 37 65 8 44 10 79 73 64 51 55 34 9 50 61 62 71 79 32 79 50 70 47 79 6 60 51 60 55 53 4 33 4 56 49 75 36 57 63 4 59 57 77 41 32 59 3 53 30 10 0 33 2 65 45 50 44 53 56 46
60 6 76 34 8 79 68 45 72 61 6 30 9 48 8 68 37 3 10 48 70 46 10 67 39 63 57 30 3 30 80 80 80 59 66 4 6 59 76 50 75 67 37 75 63 8 2 64 6 2 9 30 55 7 78 4 55 7 6 75 10 74 33 2 69 60 42 61 67 60 52 76 62 68 44 78 41 43 68 35 40 44 49 3 5 35 65 54 38 31 47 77 57 44 10 31 43 2 67 76 74 62 76 3 34 9 74 48 9 64 62 58 49 10 72 77 59 2 42 46 39 74 37 72 32 38 42 64 65 60 42 75 43 8 48 54 47 4 67 35 76 0 65 73 67 48 55 6 31 50
5 77 10 36 30 75 68 67 55 64 71 36 74 30 74 52 47 57 30 6 48 36 68 47 6 69 56 47 41 78 6 55 56 6 57 39 45 38 35 80 41 32 36 56 40 68 56 2 54 71 65 51 75 31 40 38 42 77 72 58 52 46 56 70 69 43 49 5 53 31 60 7 68 58 6 57 8 6 9 4 4 47 2 75 65 69 43 42 33 63 35 57 53 5 58 6 51 69 65 66 74 76 6 55 46 76 36 79 30 78 79 67 77 69 5 77 40 40 48 76 2 38 2 60 45 51 68 68 56 9 47 33 61 76 37 42 8 35 75 4 6 63 0 44 35 53 63 43 30 37
58 74 41 32 62 2 63 5 34 48 58 31 41 2 52 9 30 36 57 51 50 43 62 80 65 78 50 35 52 61 39 34 78 77 10 49 58 9 61 30 74 8 72 10 78 75 55 60 64 75 39 70 6 57 4 69 9 48 33 8 40 70 33 65 49 30 55 41 61 70 7 36 8 34 79 37 40 75 72 34 50 68 45 76 72 80 5 67 77 40 4 52 62 55 62 35 6 60 60 9 66 50 65 61 43 77 8 2 38 32 2 5 6 77 72 35 5 70 10 49 75 58 43 3 7 67 78 51 43 35 74 3 60 44 34 71 38 42 64 49 32 74 68 0 55 41 31 32 60 42
71 70 63 9 43 56 71 36 63 30 67 31 58 56 34 31 44 57 50 58 2 73 80 6 61 6 5 35 57 10 67 6 8 58 47 53 42 75 41 10 32 69 69 62 59 77 46 79 66 48 55 35 38 34 35 62 50 60 68 56 33 45 57 43 32 49 32 67 5 52 61 39 63 62 34 7 69 59 32 60 69 67 66 58 58 2 59 6 50 6 52 37 56 38 55 79 31 76 76 42 53 62 31 66 61 48 77 66 56 57 70 35 76 52 35 10 45 72 72 6 71 68 47 65 67 55 9 70 9 79 8 77 8 49 8 53 66 66 4 69 30 37 38 72 0 8 4 65 8 3
34 40 79 3 73 64 35 35 72 71 38 77 66 51 42 41 60 46 51 57 3 51 72 4 32 8 5 75 36 4 30 9 2 35 42 42 34 80 35 4 76 71 78 36 76 80 33 79 71 47 56 75 43 51 31 52 47 77 41 41 59 43 57 53 64 50 39 73 8 41 44 34 77 62 60 10 32 49 55 44 42 72 46 44 47 6 74 10 76 9 67 37 52 74 60 55 36 42 70 32 36 47 78 34 78 41 51 40 52 31 66 43 47 42 47 5 77 55 78 2 56 71 42 74 59 36 8 75 4 79 5 78 7 69 7 72 52 38 7 50 74 67 31 30 5 0 8 74 3 7
38 75 50 7 49 31 78 48 75 79 64 33 62 42 64 61 47 72 68 70 10 47 47 4 79 7 2 70 66 9 41 10 5 75 77 69 32 51 57 3 61 70 30 55 75 49 42 77 60 46 69 43 34 42 80 62 68 45 34 65 42 50 35 73 80 58 67 63 6 57 80 72 41 78 69 6 72 32 80 38 74 58 50 35 58 3 71 4 52 5 75 50 64 50 41 66 71 43 50 72 48 67 70 71 33 45 80 32 64 66 37 49 59 55 57 2 31 32 32 10 67 36 59 33 58 62 4 76 9 43 7 37 3 41 10 62 51 54 5 38 54 34 54 33 6 8 0 76 5 9
61 2 69 62 5 36 56 78 34 51 8 32 8 74 7 74 60 8 3 39 34 53 4 68 42 56 52 69 5 51 75 59 50 63 30 4 7 44 56 52 54 59 54 35 61 5 5 61 4 4 10 35 36 7 59 5 59 3 3 35 3 30 59 5 68 39 62 54 30 62 51 59 54 67 42 56 38 42 60 62 60 70 80 7 2 70 72 53 50 38 72 72 30 58 4 43 47 7 37 75 63 34 35 2 76 5 71 73 10 57 80 42 56 4 39 40 33 7 67 32 51 42 49 68 56 44 53 54 35 46 61 56 50 9 36 56 35 10 35 71 31 2 65 64 72 70 43 0 60 62
64 74 52 3 48 51 72 34 65 64 34 42 68 63 30 68 50 75 68 65 4 57 47 2 67 4 2 64 31 8 44 7 5 68 52 38 57 35 65 3 35 49 53 38 70 78 65 74 80 53 54 42 42 68 76 33 73 75 40 61 63 42 77 80 36 54 61 76 6 34 67 79 66 52 65 6 71 39 53 32 67 44 45 39 43 10 74 3 65 7 57 67 79 36 71 54 50 45 60 58 32 49 56 67 52 71 47 61 50 52 58 38 78 30 38 7 47 72 34 7 71 76 61 46 63 71 4 70 5 39 4 38 10 75 10 44 45 45 7 39 56 38 60 79 9 10 7 45 0 10
69 35 69 10 42 35 79 53 40 41 49 63 73 68 51 35 38 38 35 35 3 39 37 10 72 5 6 57 35 9 66 9 2 47 33 61 45 33 30 2 47 68 72 52 59 51 65 68 64 41 39 52 38 79 47 70 80 66 74 34 47 56 40 75 32 57 55 72 4 63 59 77 52 45 33 3 76 45 65 35 53 77 69 69 34 3 67 3 55 3 69 35 75 59 71 72 49 72 31 37 55 75 78 49 54 73 43 43 76 70 76 58 42 46 79 4 49 53 62 8 35 33 49 44 31 73 8 70 8 37 7 55 3 58 8 77 54 77 2 37 37 79 43 72 8 4 2 32 2 0
