100
10 30 30 50 44
46 26 47 23 110
33 8 35 8 20
48 30 17 4 168
42 14 22 15 79
50 14 12 10 48
23 24 41 27 53
26 30 36 18 96
11 42 41 8 46
1 39 26 10 198
37 11 13 11 6
43 16 29 41 99
9 40 36 49 13
39 16 46 40 198
33 46 19 45 151
22 34 44 22 138
24 31 26 49 15
7 20 42 28 64
16 46 46 28 196
33 32 38 17 37
4 44 38 21 42
4 49 18 46 178
8 46 4 39 56
20 34 40 14 166
48 47 37 23 85
30 1 45 8 121
13 34 8 47 152
14 3 25 47 26
26 44 46 10 158
43 42 31 35 9
45 29 11 4 121
49 4 13 16 40
7 3 9 14 164
6 8 17 5 176
47 26 3 35 109
31 29 22 45 116
34 13 39 38 64
27 10 14 27 19
39 18 26 17 181
7 13 15 4 99
18 1 18 20 9
2 36 19 15 103
1 42 6 15 76
42 42 47 41 5
6 38 23 21 172
29 3 47 50 47
6 2 45 40 90
36 10 11 45 0
44 48 1 46 81
33 26 12 25 97
47 29 13 14 41
39 37 36 18 18
41 30 41 48 34
28 38 38 33 28
42 20 9 8 148
40 15 4 26 117
28 46 23 6 17
3 29 27 2 144
10 31 7 45 22
19 41 44 7 142
37 10 9 49 141
38 10 11 23 188
37 25 46 47 26
42 32 21 8 172
31 19 15 48 196
50 23 15 3 3
15 33 8 36 22
9 31 41 4 188
31 23 33 31 52
32 4 43 33 150
17 2 39 34 134
50 7 45 12 10
38 46 15 30 177
1 8 15 24 82
8 41 20 7 78
20 45 29 40 49
21 6 11 22 152
50 42 40 10 49
46 28 6 6 80
39 14 21 18 39
43 8 29 49 4
14 34 11 31 190
39 43 3 35 113
23 1 6 32 15
28 25 10 13 111
12 14 18 17 55
19 26 26 17 85
2 47 18 16 132
12 4 43 27 23
47 23 8 11 157
31 24 14 50 169
34 16 26 2 119
22 3 17 32 152
4 5 23 3 167
17 50 38 30 147
40 47 19 35 101
24 21 11 9 188
12 22 32 50 102
40 27 16 49 127
48 7 34 14 45
0 2 7 2 0 19 25 26 8 26 15 7 30 30 30 10 13 22 1 19 8 15 11 22 10 28 22 22 2 16 9 27 19 23 5 11 9 7 12 13 1 0 30 8 30 2 17 23 24 22 27 3 26 25 8 20 13 30 29 15 17 8 23 24 20 17 21 27 28 1 15 21 20 29 9 5 2 2 24 15 19 20 28 20 6 16 2 10 19 22 4 12 16 1 12 10 13 5 25 18
13 0 26 7 25 21 23 19 21 2 14 11 30 28 0 9 13 0 14 26 22 19 9 25 6 25 14 15 20 22 16 27 27 4 15 4 6 26 20 9 12 0 0 12 28 3 24 20 28 25 23 18 30 7 4 30 26 28 24 24 7 26 15 26 5 13 9 9 16 27 12 12 12 18 22 24 21 15 3 17 18 24 4 1 16 23 1 0 16 13 12 12 7 0 3 2 7 21 12 8
9 16 0 23 5 28 19 15 29 19 24 17 11 21 30 11 11 13 8 2 13 7 26 12 0 9 17 1 20 11 24 26 22 21 21 15 13 8 14 4 22 15 19 24 19 11 9 0 2 12 3 16 25 12 28 6 21 5 8 1 1 22 2 16 25 26 22 27 30 24 14 25 11 28 0 29 30 26 28 28 25 11 18 21 28 6 26 20 27 10 23 7 18 9 16 19 29 26 9 10
20 10 29 0 10 8 3 5 21 9 30 14 16 20 7 7 7 10 4 12 15 14 4 12 11 21 5 23 20 7 19 28 7 22 9 9 26 29 15 9 17 20 18 8 18 10 0 25 12 19 12 17 13 15 26 9 16 13 23 23 0 22 16 12 23 4 10 19 8 11 11 13 3 18 5 27 23 4 22 3 2 14 4 6 5 1 17 22 24 17 15 14 22 20 18 9 2 12 3 10
15 20 14 14 0 24 18 9 17 23 18 28 1 18 24 23 29 4 2 0 23 14 18 2 23 10 0 18 1 21 17 29 17 23 3 16 24 29 3 2 28 11 25 13 23 17 27 3 9 0 19 10 0 14 24 28 5 23 1 22 24 13 1 23 20 20 30 23 17 20 17 10 24 8 23 23 15 2 1 28 27 23 14 15 19 21 26 8 22 7 12 1 17 12 24 18 0 3 8 5
22 12 26 0 5 0 25 13 5 28 29 21 18 6 9 7 2 4 20 16 1 17 10 25 3 26 18 22 29 18 9 19 20 23 30 28 6 3 28 28 22 12 18 28 10 24 1 28 11 12 1 28 21 16 19 21 23 25 27 22 10 7 23 10 23 9 17 5 2 25 27 30 17 20 14 29 27 12 3 0 1 10 21 23 22 16 8 17 29 24 27 26 24 20 16 23 20 16 17 5
25 25 14 1 21 5 0 3 18 0 11 17 28 0 9 16 15 22 6 20 26 1 11 7 22 27 23 6 14 3 3 14 30 20 1 15 26 5 25 13 14 14 22 13 15 18 24 21 8 21 15 2 8 11 12 6 29 30 3 17 30 27 6 2 21 27 16 0 10 27 6 1 19 12 28 27 15 20 16 26 30 1 8 24 11 18 28 11 2 2 1 10 21 5 15 29 29 0 18 15
8 3 21 21 14 0 20 0 12 6 17 2 20 29 9 26 30 4 19 3 23 26 19 22 14 26 27 30 26 27 26 19 29 25 7 0 17 20 22 3 18 28 10 26 25 19 0 13 5 21 21 9 24 22 7 30 18 1 8 12 10 25 0 5 9 11 9 26 22 18 28 8 15 12 20 11 4 16 2 28 7 23 10 29 28 13 15 20 29 27 29 3 0 5 20 4 17 5 27 2
1 7 3 29 19 28 22 21 0 12 16 15 23 19 30 17 9 21 23 15 4 20 12 12 16 3 20 0 6 9 13 26 5 2 11 12 25 6 7 23 10 5 19 29 6 26 28 28 10 20 9 5 10 13 14 3 14 15 12 27 13 5 6 15 2 28 27 11 26 6 23 13 15 15 30 20 4 18 1 17 29 29 17 24 17 8 16 19 22 0 21 5 23 16 16 19 25 16 21 17
26 21 24 2 4 0 14 25 21 0 22 9 14 28 18 14 28 10 7 30 8 18 9 8 4 23 19 26 18 22 22 16 2 7 22 3 12 19 23 4 3 4 17 14 5 25 20 9 3 8 9 1 5 30 29 25 17 16 22 2 28 30 27 19 23 22 17 21 7 17 23 13 16 24 11 2 17 8 7 17 12 14 30 16 20 18 15 3 0 5 25 0 8 21 7 20 7 0 11 6
20 10 3 25 1 23 8 5 20 14 0 15 18 7 25 9 5 3 6 2 24 6 22 6 9 5 7 28 14 5 1 27 19 2 25 3 6 15 28 13 27 28 1 9 24 17 24 6 19 3 7 1 15 1 30 1 19 14 30 15 26 26 19 22 26 6 15 1 4 5 17 6 6 24 9 4 2 3 16 10 24 14 12 24 23 22 10 24 17 7 16 19 7 29 13 21 25 12 2 23
16 28 21 13 10 7 1 11 16 23 5 0 6 16 6 28 30 1 1 29 3 13 25 8 21 22 28 6 29 28 5 2 23 16 8 8 21 6 1 9 24 20 6 3 20 26 14 0 21 19 12 15 0 16 9 27 8 10 22 1 13 24 13 4 14 10 9 22 8 17 11 1 20 9 21 9 12 20 26 16 27 14 29 0 5 14 11 14 9 4 14 18 3 4 24 12 9 4 8 11
18 2 4 18 1 19 4 30 22 9 23 3 0 13 12 6 23 13 7 1 30 6 8 29 20 3 3 10 18 15 24 27 16 28 9 2 18 19 3 8 8 23 22 17 9 2 8 2 27 7 0 1 30 30 1 21 10 7 12 8 21 28 20 6 19 18 21 19 16 1 1 24 30 30 24 16 26 6 9 22 18 17 30 15 23 18 9 25 4 24 23 13 15 22 10 8 26 27 9 1
24 29 24 20 25 29 7 3 15 3 28 11 9 0 29 2 1 11 20 7 15 26 23 29 5 18 5 13 8 28 13 22 0 1 1 8 12 19 1 7 22 18 1 24 28 29 24 12 21 11 5 18 3 7 1 27 20 24 16 22 8 30 18 29 19 28 23 19 23 2 23 24 2 7 15 8 12 15 25 1 7 23 10 7 8 21 10 29 30 7 28 24 26 11 17 14 29 1 15 20
13 14 25 11 24 27 11 10 21 19 23 5 22 14 0 25 29 18 23 30 21 6 27 20 9 15 25 10 8 22 25 1 21 28 23 25 29 4 9 28 4 11 29 23 1 1 2 25 21 24 14 13 24 12 4 16 3 23 4 16 21 19 18 1 5 17 22 6 30 13 17 14 5 14 5 2 25 29 21 16 21 29 27 8 9 9 11 1 10 28 6 10 19 8 0 28 19 6 9 29
13 23 4 8 26 27 6 26 1 13 25 7 1 30 9 0 27 0 5 14 17 19 22 20 17 29 16 19 24 26 1 3 10 13 5 29 30 28 9 6 27 17 22 23 19 17 0 23 26 24 28 1 28 3 7 23 6 1 3 4 9 2 13 10 13 3 5 26 17 5 20 4 8 6 11 21 0 30 2 15 22 24 23 20 11 28 10 9 29 12 24 29 19 8 3 13 12 8 29 1
3 30 9 0 5 17 3 17 4 27 29 9 22 19 15 23 0 28 27 6 29 20 21 9 14 29 12 2 3 19 8 19 30 1 5 13 23 13 0 20 7 5 11 20 27 25 7 14 14 4 7 10 11 3 26 27 27 13 26 14 25 22 20 20 20 16 19 12 0 19 26 1 4 23 2 8 11 9 22 2 3 30 4 14 20 1 15 23 25 19 26 21 4 9 7 2 23 9 18 29
23 16 22 24 21 27 28 1 27 21 20 27 4 7 16 8 16 0 29 13 30 13 17 11 27 0 28 15 25 28 2 30 19 19 11 29 23 29 3 19 0 8 22 6 20 28 20 20 3 6 21 7 28 13 27 24 17 11 23 28 12 30 3 25 16 14 12 3 21 13 25 24 15 6 19 11 27 10 9 25 18 10 0 18 6 8 22 30 9 6 23 26 27 12 6 23 21 30 23 3
16 6 12 6 1 6 30 23 27 9 16 17 2 4 5 16 3 9 0 29 23 11 11 6 3 17 15 23 7 3 0 20 14 25 19 9 24 27 23 17 1 27 12 16 10 2 27 26 20 5 7 23 18 21 26 13 21 15 20 21 18 11 7 28 3 13 21 30 12 27 22 12 11 14 27 1 16 26 12 3 22 10 20 28 29 29 30 6 29 17 21 10 17 23 27 15 18 20 28 22
1 30 10 8 0 27 9 10 0 17 2 22 1 11 7 20 18 4 3 0 7 13 26 25 30 17 19 11 0 23 13 28 8 29 14 13 4 23 26 22 10 3 6 21 27 1 21 1 25 10 17 4 12 19 15 29 6 0 5 29 12 12 23 13 27 2 1 0 11 10 24 3 16 11 28 28 12 22 21 18 27 5 16 30 3 18 1 3 3 6 18 21 30 6 5 8 13 7 1 5
8 16 8 13 0 12 22 10 25 21 10 7 28 30 29 11 27 30 20 12 0 9 8 25 29 10 24 5 28 23 8 19 28 18 3 9 9 18 11 12 28 22 23 9 21 2 23 20 15 12 9 19 4 13 24 19 12 30 13 2 6 14 6 9 0 2 10 22 7 5 9 14 2 9 26 11 14 1 24 24 20 21 2 4 26 11 9 6 25 13 12 26 10 28 1 3 17 4 4 16
5 27 22 2 20 27 18 10 27 27 2 10 1 5 29 6 9 28 19 26 15 0 1 22 15 21 20 5 16 3 18 4 19 15 3 26 3 21 0 2 1 8 11 14 1 5 3 20 16 17 4 16 17 23 1 15 4 28 30 9 9 13 20 10 12 15 29 19 29 5 9 1 14 17 28 12 18 22 27 21 7 26 26 22 30 21 5 1 0 15 23 23 17 20 8 24 13 18 16 30
23 21 16 30 28 27 21 2 7 29 2 4 19 20 28 28 23 8 21 20 17 17 0 22 26 29 25 3 6 26 4 0 25 27 3 19 28 20 0 15 16 9 25 6 3 15 14 19 16 15 10 23 18 19 6 17 2 21 6 19 24 4 27 6 8 26 1 20 11 16 20 14 9 11 5 14 17 25 20 3 22 29 22 29 0 27 25 12 8 24 0 21 24 25 14 9 5 27 14 23
25 14 3 24 2 11 25 27 0 26 10 20 2 18 26 15 1 20 26 16 1 12 19 0 7 4 17 12 17 12 14 24 0 9 1 24 28 24 30 10 10 14 26 0 22 25 4 1 13 2 10 11 16 19 3 23 14 27 1 19 25 30 29 13 15 18 15 27 8 13 3 3 16 20 7 16 23 25 0 13 30 10 14 16 12 0 22 28 4 26 18 24 24 15 7 4 7 30 7 2
22 26 17 20 17 11 17 28 6 20 13 0 19 29 14 30 28 21 25 7 4 8 19 10 0 16 6 12 3 2 22 19 19 26 20 9 11 6 29 7 4 22 13 4 14 14 1 1 22 6 19 1 25 4 9 22 27 8 21 14 23 4 15 10 20 21 15 17 11 8 24 8 24 8 10 5 25 1 11 8 4 30 4 7 18 27 14 19 28 11 3 11 6 19 15 12 4 20 20 1
27 4 20 27 6 1 29 4 13 13 16 29 18 11 8 12 6 25 30 21 19 24 19 10 7 0 6 16 26 25 7 21 23 13 26 18 10 26 17 15 8 28 19 25 2 14 11 18 18 6 21 25 18 16 18 10 19 20 1 8 25 22 30 23 18 28 13 30 18 6 9 8 26 28 25 0 29 12 7 8 8 14 8 11 10 13 10 26 14 22 15 23 14 28 18 18 12 3 29 17
23 22 3 0 20 8 6 27 13 17 21 7 5 10 5 16 20 28 22 1 29 15 6 6 19 4 0 27 0 19 16 19 12 29 26 13 3 15 4 27 7 15 29 12 25 17 26 24 21 27 11 19 16 23 4 25 14 20 9 29 20 21 30 9 15 13 7 24 27 18 13 29 12 5 17 26 20 18 15 6 23 14 24 26 10 7 30 6 28 29 10 17 8 29 14 11 0 3 5 23
8 26 30 9 16 7 16 0 1 11 15 30 18 8 18 6 3 17 27 29 21 26 26 27 7 23 25 0 26 3 8 5 4 16 24 0 4 24 18 7 7 22 26 21 11 30 22 8 16 4 17 12 0 28 30 24 18 16 28 4 18 30 23 19 15 0 29 27 25 15 17 24 19 5 7 22 7 27 29 23 9 5 7 24 9 5 10 4 24 25 19 1 20 8 29 17 11 19 18 16
14 20 27 29 15 20 24 23 30 25 22 26 19 18 18 30 4 21 10 8 30 20 27 28 21 4 10 9 0 22 28 3 8 20 0 30 4 30 7 27 22 7 0 15 13 7 3 29 8 24 14 20 10 24 14 10 26 13 17 26 8 1 3 24 1 23 0 24 5 30 10 11 19 16 23 1 1 1 5 0 18 24 19 21 19 12 22 16 7 27 3 5 8 28 20 6 19 24 23 29
9 1 14 8 0 10 8 29 30 4 26 29 16 22 3 11 25 29 8 10 1 20 22 11 14 21 30 15 30 0 21 28 30 1 15 12 3 29 21 20 11 15 7 17 6 29 16 29 25 12 0 8 17 19 30 18 27 30 10 23 30 4 17 19 14 13 18 6 6 24 7 1 15 14 3 21 26 19 12 29 14 12 8 29 25 23 28 28 30 26 24 1 6 6 27 7 9 30 3 14
7 26 2 30 9 21 5 2 8 14 15 25 7 3 2 12 24 30 20 20 2 22 25 25 6 0 28 19 28 27 0 20 14 19 2 0 13 7 20 5 22 22 17 13 8 20 10 29 3 0 4 20 3 12 23 23 28 15 23 3 24 25 7 6 7 17 15 14 24 5 10 4 24 25 27 3 29 27 28 3 0 22 21 29 18 19 24 22 19 23 6 3 30 18 11 8 29 26 6 17
23 28 23 15 0 2 19 1 7 20 6 9 12 23 16 10 21 3 13 18 21 9 30 30 20 28 17 14 10 8 28 0 20 23 30 3 14 26 1 23 10 23 7 28 22 0 5 23 3 17 27 9 8 0 29 4 6 4 5 24 9 28 20 11 30 10 4 11 11 3 11 3 20 13 10 26 11 27 12 3 12 1 16 2 10 14 28 19 18 12 15 2 22 19 15 7 14 10 13 5
20 20 20 16 6 23 19 30 27 21 1 22 29 16 12 26 11 3 10 25 25 3 10 17 29 17 19 17 11 20 16 16 0 0 8 12 15 13 19 5 28 11 7 19 17 23 14 22 16 25 7 13 20 5 11 10 9 5 1 19 13 0 17 2 28 7 5 26 0 21 28 12 26 28 14 16 17 14 24 9 14 10 20 7 24 22 10 3 10 18 11 10 28 12 28 0 28 25 22 1
12 15 10 3 21 27 1 21 17 11 10 5 8 16 2 18 18 28 12 16 27 19 4 23 5 5 27 25 30 21 4 21 16 0 9 18 29 12 3 12 26 29 8 8 30 24 14 1 1 26 7 30 3 8 2 2 22 22 0 29 20 6 1 22 14 25 5 13 26 24 8 8 18 14 8 26 12 15 11 1 27 16 19 9 19 16 8 3 15 23 24 4 12 12 23 24 1 22 4 11
6 1 4 16 4 26 24 1 29 16 8 12 23 19 7 21 8 8 18 20 9 8 11 20 30 30 1 11 22 2 2 10 22 24 0 4 7 3 12 21 29 5 24 1 10 8 18 24 25 10 27 20 14 8 28 16 14 11 29 20 25 4 13 26 11 29 15 22 28 17 15 9 24 2 7 8 30 23 15 19 1 3 15 11 10 28 29 26 13 26 19 15 25 21 1 17 16 19 2 23
20 24 22 12 15 16 20 0 0 27 28 29 10 19 19 3 11 9 4 7 30 23 29 23 19 3 10 17 7 21 17 28 15 12 27 0 15 30 11 27 9 26 5 21 30 25 9 24 12 19 6 2 25 7 13 24 0 30 20 10 4 18 1 11 14 9 7 15 14 20 24 0 14 21 18 25 22 8 11 3 8 21 8 23 17 1 6 19 28 4 0 15 4 14 15 16 22 30 3 3
9 4 27 9 1 7 6 30 4 13 7 29 2 30 9 6 28 9 13 2 22 8 21 22 17 8 21 7 9 22 2 26 22 30 4 27 0 7 10 30 25 21 12 13 12 25 10 11 6 20 25 22 25 25 20 7 30 16 13 2 30 15 30 29 19 20 12 20 14 7 30 17 23 21 24 20 3 14 1 29 0 19 20 12 9 21 3 22 29 9 15 1 22 3 30 20 29 6 11 9
2 14 15 28 14 3 14 5 14 29 15 25 12 19 10 7 14 6 17 6 20 3 20 10 6 1 2 3 17 2 15 21 15 11 15 8 17 0 4 29 11 22 23 16 16 8 26 0 15 7 4 4 5 16 15 21 23 10 29 4 10 26 5 12 16 27 12 8 17 4 19 12 3 13 5 23 1 30 3 5 17 8 22 0 23 17 1 14 5 2 6 25 18 14 20 22 27 15 13 24
29 14 24 8 5 1 17 16 26 26 7 4 15 28 28 30 27 0 1 0 13 9 8 28 20 28 10 17 16 8 5 12 11 14 15 1 28 28 0 27 18 14 20 2 6 3 24 10 5 9 1 2 30 3 23 24 24 24 20 8 28 15 27 26 12 10 8 22 10 17 11 23 2 7 1 23 8 24 0 28 25 20 24 24 11 10 23 4 16 21 1 21 21 29 30 7 24 4 7 2
18 0 19 0 26 28 27 4 20 12 27 27 28 23 4 12 8 15 14 29 2 4 18 19 18 18 21 4 9 30 6 14 23 17 28 28 20 22 3 0 11 21 25 4 7 9 10 20 3 24 25 23 29 1 11 19 25 20 15 12 4 9 14 11 1 7 20 7 27 3 12 6 2 12 2 11 24 26 1 11 11 29 10 20 15 11 7 17 6 22 10 16 20 1 4 0 8 25 15 4
28 18 6 10 11 3 7 9 8 14 28 0 22 17 29 16 26 1 15 3 14 12 17 11 10 6 5 13 13 24 8 6 22 9 23 28 14 1 15 10 0 1 16 17 18 6 6 5 22 5 23 19 12 20 29 21 4 13 7 26 4 11 25 10 2 21 5 13 19 13 6 23 12 10 3 19 22 21 4 29 4 9 4 2 6 6 10 21 25 21 28 23 2 23 9 6 27 17 16 10
27 9 14 9 26 9 8 17 17 19 10 2 5 25 29 5 8 14 30 1 0 29 14 25 11 9 25 4 7 23 29 2 6 12 5 22 20 21 25 17 18 0 10 10 4 28 27 4 11 9 30 15 12 8 24 5 18 13 7 10 21 0 19 20 1 0 7 5 13 8 20 18 7 12 6 20 13 11 29 8 8 9 8 12 4 8 6 4 11 6 14 17 19 12 4 25 12 15 19 27
22 8 24 25 12 7 28 6 1 0 6 9 15 1 24 17 6 12 3 24 4 3 25 3 16 19 24 27 22 5 15 19 6 27 2 14 25 20 18 6 20 26 0 2 12 24 10 11 17 22 10 8 29 20 4 29 5 27 28 19 2 7 6 29 9 16 20 14 14 19 25 20 27 6 28 5 4 21 15 13 16 1 11 6 15 20 10 22 6 11 28 25 7 3 22 16 4 22 13 17
30 10 14 12 12 1 27 8 13 12 20 20 12 23 8 9 9 12 21 12 21 18 1 20 4 30 24 3 2 19 28 25 28 3 7 3 25 5 23 15 23 0 26 0 11 21 5 28 10 11 30 29 11 7 13 0 7 3 1 24 7 9 8 8 3 15 29 13 24 19 11 19 2 16 5 12 11 9 22 27 30 24 22 13 18 8 7 21 28 7 4 13 15 14 27 11 29 25 2 16
21 6 29 11 19 20 28 30 15 3 10 23 10 5 21 6 26 26 28 9 1 9 27 22 26 20 25 27 23 19 19 15 21 7 10 19 27 4 29 28 29 20 30 14 0 1 1 29 0 21 10 19 14 27 0 22 20 23 24 22 30 5 4 30 12 5 8 30 0 20 20 2 3 24 22 6 0 16 12 24 7 2 20 18 20 19 20 5 19 16 4 8 30 30 16 11 18 8 12 17
9 10 15 15 5 15 8 25 19 22 4 21 25 19 17 6 15 4 5 8 7 29 12 2 26 2 14 5 19 15 28 30 0 3 25 23 24 22 9 26 3 9 10 15 24 0 24 7 30 9 1 20 11 14 4 16 29 11 15 5 13 14 28 20 24 10 20 25 20 3 18 6 24 21 12 1 11 23 15 6 8 17 26 19 1 23 20 22 24 10 30 27 5 5 25 19 4 12 23 5
19 17 28 20 25 14 13 28 25 23 8 10 21 22 30 24 28 24 23 24 21 12 3 27 10 26 10 26 26 23 17 20 16 10 27 9 5 23 10 15 17 14 14 22 14 21 0 4 9 22 26 1 21 22 14 7 18 7 13 8 29 23 15 15 25 20 24 19 22 10 30 6 0 2 9 23 30 0 10 29 4 20 25 21 18 1 10 29 5 19 4 3 5 17 6 29 13 14 28 29
13 18 24 25 25 24 11 21 1 27 21 10 8 26 15 26 8 3 2 1 20 21 20 15 21 8 21 25 26 15 1 14 8 9 13 22 21 24 13 19 21 14 14 27 10 8 25 0 19 18 28 3 18 28 15 16 20 12 26 11 11 21 27 9 9 16 22 30 3 16 4 7 14 23 17 20 4 14 16 29 9 4 10 22 16 5 22 29 26 0 7 3 23 25 25 5 6 17 29 9
7 9 29 3 3 28 13 21 11 1 24 21 1 19 1 19 27 18 29 19 12 17 2 5 2 13 22 25 19 25 26 5 9 26 1 0 13 19 18 30 25 3 0 4 23 16 28 21 0 28 14 14 2 3 21 27 29 0 26 2 28 25 18 10 13 13 13 11 1 19 16 2 20 15 7 29 12 30 29 6 24 24 16 28 1 16 5 0 8 21 19 24 12 10 17 6 15 30 29 29
7 18 25 11 6 26 28 7 24 3 12 29 8 0 20 30 14 25 11 27 4 27 9 6 15 2 3 14 16 20 14 25 8 9 3 2 21 12 9 15 7 11 1 9 20 15 6 0 7 0 29 23 2 2 21 11 29 10 2 21 9 0 28 13 1 13 22 20 5 2 23 30 10 1 15 28 1 29 14 7 1 28 22 3 15 30 21 11 22 20 8 1 29 4 0 10 10 12 21 8
25 6 11 21 18 12 29 16 18 20 18 20 10 15 30 14 7 19 30 2 13 27 11 2 10 29 13 6 1 30 16 6 28 21 11 17 14 13 30 4 20 19 28 20 26 1 6 28 21 28 0 17 15 8 6 19 24 28 0 3 6 20 1 23 29 27 23 4 6 8 8 1 15 21 14 25 17 25 0 29 23 3 9 6 3 27 1 1 17 10 23 1 25 4 23 2 21 12 25 0
7 1 16 9 18 17 9 29 24 2 14 18 30 17 4 11 26 18 2 15 26 10 10 17 23 15 28 21 22 18 16 8 15 29 8 19 22 27 17 23 3 23 28 11 6 21 15 3 6 28 18 0 0 8 11 26 14 28 4 8 3 11 7 15 12 2 3 12 26 10 22 17 8 12 26 30 10 3 12 8 3 18 4 18 27 23 7 4 23 23 22 21 30 25 11 5 7 28 25 10
25 4 2 6 4 11 7 2 27 9 5 6 29 4 22 19 21 29 21 11 5 18 5 27 28 19 28 3 17 8 29 15 13 13 10 17 8 10 19 29 11 23 26 30 2 11 11 13 3 22 28 5 0 4 6 6 9 16 5 29 12 27 8 2 0 18 1 15 4 21 18 2 11 21 19 6 29 27 14 5 28 20 22 1 19 26 28 12 7 9 1 8 28 24 9 30 23 7 5 29
0 12 21 21 15 24 8 12 0 19 3 12 18 28 25 29 29 0 10 2 6 25 0 19 7 10 16 25 29 13 30 27 0 7 28 29 13 14 6 26 26 20 19 13 6 17 23 2 4 16 20 13 20 0 28 17 6 14 21 23 18 0 12 6 22 17 16 24 9 7 12 1 26 21 29 11 15 17 3 2 17 24 17 21 6 14 20 15 14 28 6 1 20 17 16 6 29 5 17 4
5 17 11 28 5 8 27 11 9 11 13 1 15 23 26 24 0 5 23 15 28 25 14 2 20 11 1 25 14 17 5 10 17 9 16 21 14 14 9 23 0 25 29 13 5 19 25 29 17 12 22 0 20 13 0 5 18 17 29 28 17 5 12 23 28 18 15 22 1 0 14 0 18 6 27 16 6 30 25 10 23 22 24 14 26 2 26 9 1 5 0 28 5 5 13 1 24 5 15 15
19 27 12 16 28 13 6 9 13 19 13 10 22 28 5 18 19 24 22 11 22 23 8 8 30 19 29 6 17 2 29 4 11 15 27 17 6 27 12 24 7 26 25 26 20 9 29 3 25 25 9 30 2 27 3 0 0 5 19 2 3 0 3 6 21 3 27 4 21 15 6 20 16 13 22 30 14 13 5 12 9 9 8 13 25 0 3 26 9 1 21 15 16 14 9 25 4 11 6 13
9 12 0 11 8 23 22 22 11 14 19 21 5 22 9 20 29 27 5 5 28 11 22 11 23 2 0 12 8 17 19 8 15 17 16 23 7 12 25 22 13 12 23 13 7 17 2 11 23 10 12 6 15 8 22 28 0 5 1 18 13 29 17 20 30 28 6 4 26 18 1 5 19 8 17 5 27 13 8 15 27 3 16 13 3 30 3 23 28 7 25 29 15 12 3 30 17 25 14 17
12 10 17 2 0 5 15 0 5 27 12 13 14 16 9 7 6 21 13 21 27 15 27 9 7 21 11 25 14 23 5 8 17 17 29 27 0 28 13 6 13 11 7 23 19 6 20 20 30 9 5 8 7 25 7 16 10 0 17 12 27 1 21 29 28 0 30 29 21 20 22 19 10 17 20 19 0 18 6 4 16 30 10 4 8 2 17 5 14 21 22 21 2 25 3 19 16 21 18 14
7 6 4 20 11 26 29 12 22 18 30 13 5 28 15 5 21 16 24 21 5 10 19 15 9 15 9 2 9 17 22 1 0 24 26 20 5 5 26 19 13 11 24 4 19 1 8 0 7 16 21 23 21 27 17 15 16 4 0 30 9 27 16 14 22 18 10 22 16 18 5 2 14 19 4 12 20 16 24 30 4 15 26 28 26 28 7 18 16 24 29 23 7 12 11 13 9 11 17 25
5 16 30 10 27 22 7 12 29 28 30 25 21 21 3 3 25 19 7 30 29 20 10 30 5 30 4 30 5 29 26 15 24 21 1 20 4 8 11 13 16 18 6 22 23 21 23 5 28 11 18 20 22 24 6 3 5 3 21 0 26 29 11 13 9 10 1 17 1 27 12 8 6 8 12 30 4 21 6 6 30 0 14 28 23 9 27 27 19 1 23 18 25 3 0 17 27 12 20 10
1 25 8 23 0 21 25 6 24 20 1 29 7 24 12 17 26 1 29 9 15 4 9 7 26 11 11 12 11 2 0 9 15 24 4 21 22 30 21 12 8 2 9 2 30 19 22 19 1 15 1 7 4 15 13 15 24 4 7 8 0 26 3 28 19 16 19 3 3 15 27 18 5 25 14 13 7 20 0 9 27 22 0 1 25 24 24 21 26 7 13 6 13 15 13 10 8 17 6 26
27 10 12 25 26 10 21 23 30 15 17 10 25 13 25 28 14 14 13 18 30 26 27 19 5 12 3 7 22 26 2 10 30 4 8 11 28 8 18 16 5 5 30 30 6 21 25 25 8 16 7 0 6 10 11 7 26 20 15 4 26 0 25 18 13 29 13 26 29 4 3 19 16 3 9 2 9 7 4 7 7 16 9 10 8 13 22 10 3 23 11 25 2 9 8 3 2 16 5 4
16 23 28 17 26 12 1 15 20 8 3 13 11 27 18 20 28 24 17 9 25 26 27 8 11 25 19 23 26 17 4 23 27 19 1 5 12 17 25 3 27 1 6 2 28 0 5 9 19 19 22 18 0 3 10 8 24 17 26 20 14 9 0 28 29 18 0 28 23 8 22 30 18 6 14 15 0 14 30 29 26 28 2 15 4 15 24 14 6 1 17 1 2 22 9 1 19 16 22 18
30 5 27 20 30 0 26 9 19 10 30 20 3 23 27 2 20 14 15 22 5 30 6 28 28 4 13 15 18 30 3 14 11 29 15 9 27 17 28 21 13 18 12 9 23 20 21 23 6 18 15 9 18 17 19 10 11 26 16 1 14 23 12 0 0 24 23 8 8 30 26 15 17 15 5 9 3 19 20 9 4 23 6 28 18 15 18 11 20 2 3 6 14 11 13 13 7 20 4 30
14 19 24 0 7 24 3 5 1 29 4 3 20 29 20 12 13 8 30 15 1 19 27 28 21 12 22 30 0 7 30 18 27 9 17 7 27 16 4 12 1 12 17 14 8 29 25 14 17 0 2 26 10 9 27 9 16 6 19 0 9 21 17 4 0 1 22 10 14 14 18 27 8 19 7 0 16 24 28 13 18 2 26 26 2 5 19 29 30 30 2 13 27 0 7 15 25 9 19 23
17 24 9 28 20 17 14 24 22 19 11 12 29 8 10 24 8 12 9 25 4 27 27 29 13 30 11 15 22 15 3 26 15 9 21 21 0 27 26 29 7 10 24 29 25 30 17 3 30 6 9 16 6 29 19 29 9 5 8 23 20 3 8 2 20 0 10 30 1 2 8 23 23 27 17 22 4 11 20 27 6 5 0 10 4 9 23 19 8 18 28 21 17 13 21 27 3 11 3 15
10 23 26 5 9 18 1 6 20 28 3 2 23 11 0 28 25 7 3 23 2 22 16 19 15 23 25 6 6 13 16 28 16 29 15 8 9 10 0 2 22 14 16 7 16 3 27 1 7 4 28 1 11 19 1 5 25 6 5 0 10 20 4 28 5 27 0 6 27 5 8 6 21 28 18 20 21 8 14 11 20 9 25 12 24 27 16 30 1 30 29 5 7 27 16 9 2 5 16 12
10 21 10 22 1 28 10 24 24 6 17 14 8 28 0 14 8 12 6 27 1 19 4 9 6 30 27 27 6 28 26 28 23 7 17 15 18 18 19 12 5 5 8 24 29 19 28 9 11 20 8 23 23 11 13 4 19 12 5 22 22 16 13 30 27 8 15 0 1 16 14 15 0 4 16 2 9 21 22 10 22 30 22 14 20 20 26 26 30 8 11 9 18 12 24 19 9 2 8 24
18 23 3 20 25 12 6 10 27 9 16 20 22 29 7 27 6 26 26 13 21 6 13 11 28 28 2 1 22 5 24 23 11 2 4 25 5 9 26 18 27 1 3 12 11 6 2 2 5 30 1 5 8 18 1 9 16 9 20 28 7 3 24 5 19 16 0 0 0 9 20 5 15 18 5 28 27 12 2 22 8 7 0 11 25 7 14 22 1 16 25 17 25 18 25 30 29 25 17 18
16 10 10 25 16 22 2 20 18 26 26 25 21 20 17 21 17 8 23 4 28 15 5 26 13 0 7 6 13 23 0 25 0 23 25 20 8 1 23 2 9 3 7 0 18 11 26 21 15 14 4 3 0 5 28 13 0 14 17 20 14 9 12 7 14 3 9 13 12 0 19 0 25 25 23 23 17 6 15 30 24 29 12 29 25 21 21 25 1 2 21 18 24 22 8 4 16 9 5 20
19 0 0 18 18 5 18 14 3 6 26 4 9 29 8 14 16 19 23 2 12 18 8 6 26 1 28 11 0 8 27 21 24 11 12 9 7 24 18 10 23 11 21 14 2 13 4 8 24 9 25 27 4 0 19 18 17 23 15 3 12 12 2 7 18 13 18 26 30 22 0 3 5 3 17 1 23 5 19 30 27 10 1 23 24 22 18 14 25 20 24 14 28 20 5 27 13 21 28 5
19 6 16 25 30 5 25 23 5 29 18 10 14 30 5 4 13 27 25 3 22 1 16 14 13 3 23 15 19 11 9 16 16 15 28 23 24 4 3 14 29 4 18 6 21 17 28 30 12 19 0 10 7 19 28 5 16 18 18 29 22 8 30 11 8 16 19 19 23 10 16 0 28 4 5 24 24 14 11 16 8 13 10 11 19 19 29 8 5 23 26 27 12 3 1 25 5 21 21 26
25 17 16 11 12 25 24 6 13 13 21 2 29 27 20 7 11 12 4 18 26 21 26 20 2 25 4 2 0 11 20 5 29 7 17 7 5 6 10 10 6 25 13 30 8 8 29 8 7 8 20 12 21 6 19 24 1 27 2 29 24 30 25 10 0 14 1 18 0 10 22 21 0 15 18 15 19 8 5 27 4 27 11 25 25 9 7 23 21 20 23 15 11 11 4 4 29 2 4 20
25 23 5 25 21 6 4 20 6 24 20 17 19 29 16 17 15 6 21 16 15 2 25 27 22 24 22 17 16 14 7 25 15 19 20 3 0 9 27 23 25 15 28 0 18 12 18 3 11 22 18 8 26 24 20 2 26 20 25 14 4 18 12 14 24 19 24 24 30 24 26 23 0 0 23 20 25 13 24 28 21 4 23 16 16 28 18 21 27 26 17 10 30 23 13 0 2 7 16 17
21 19 20 1 3 19 24 21 10 0 21 28 13 28 26 2 30 13 2 22 9 24 10 20 14 2 27 3 17 8 6 30 10 2 15 26 4 13 7 15 3 6 14 5 21 30 14 12 11 28 26 15 9 8 20 0 21 17 9 15 7 30 29 8 0 11 1 15 9 17 3 4 13 25 0 12 7 23 1 29 7 17 0 5 10 21 7 22 22 8 13 13 12 18 1 29 4 8 10 4
12 8 11 1 8 5 29 18 10 14 3 18 5 7 17 24 2 25 10 22 5 12 22 12 13 5 9 17 29 27 7 0 26 3 12 4 0 12 6 5 24 2 20 5 8 17 28 21 12 14 29 0 9 30 15 17 9 25 21 9 28 21 26 26 3 23 29 4 17 28 23 4 12 25 21 0 2 8 24 23 13 6 0 5 22 6 23 11 30 21 8 12 15 17 12 2 20 3 13 11
27 20 0 15 17 8 24 27 4 16 11 2 0 0 12 29 27 2 22 3 12 19 20 30 16 11 23 4 27 0 23 19 16 20 24 27 18 4 29 5 26 2 8 16 30 10 22 19 9 2 2 9 15 11 8 9 23 26 29 20 26 18 11 5 4 21 8 20 30 6 13 29 1 5 0 16 0 27 27 5 5 18 21 11 10 16 5 3 3 29 30 20 9 7 0 10 29 2 1 10
5 17 0 12 19 25 27 13 16 11 0 25 7 25 25 6 27 4 13 16 30 27 29 24 15 22 20 8 2 14 23 9 14 0 9 23 28 12 28 25 4 11 21 6 30 8 4 6 0 26 7 11 29 16 5 13 6 15 20 1 20 15 3 5 27 14 30 11 5 0 10 21 22 17 18 7 22 0 0 10 14 13 12 2 11 23 7 22 25 21 15 18 23 2 22 22 26 18 19 6
6 20 21 12 8 18 8 19 10 7 18 23 2 11 27 16 23 11 17 19 16 3 17 19 23 25 20 30 16 22 27 5 20 1 7 9 15 20 18 3 9 9 3 8 13 28 21 27 21 14 0 16 6 17 22 13 5 30 22 25 25 28 19 10 14 19 2 9 27 26 30 21 7 3 23 3 26 28 0 1 24 2 10 21 28 8 9 6 8 18 19 24 21 25 29 12 24 30 21 17
30 24 6 19 11 17 2 12 22 6 12 11 7 27 16 16 26 22 7 28 30 24 14 5 14 15 26 28 25 0 22 11 16 16 27 14 23 16 21 6 1 3 16 18 22 8 7 5 18 17 3 12 13 12 12 4 24 2 28 6 9 0 0 14 16 4 28 17 22 11 10 2 2 30 14 23 21 9 8 0 25 24 3 9 3 13 27 28 3 5 17 8 10 21 12 27 21 3 23 20
12 18 18 24 3 22 18 10 19 18 20 17 29 30 27 19 30 11 13 15 6 10 21 13 18 14 4 14 25 13 15 23 8 21 4 20 23 16 28 21 28 5 22 17 27 11 26 1 26 10 15 21 9 23 30 9 13 12 28 2 9 18 20 16 2 8 0 30 26 6 12 7 22 27 12 16 2 24 20 2 0 19 13 21 15 30 18 13 2 5 6 29 8 8 22 20 22 23 28 13
12 16 24 13 4 19 8 6 5 23 24 9 19 17 15 23 22 21 0 16 27 12 27 1 3 9 22 4 23 3 5 13 10 6 9 24 21 15 28 3 4 10 18 21 13 21 25 7 28 9 20 9 30 18 26 18 6 27 11 10 1 27 21 18 8 12 16 27 28 30 30 12 24 23 1 8 28 21 20 17 19 0 1 11 14 27 11 1 15 21 13 14 6 7 3 20 21 20 16 9
16 27 12 22 26 0 25 14 12 10 0 1 18 4 14 18 21 27 16 18 25 0 15 29 2 11 17 13 2 23 7 25 17 21 13 4 7 3 15 16 26 2 11 26 6 19 21 25 10 22 26 16 25 23 17 11 30 5 21 28 30 1 8 7 11 25 22 30 7 10 10 3 20 14 16 2 5 7 1 13 1 28 0 5 17 29 10 10 14 16 2 12 16 20 21 13 20 28 23 0
29 2 7 5 5 22 8 2 15 7 25 5 4 28 14 2 19 21 6 11 1 13 27 17 13 14 18 20 21 8 29 21 2 24 13 6 24 24 22 18 29 5 26 9 24 13 4 30 2 30 17 10 1 10 20 19 1 14 17 28 10 12 16 15 3 27 15 30 23 23 14 1 30 28 17 3 30 3 30 20 0 3 21 0 23 20 17 16 9 8 2 23 14 20 15 21 7 17 13 6
9 3 5 2 15 25 22 19 25 28 22 30 11 15 16 5 24 15 7 6 10 13 19 17 10 20 28 20 25 25 29 7 30 19 26 3 12 10 20 19 3 5 14 20 20 24 19 13 22 10 28 18 11 28 22 10 30 15 30 0 29 4 4 27 29 30 20 14 4 21 28 25 0 25 9 22 28 0 28 8 13 0 10 0 0 8 8 25 19 7 11 15 1 25 27 6 21 15 7 10
19 14 0 26 0 26 4 10 1 7 14 21 14 7 13 16 8 30 6 27 20 14 23 1 22 29 2 17 11 16 24 16 15 3 14 14 13 9 0 13 23 22 27 7 11 12 26 28 9 25 15 16 6 23 3 19 23 19 10 28 19 2 30 9 23 25 13 15 29 1 9 12 29 26 29 0 19 9 8 18 20 29 20 3 1 0 8 10 13 9 17 6 22 12 0 22 17 24 11 2
15 6 10 26 14 13 6 3 17 25 17 26 4 4 5 19 13 23 22 13 7 28 13 21 17 10 28 22 17 16 4 6 23 0 26 18 7 10 4 11 26 26 17 9 3 22 1 23 10 9 22 26 1 23 15 3 0 15 3 0 24 23 7 23 9 19 8 13 25 24 3 28 18 23 24 16 20 1 25 23 2 14 23 13 16 4 0 0 21 13 5 2 26 0 28 0 25 23 7 12
12 27 7 12 0 25 25 15 20 22 26 19 16 14 19 20 3 12 12 21 27 0 0 9 1 30 2 18 11 17 27 22 24 23 0 7 11 12 19 30 9 11 8 0 16 0 2 5 4 25 29 16 3 26 7 28 29 0 19 30 17 0 22 6 30 14 4 2 14 25 20 2 23 10 7 16 12 9 9 0 0 21 15 20 2 18 19 0 29 20 18 30 13 16 22 26 1 10 1 23
0 3 29 9 26 17 15 4 9 29 14 24 29 17 19 20 14 22 10 0 26 1 11 20 11 22 9 29 25 28 11 20 1 1 18 15 7 3 23 28 29 14 29 12 24 9 3 30 15 27 23 4 22 27 4 6 3 10 4 7 19 10 26 16 9 10 13 2 14 20 1 28 25 11 21 24 2 2 12 14 18 18 15 25 18 20 24 3 0 26 21 23 20 1 29 5 26 4 3 21
9 17 1 11 19 18 15 16 30 2 20 5 2 16 19 25 1 15 14 1 28 13 10 26 18 5 0 16 9 12 30 4 29 15 28 24 8 28 25 14 17 28 17 7 6 22 19 1 26 21 5 28 28 29 23 24 30 25 9 26 0 21 16 5 29 5 22 7 16 7 15 1 30 23 9 7 13 7 23 11 25 15 28 30 11 2 19 21 26 0 3 16 2 27 7 6 10 7 15 21
18 16 20 15 24 30 29 25 11 18 14 13 4 18 9 9 20 18 25 13 26 24 24 24 21 13 9 29 14 26 14 28 1 13 16 13 20 14 1 7 0 0 6 23 10 30 22 18 26 19 14 21 0 22 20 27 3 29 5 15 13 12 20 1 30 19 0 7 11 28 10 17 8 19 18 8 28 3 11 22 23 24 18 15 14 28 12 19 26 26 0 29 9 22 24 8 22 13 20 15
21 2 17 15 10 21 19 12 4 15 9 16 29 3 29 24 26 27 17 4 19 18 11 12 30 23 10 29 19 23 10 13 2 8 5 6 22 18 10 5 17 23 0 21 14 23 6 2 6 1 26 27 26 10 0 29 13 2 25 19 27 10 22 29 4 19 8 11 6 2 8 28 27 8 13 18 8 10 14 20 1 26 20 10 23 10 28 7 4 3 5 0 17 14 11 3 19 27 14 1
12 16 20 13 28 15 8 1 10 20 6 9 10 12 26 15 5 8 21 3 3 0 18 11 4 10 21 21 19 27 10 13 18 13 16 15 5 11 1 29 19 19 13 30 14 16 23 19 10 6 19 4 29 18 4 16 4 16 24 8 3 13 4 3 7 20 0 17 7 28 5 17 20 3 5 11 6 19 29 8 22 1 5 5 14 21 29 20 22 27 20 1 0 22 8 7 26 3 2 7
24 20 26 26 9 11 24 1 6 13 3 11 4 0 9 24 18 21 11 1 5 0 18 11 6 10 22 27 20 16 28 18 20 1 29 21 2 13 16 21 9 26 4 30 11 12 17 24 25 7 9 2 18 3 30 7 29 5 7 18 26 7 4 20 24 16 27 13 21 18 19 12 22 2 21 30 10 9 18 7 24 3 13 4 8 28 2 14 14 5 8 5 9 0 4 20 3 16 11 15
5 28 8 18 11 21 18 8 27 26 27 13 12 18 26 3 17 4 10 22 2 4 25 28 26 3 30 12 8 17 15 8 12 24 27 14 5 17 19 21 11 21 13 19 1 12 12 3 20 26 17 27 29 29 25 20 23 24 2 25 27 22 7 24 22 28 22 13 6 24 4 13 27 4 23 23 8 25 16 5 1 3 21 0 28 7 16 2 25 29 1 6 20 0 0 21 20 2 25 23
23 6 14 17 3 24 29 13 5 6 27 16 1 26 29 29 13 24 25 10 11 11 10 24 28 7 29 13 11 24 18 26 14 1 27 8 11 0 12 27 11 5 11 10 3 15 15 7 18 23 17 8 2 6 12 27 21 23 9 19 18 18 21 21 19 15 23 7 0 9 2 18 30 3 21 27 8 12 7 20 23 10 0 30 7 19 19 23 9 23 25 18 21 18 13 0 8 27 17 16
8 27 30 18 20 5 20 26 17 24 13 14 4 5 2 5 6 15 17 27 16 3 29 12 13 9 22 18 9 14 5 16 17 16 4 7 17 29 24 15 9 27 28 5 16 11 1 4 14 1 12 15 14 30 19 19 27 3 5 13 18 26 13 11 21 16 28 22 30 27 4 27 23 30 22 11 27 15 4 28 7 4 16 0 0 20 25 4 24 25 15 18 28 2 9 15 0 28 29 14
22 7 13 4 8 4 14 9 12 6 29 22 25 22 8 0 11 12 14 13 25 8 22 24 10 28 5 17 12 27 17 4 14 29 22 29 14 29 7 28 27 25 5 1 28 11 14 16 4 28 5 1 20 4 12 0 27 12 23 20 19 18 15 1 14 25 16 2 9 12 6 6 17 17 17 14 6 3 0 19 6 22 18 26 29 19 29 7 9 10 27 24 16 26 29 21 12 0 21 13
24 15 2 7 10 15 27 29 5 16 5 26 25 12 30 27 27 21 0 28 25 12 24 21 10 5 13 15 15 20 10 2 14 3 11 16 20 27 27 13 17 8 9 10 1 27 19 8 12 30 15 17 17 15 5 18 12 6 17 21 21 26 15 1 9 24 7 10 5 25 30 14 19 26 16 8 24 1 7 9 3 5 22 16 22 9 10 3 10 4 15 25 11 30 15 17 13 1 0 28
13 24 12 13 3 9 27 18 9 23 9 14 21 4 28 21 29 14 1 24 27 22 20 24 4 14 1 15 19 15 27 26 18 28 0 0 14 12 1 14 19 30 30 19 22 13 22 8 29 15 5 0 4 7 10 24 10 20 26 7 15 30 0 2 1 12 10 29 9 28 0 0 17 19 10 28 0 4 16 9 29 7 4 6 13 5 10 0 12 10 4 12 4 5 7 21 13 24 14 0
