150
21 26 13 15 77
31 10 11 27 23
48 19 22 19 189
29 49 26 4 35
9 32 24 6 174
20 31 23 9 3
4 7 10 37 52
18 45 40 41 126
30 35 38 36 151
2 42 49 42 165
30 11 15 3 197
20 29 13 50 142
19 8 2 49 69
3 33 43 49 75
49 9 5 8 137
18 37 42 11 68
30 25 5 5 90
50 23 12 28 169
10 2 7 12 69
43 47 19 37 174
25 26 24 9 161
39 45 14 20 4
6 28 4 31 101
22 19 8 43 97
2 23 26 12 135
5 37 26 20 178
3 16 30 30 122
40 16 10 18 156
27 12 42 24 88
13 23 8 11 0
38 43 46 1 192
18 45 39 2 122
36 8 30 1 60
45 11 25 8 183
12 33 42 37 69
12 19 49 9 178
31 20 11 41 25
5 11 29 30 85
1 32 45 30 22
45 6 25 43 65
39 6 27 50 128
21 5 6 46 109
21 28 41 41 101
8 42 13 14 122
36 21 13 1 112
14 40 25 9 14
10 31 30 36 141
49 13 16 8 95
18 3 4 17 52
48 13 8 12 108
21 30 47 39 54
29 13 20 26 115
2 16 35 14 141
7 20 19 35 117
35 46 18 28 116
33 50 26 22 3
3 44 41 35 48
29 21 3 37 181
29 45 22 44 124
21 44 50 16 188
25 38 46 38 174
39 28 20 45 88
40 35 6 35 138
31 36 38 37 13
20 12 6 5 197
1 4 41 5 110
15 27 6 23 81
35 5 20 10 39
24 24 45 40 111
49 27 35 33 78
28 22 40 28 34
28 14 2 12 186
46 32 50 48 134
48 1 11 44 75
25 24 1 22 116
45 42 43 4 94
3 22 2 11 185
22 26 45 24 34
12 30 38 28 68
12 1 46 23 183
44 43 44 30 178
49 32 50 30 26
31 20 41 43 149
30 27 28 19 28
19 11 50 9 113
29 6 5 1 41
3 45 28 42 85
17 41 9 16 180
21 5 18 39 167
1 20 47 25 72
25 12 24 40 187
13 26 9 30 52
27 8 32 16 7
50 14 17 14 161
29 28 47 12 124
40 39 9 30 9
28 49 2 39 71
40 20 34 14 142
14 36 22 23 43
26 38 22 30 141
28 34 27 24 147
21 34 39 33 175
50 22 35 34 104
49 45 33 26 63
41 19 32 20 137
31 30 16 12 72
39 29 7 5 101
50 24 31 17 137
27 29 14 30 28
25 24 27 9 140
33 30 2 39 150
33 43 9 10 73
8 19 6 28 59
6 29 36 3 152
47 15 9 18 69
9 36 16 50 53
6 38 34 23 71
5 4 5 43 27
32 18 28 22 174
36 5 1 13 11
15 41 28 48 60
26 23 19 49 197
40 39 1 18 196
7 35 28 1 92
14 14 12 34 3
49 44 20 15 97
24 26 46 5 62
14 26 36 22 81
43 16 5 34 68
19 16 8 32 129
12 8 10 35 198
17 28 5 37 112
35 44 20 9 34
17 7 31 39 42
10 10 7 38 113
1 19 6 3 82
36 27 4 7 105
30 27 45 27 195
45 15 3 38 94
1 3 34 38 75
22 25 7 36 41
35 47 12 7 159
49 8 29 36 185
5 44 48 18 45
29 46 1 37 107
40 41 46 50 58
36 19 34 17 32
12 34 2 21 120
37 15 12 50 98
18 30 31 32 39
0 8 17 26 12 28 12 21 9 8 7 21 24 10 12 29 1 15 14 30 15 11 26 1 5 12 24 1 15 30 29 5 6 12 13 26 16 16 21 23 10 4 8 30 3 23 10 26 24 4 3 26 6 18 2 15 22 19 20 13 27 18 15 11 21 23 27 17 3 19 25 27 21 5 20 1 4 17 16 2 14 11 27 21 30 20 17 5 15 26 21 30 13 7 28 17 19 12 5 20 9 0 15 3 15 7 8 2 6 2 18 18 22 27 14 8 6 0 23 21 22 22 29 20 6 27 26 24 0 11 29 6 24 9 28 0 2 28 11 25 1 19 23 17 16 16 13 9 22 16
1 0 2 8 6 12 20 7 10 23 2 17 4 20 1 16 30 11 25 1 20 29 14 16 12 30 0 14 24 1 16 10 7 24 30 8 15 27 20 5 2 3 25 2 11 11 12 20 24 17 22 1 9 7 6 24 15 10 12 27 30 25 4 15 28 24 27 2 1 6 10 16 16 29 14 19 4 29 24 3 22 9 13 18 9 17 12 6 0 20 3 8 2 12 30 30 2 15 4 16 8 9 28 26 12 3 18 19 10 8 29 13 3 0 28 19 10 25 13 30 21 15 10 30 20 15 2 20 6 1 25 2 7 25 14 14 2 11 14 19 16 21 10 20 10 6 20 14 8 24
7 7 0 23 29 26 4 22 25 8 11 24 21 7 10 23 6 22 9 30 30 24 4 15 4 14 5 2 29 27 25 29 23 7 20 8 13 23 13 6 1 9 13 20 15 25 22 29 18 22 21 6 20 30 16 19 16 7 29 8 18 5 18 26 30 27 19 5 20 22 3 16 13 18 26 17 28 18 1 27 1 7 2 27 17 26 30 29 16 29 17 22 21 17 22 0 16 3 30 5 27 12 15 26 8 15 14 27 23 7 3 23 11 25 16 23 6 9 11 22 24 11 18 30 3 5 10 15 7 28 11 23 30 22 28 4 9 0 5 13 17 16 25 21 12 21 18 22 22 17
1 0 17 0 5 29 3 27 30 21 11 24 1 20 15 3 9 22 22 14 14 23 26 4 11 3 25 20 19 6 25 7 12 16 1 21 7 1 3 29 13 29 27 8 30 28 8 8 24 22 10 2 28 12 21 21 3 23 0 23 26 30 7 0 17 2 4 11 22 26 15 16 19 12 6 20 23 24 0 0 27 16 20 24 2 10 2 10 30 10 22 6 14 30 23 27 1 24 21 7 0 25 15 10 2 12 7 25 20 13 12 15 29 18 8 2 21 17 18 19 8 24 16 30 15 22 15 8 1 6 16 27 28 10 11 23 5 19 3 4 27 25 13 14 0 5 1 5 22 14
25 29 12 1 0 28 9 22 25 14 11 2 24 14 20 5 0 26 10 15 29 12 28 12 10 5 6 28 18 15 12 20 6 28 0 18 14 6 0 23 11 10 2 19 10 22 30 10 4 21 13 13 19 6 7 18 10 1 6 0 2 6 30 12 23 9 18 0 23 10 3 30 2 1 29 3 13 14 15 6 13 9 25 6 14 25 17 24 4 1 23 27 11 10 27 19 23 26 6 29 13 13 2 18 24 13 21 29 15 0 21 29 6 0 3 6 17 8 25 21 5 22 28 14 28 17 13 29 25 25 20 1 27 24 26 7 19 13 5 29 4 27 19 22 4 8 21 15 20 11
15 22 5 29 30 0 15 7 1 18 29 1 30 16 6 0 23 20 19 20 21 27 10 7 2 20 1 14 30 14 1 4 29 17 23 12 10 30 28 25 11 9 24 12 6 22 2 4 21 30 3 14 27 29 19 27 8 14 11 24 11 0 17 2 17 19 24 24 20 2 30 22 20 11 16 0 30 21 12 21 14 1 5 30 3 26 24 12 27 10 23 21 27 1 8 24 4 17 18 29 8 25 11 4 17 26 21 7 30 18 19 0 14 23 18 28 12 19 9 26 17 27 29 14 27 1 12 15 5 19 11 29 26 3 24 20 16 2 11 7 28 19 7 14 17 16 20 8 25 13
6 25 10 4 13 13 0 23 29 1 6 26 25 27 25 6 17 6 26 23 9 10 6 1 1 6 4 1 8 13 11 14 5 28 12 24 19 12 21 15 26 13 20 25 15 11 20 21 0 15 15 9 1 30 0 21 1 29 23 20 25 26 20 5 4 22 14 23 24 27 24 26 7 23 7 21 1 13 15 5 27 23 28 20 12 29 10 14 14 16 13 14 13 5 28 8 17 20 27 13 14 3 11 19 29 7 14 8 8 28 2 30 25 17 20 6 0 2 4 2 25 18 2 8 29 23 28 1 10 16 18 29 0 7 22 10 26 7 2 13 9 26 0 22 14 20 30 3 17 9
12 7 28 24 7 29 9 0 23 16 20 30 26 29 3 10 19 12 26 5 16 24 29 8 13 25 10 25 0 28 19 7 28 16 14 27 8 2 26 15 25 23 13 22 18 26 9 4 30 20 23 25 2 10 12 30 29 29 15 28 5 9 20 4 13 27 3 14 27 18 22 20 18 20 21 8 30 23 12 24 24 3 7 16 18 29 25 5 26 23 1 25 13 14 1 27 25 4 14 23 14 19 28 15 29 3 21 0 21 23 26 22 30 12 0 17 7 16 5 4 16 19 25 1 21 14 27 19 7 5 30 0 15 15 18 13 5 20 1 20 22 4 4 24 21 22 13 11 30 16
9 5 10 12 17 9 19 12 0 18 5 24 14 20 9 3 15 12 19 26 7 3 7 13 13 10 3 23 2 7 1 7 11 26 4 22 6 0 15 8 21 21 29 14 15 10 21 10 21 22 20 24 12 10 13 0 3 25 16 11 16 12 9 15 19 7 17 17 7 30 24 29 18 2 1 15 0 21 17 13 2 0 8 0 2 1 7 18 8 2 27 27 27 23 6 10 13 7 3 20 26 21 25 17 8 23 5 4 8 6 17 15 8 27 9 23 2 0 2 11 9 24 17 8 28 29 22 22 22 23 23 0 29 23 29 8 1 1 20 13 26 15 10 23 22 28 17 8 5 23
26 1 22 18 23 29 25 0 2 0 10 12 21 18 15 16 6 13 19 5 2 4 20 20 29 0 13 9 11 15 4 9 23 27 25 2 1 14 12 4 19 3 3 21 0 9 0 22 18 20 23 11 4 4 23 12 20 28 21 20 14 17 30 15 16 27 20 17 24 24 4 8 4 12 5 7 17 5 0 0 16 6 20 12 13 27 26 17 7 16 4 22 24 21 22 19 11 9 9 30 26 18 30 20 0 18 28 13 4 3 7 28 22 0 18 10 8 4 9 22 30 10 15 15 9 16 3 21 18 7 9 14 29 29 2 29 25 29 17 22 1 7 7 21 7 28 25 15 30 8
29 9 6 8 29 14 29 8 23 30 0 5 13 9 13 18 9 12 21 5 26 20 28 26 28 6 3 29 26 23 17 26 3 13 0 17 16 22 19 7 27 15 22 10 22 9 18 7 12 12 5 18 2 1 29 3 11 1 30 8 9 25 25 1 30 1 0 5 27 2 5 10 26 19 4 18 23 17 0 20 4 26 17 8 14 27 10 8 21 28 4 9 7 19 5 13 9 3 6 23 19 12 4 13 18 30 19 19 26 30 22 9 3 6 21 15 7 20 30 30 30 17 23 30 12 4 30 13 12 24 16 20 4 17 20 29 21 11 19 24 9 23 10 28 28 30 27 27 5 6
8 24 23 19 21 0 15 15 5 29 2 0 6 0 27 7 2 13 27 15 12 9 0 4 22 14 24 12 25 2 12 27 15 19 22 20 5 9 3 24 25 21 12 12 5 29 14 16 0 3 0 23 20 21 23 11 6 28 4 12 11 6 11 24 27 15 14 10 24 0 10 16 27 2 26 30 29 17 29 1 30 1 5 29 28 26 15 30 10 28 27 21 5 4 15 27 24 3 2 21 1 13 13 3 4 4 9 6 13 22 21 28 10 12 7 5 21 29 10 10 15 20 2 23 7 3 27 16 8 13 4 19 7 23 27 11 9 23 22 25 2 5 29 8 26 30 3 6 3 22
15 30 27 24 27 22 19 6 30 28 27 20 0 4 11 4 17 8 1 28 11 17 27 29 16 22 8 17 8 1 28 17 16 4 30 10 8 22 24 7 24 0 8 19 23 13 2 23 19 13 17 2 5 5 0 20 21 12 6 13 23 3 0 17 0 9 9 21 12 14 19 14 5 19 17 18 29 18 23 0 25 30 30 21 30 22 20 4 18 17 24 28 21 18 7 9 4 20 0 24 1 9 12 6 21 2 12 2 2 16 13 29 4 21 14 2 0 2 11 23 30 11 15 18 21 22 22 1 17 27 23 10 9 8 16 22 22 3 24 10 8 23 22 1 5 8 4 16 7 1
16 27 12 12 19 23 1 13 12 0 1 19 0 0 13 19 22 16 29 28 23 2 26 0 10 2 11 1 23 26 1 23 1 17 10 21 1 14 6 15 15 18 13 6 1 30 2 15 7 19 11 25 12 13 9 7 23 10 14 3 0 29 21 21 15 12 7 23 10 5 25 23 7 10 10 11 4 20 20 30 20 7 29 15 8 23 26 2 4 15 24 26 20 29 13 8 29 0 0 7 21 13 13 16 5 5 18 9 20 0 6 28 29 24 12 15 9 16 28 10 25 28 3 9 12 7 5 28 25 11 28 5 17 2 26 14 17 14 6 20 22 17 27 30 11 0 27 10 27 22
10 7 14 15 6 26 18 0 29 23 5 26 17 26 0 8 27 20 16 24 25 4 13 29 27 29 19 26 6 27 26 6 5 15 20 2 4 17 7 11 9 14 11 1 1 17 11 11 21 16 12 27 14 5 23 1 11 16 29 13 11 10 5 13 0 25 19 23 16 1 14 22 22 1 4 28 1 25 26 1 16 2 0 5 30 4 23 26 19 4 12 28 25 16 18 13 8 12 28 25 9 0 26 29 12 4 15 16 3 4 13 20 7 26 17 13 26 6 24 24 26 21 7 29 12 26 7 17 10 11 21 24 25 8 15 1 10 12 12 21 19 22 15 29 21 7 1 9 15 7
16 29 14 30 10 26 24 7 18 27 29 26 9 7 27 0 2 30 14 14 18 28 15 9 17 17 5 4 4 19 19 20 1 28 22 21 17 27 1 21 22 10 22 8 6 6 14 12 30 6 27 20 25 24 14 6 5 25 6 19 16 4 15 2 28 10 10 5 17 28 6 10 29 28 16 9 22 4 1 22 7 8 20 19 1 13 24 17 6 0 19 3 10 10 22 4 21 1 6 11 18 30 5 2 24 2 14 7 12 5 24 21 15 21 13 4 12 24 3 5 0 12 25 16 20 1 13 10 4 15 16 14 21 21 7 6 18 30 14 11 24 21 14 18 23 11 0 3 14 29
28 4 27 8 19 14 12 4 10 5 6 6 21 9 5 4 0 14 22 17 18 19 9 16 10 22 1 4 9 22 14 2 16 9 11 2 9 17 3 22 9 21 21 15 0 3 30 27 21 5 19 15 6 30 6 10 14 17 26 28 0 0 22 26 23 20 14 30 20 10 2 1 26 9 19 22 22 17 6 20 21 16 24 1 16 4 1 14 27 24 3 29 25 18 26 4 12 17 0 12 3 21 14 20 9 26 16 23 15 11 21 5 21 15 24 2 8 30 15 5 28 8 1 24 19 14 25 28 5 24 29 17 26 2 10 22 20 21 0 7 25 13 27 24 4 17 15 19 28 6
20 22 0 9 11 14 27 3 10 13 28 12 24 27 19 20 24 0 2 5 10 15 8 5 28 0 3 28 13 20 26 9 16 27 28 12 6 3 1 6 24 15 11 21 26 16 21 20 23 3 10 18 16 25 9 7 29 3 27 9 2 22 24 1 8 20 14 10 10 13 10 10 8 3 29 6 15 15 30 11 18 29 20 27 6 15 16 16 9 28 13 24 12 11 8 23 20 12 22 0 8 21 1 4 6 13 9 21 2 12 7 12 13 5 8 24 17 20 24 0 11 7 4 5 5 22 8 2 14 17 9 12 17 15 3 18 28 28 26 7 18 14 11 13 12 25 9 11 3 16
10 14 7 3 20 9 12 12 4 13 23 26 9 5 28 4 6 18 0 25 6 10 16 4 7 13 8 23 21 11 25 21 27 13 18 23 24 2 7 5 30 6 1 27 0 22 22 23 26 4 24 0 27 28 1 2 7 11 27 20 14 18 20 11 30 13 25 27 30 20 6 14 6 9 26 28 4 4 30 22 7 25 5 6 10 22 19 3 8 2 16 30 10 24 13 4 18 13 8 9 28 5 13 8 3 3 25 3 26 15 18 1 16 20 7 3 29 6 4 8 4 0 21 9 8 25 17 19 17 12 2 0 24 11 6 2 0 25 10 23 2 30 12 5 25 19 5 25 24 21
6 2 1 4 20 4 2 7 29 12 24 3 4 5 1 9 11 14 18 0 18 8 25 0 19 30 1 1 17 2 24 18 15 29 5 5 15 24 20 23 17 30 28 29 5 19 26 29 4 2 8 26 27 18 7 8 5 10 29 28 6 23 15 9 8 24 23 10 3 11 21 0 8 14 2 17 29 30 8 12 18 17 29 6 14 10 21 29 21 5 28 12 6 26 12 29 9 24 7 27 15 30 14 2 30 24 17 4 26 24 17 4 19 17 15 5 4 22 21 3 12 6 9 23 28 11 23 13 16 25 24 20 20 11 30 14 10 15 17 8 30 5 19 20 23 12 8 21 14 1
7 3 19 18 30 18 5 3 16 30 11 27 9 25 6 9 13 0 2 23 0 29 13 21 0 2 24 4 15 1 7 3 3 12 10 20 26 21 15 17 20 9 6 1 26 6 3 1 29 4 15 21 13 30 0 3 10 18 20 21 21 20 10 1 18 22 0 1 30 11 14 3 20 26 1 27 1 18 28 24 8 0 20 4 19 28 29 17 22 30 3 7 4 11 27 16 17 27 8 20 22 23 26 21 18 27 6 1 17 18 15 30 7 18 3 11 16 1 8 25 28 0 0 23 26 20 0 5 7 11 5 7 26 9 29 24 0 13 20 5 30 7 3 3 0 16 16 6 20 15
20 15 9 14 5 24 23 3 28 4 18 18 12 27 13 6 25 14 25 12 1 0 4 10 30 2 14 25 5 25 6 4 0 1 13 15 7 6 16 17 13 5 12 30 13 11 14 5 2 8 30 5 13 13 16 6 26 15 22 16 17 0 28 12 26 10 3 1 28 0 8 0 30 14 13 21 1 23 1 1 2 1 28 28 24 25 6 25 24 7 4 24 4 14 0 6 13 11 23 24 10 13 19 9 30 22 12 0 13 1 4 1 9 20 23 12 13 10 0 18 9 12 21 23 6 15 16 30 19 7 7 0 9 16 29 19 20 14 26 29 30 28 23 21 5 5 29 6 22 1
12 19 11 29 5 8 23 16 19 6 1 6 4 29 28 12 12 9 10 4 26 24 0 27 13 7 15 13 30 30 0 27 3 0 5 0 12 3 16 12 23 9 17 11 10 6 29 16 3 22 18 2 6 14 9 29 17 5 1 6 17 18 8 26 25 9 5 4 15 3 9 7 2 10 12 26 5 16 28 19 10 20 17 25 5 21 23 30 20 1 5 12 9 23 8 15 11 6 23 28 1 28 30 16 4 10 7 2 4 28 8 21 6 20 3 11 19 30 17 16 26 3 12 7 25 13 4 16 7 20 30 29 26 29 17 25 6 29 12 12 16 1 15 15 0 12 5 27 5 29
25 5 23 10 11 0 10 18 9 14 4 12 20 23 6 28 9 5 22 17 12 8 30 0 1 4 13 8 26 2 13 21 19 23 22 5 17 1 12 25 4 27 25 22 15 11 21 29 23 10 22 29 14 21 15 10 25 13 29 9 25 11 27 11 16 30 0 11 7 12 20 2 21 26 11 1 2 21 29 28 8 16 17 1 27 0 21 23 26 3 8 19 18 13 13 10 21 18 11 2 25 13 0 6 4 25 10 26 30 7 25 23 30 5 4 14 28 7 26 24 17 6 16 6 28 18 9 21 5 11 14 28 0 18 13 24 13 24 1 26 27 18 17 12 7 18 14 9 13 17
0 21 6 2 16 0 26 8 18 25 4 24 8 6 9 22 26 11 12 28 22 3 6 27 0 18 16 15 0 28 29 0 26 17 19 12 19 26 17 12 28 25 0 25 13 7 0 24 12 0 21 6 24 9 24 16 6 2 14 21 27 23 29 26 17 28 3 29 7 28 26 24 25 10 14 8 27 28 23 6 6 6 11 7 18 30 27 24 12 30 29 17 30 26 29 17 30 16 25 26 30 2 23 18 23 23 11 0 13 27 13 28 23 15 19 17 9 12 4 19 29 16 10 13 13 9 25 11 14 23 20 12 22 10 12 14 7 2 21 11 10 12 9 7 4 7 1 29 19 1
18 26 19 3 9 25 27 22 0 4 26 20 26 30 17 23 2 2 1 14 8 15 1 1 19 0 14 6 21 23 5 16 19 16 19 26 12 8 19 11 29 4 28 2 22 6 27 23 26 22 17 27 15 30 7 2 24 20 13 2 18 7 23 29 8 14 21 4 10 28 7 6 0 4 6 28 9 3 17 1 28 18 6 11 6 29 8 13 29 13 24 11 18 3 2 16 12 3 27 23 15 18 4 9 22 25 20 21 11 11 18 6 20 1 8 4 12 5 13 6 14 8 4 23 19 19 13 29 29 18 23 19 8 13 15 1 4 9 19 11 7 18 16 6 23 8 1 23 0 4
20 28 3 11 9 13 26 26 29 7 16 15 11 28 28 12 9 11 25 9 8 6 30 8 17 1 0 20 2 19 0 26 5 19 9 25 12 14 22 23 26 13 29 13 4 10 11 8 3 23 26 28 8 2 3 0 28 27 14 13 17 11 21 20 23 24 29 26 0 18 17 1 14 22 3 16 11 18 26 1 12 17 25 1 17 29 30 14 10 9 20 27 12 4 12 19 3 16 5 27 28 19 25 17 7 3 13 5 1 14 28 14 3 26 26 16 9 27 8 18 20 27 12 29 1 23 27 22 6 18 29 20 26 27 6 20 29 10 16 17 26 7 5 25 14 8 3 24 15 6
13 19 26 13 4 18 0 12 7 16 7 12 5 26 17 5 13 6 8 25 4 25 9 20 17 16 4 0 9 23 5 24 8 20 18 16 21 9 17 5 25 29 10 16 6 13 10 27 21 12 9 19 2 6 22 20 21 14 6 30 26 0 15 20 15 25 9 29 28 8 5 6 24 9 7 19 26 4 17 14 5 25 13 9 21 26 4 23 3 1 3 23 4 13 29 18 20 30 14 10 9 26 17 0 25 29 5 17 3 2 13 27 20 8 11 29 11 9 20 24 10 8 18 7 2 28 25 11 21 1 2 13 9 12 22 8 23 29 7 1 2 3 0 5 30 19 3 18 21 4
16 0 23 20 4 28 2 26 16 0 9 20 9 1 13 15 19 16 27 0 6 6 29 11 8 8 1 20 0 7 22 11 24 23 30 3 19 8 28 29 9 9 23 29 8 10 30 4 21 14 5 30 0 20 24 12 6 25 27 7 19 24 1 22 7 19 6 23 2 30 16 23 30 6 4 9 5 11 5 21 5 27 1 5 4 25 23 12 24 9 18 3 29 21 27 9 25 14 10 6 25 4 19 12 26 4 16 28 24 30 17 23 16 22 4 4 24 28 24 1 20 18 22 5 7 0 30 25 19 22 27 7 29 17 30 22 3 13 6 6 25 10 6 30 28 11 7 16 3 24
20 30 22 12 28 5 13 20 5 7 23 16 3 13 7 18 4 5 18 21 8 22 15 27 18 18 5 4 13 0 8 1 21 18 14 29 17 25 5 1 23 10 26 29 15 28 18 20 27 25 23 2 5 23 11 3 27 17 23 30 20 29 27 0 19 17 3 25 25 13 30 21 17 12 3 5 23 0 22 23 23 1 29 11 6 16 17 19 13 29 25 14 29 27 18 20 20 23 22 11 13 20 2 21 19 1 3 6 20 15 20 21 18 28 13 16 25 16 30 0 27 10 12 16 11 16 21 30 29 20 14 28 23 21 5 13 22 16 12 24 14 4 3 30 5 9 25 11 19 11
2 10 6 12 24 5 0 16 0 22 14 8 19 8 16 20 0 29 29 20 30 0 4 18 5 24 23 30 17 23 0 7 3 23 25 21 17 25 9 13 29 29 21 16 7 6 5 9 11 2 13 7 8 22 2 4 2 26 23 3 29 29 7 5 7 17 12 17 16 7 9 22 15 11 4 6 27 9 22 3 16 26 23 9 6 17 0 3 2 4 3 10 29 6 2 10 22 29 2 26 14 25 6 12 6 20 26 7 0 0 0 17 30 26 7 0 18 20 29 7 5 7 0 23 8 24 0 8 4 3 19 8 11 16 23 30 8 0 28 27 17 2 1 0 16 21 23 6 2 7
23 24 9 30 9 7 18 11 19 20 4 3 24 27 10 1 18 21 25 4 30 23 26 19 28 0 3 22 21 29 25 0 10 29 29 24 14 14 13 6 8 11 27 1 7 11 23 9 20 23 30 10 27 28 20 15 10 11 29 18 27 4 3 11 24 9 3 27 10 13 18 26 1 10 28 0 16 20 7 24 30 14 18 1 30 30 13 25 14 14 12 30 6 29 1 7 10 12 10 4 9 17 14 1 19 30 13 25 26 16 2 28 10 4 15 25 3 3 22 16 2 4 30 18 21 15 10 21 8 17 6 0 1 23 26 0 29 20 20 22 30 13 1 27 19 20 20 8 5 27
24 1 17 6 12 27 3 10 1 17 2 4 10 3 6 10 2 30 29 8 2 17 30 9 19 17 19 21 6 25 3 9 0 5 23 21 15 25 15 2 0 10 25 22 8 19 26 0 17 25 17 7 21 6 8 18 0 29 28 12 1 19 19 24 5 3 29 9 4 6 24 11 28 10 19 29 16 17 17 27 13 26 9 19 11 30 18 24 13 28 9 4 26 12 5 16 23 14 25 17 29 3 15 9 27 11 23 20 0 23 21 2 11 10 22 14 16 21 5 30 25 28 15 0 18 22 8 14 16 4 12 17 7 1 8 21 5 3 25 30 20 6 4 29 27 1 17 7 22 27
29 11 4 1 29 28 10 1 28 9 18 12 20 29 22 8 11 24 7 4 9 2 16 7 23 21 27 11 29 8 14 5 28 0 23 6 7 12 23 0 16 22 4 24 26 16 13 17 5 16 0 3 18 24 30 24 28 5 8 17 27 3 19 7 5 27 0 6 8 0 19 4 27 16 1 28 28 14 1 14 18 30 7 28 26 24 7 0 12 2 2 19 27 3 22 22 6 20 6 13 23 9 1 3 5 30 16 6 9 26 16 4 15 28 22 3 7 19 23 7 10 29 17 15 23 29 11 18 6 0 0 4 14 2 1 1 23 24 19 3 11 3 8 10 14 28 16 27 12 12
16 22 8 16 5 17 23 4 27 25 0 30 5 9 2 7 25 13 22 25 16 26 12 29 26 2 5 26 4 19 27 22 6 26 0 6 30 3 25 8 16 5 21 30 14 11 23 2 3 29 14 8 17 17 30 5 16 9 13 17 15 26 28 15 2 11 22 4 23 19 16 10 25 24 13 2 27 19 10 0 10 21 2 4 28 17 6 6 27 9 19 9 1 24 17 12 6 11 1 25 21 1 20 6 6 1 18 22 20 20 6 17 10 16 6 17 1 2 15 13 17 25 11 6 25 29 28 2 13 30 10 6 23 4 17 26 30 13 9 22 1 9 8 4 27 23 22 20 11 10
16 2 23 29 22 17 3 11 2 11 1 7 25 21 26 1 18 6 4 1 27 11 17 22 29 23 11 0 0 3 22 12 13 8 27 0 30 28 7 30 17 16 7 23 29 13 6 5 17 5 30 6 0 3 2 18 10 13 27 7 1 6 15 19 8 0 10 9 13 20 29 29 4 3 9 19 25 12 3 15 19 29 24 0 3 6 7 28 30 15 18 19 26 24 26 15 28 5 5 15 12 17 21 10 30 9 12 10 19 12 30 4 0 14 8 20 7 20 4 24 28 17 15 6 0 17 24 6 21 8 25 0 29 11 22 26 13 13 30 16 8 9 29 9 8 27 3 30 17 27
20 18 19 0 20 11 30 30 6 4 15 5 11 18 23 11 18 11 11 27 25 11 26 3 5 19 2 10 2 0 27 12 8 23 8 20 0 3 25 13 5 15 1 0 11 5 9 6 27 0 15 14 9 24 21 18 8 5 9 27 28 13 22 17 10 5 22 22 4 14 30 15 8 14 28 28 1 0 16 27 8 0 21 21 19 19 5 13 7 29 7 14 10 19 5 4 9 29 7 3 26 27 1 16 2 8 18 11 19 22 28 5 9 27 9 15 27 8 16 15 13 11 21 10 19 21 0 3 30 20 15 11 19 12 27 28 4 23 6 25 24 21 27 16 19 4 25 12 24 16
24 23 3 1 29 22 19 16 4 1 17 19 3 21 18 23 8 0 0 19 24 30 26 19 23 25 11 28 2 30 9 6 27 17 4 18 21 0 12 20 16 12 0 18 7 29 23 10 30 8 28 9 9 11 18 3 22 6 4 30 30 21 14 2 12 11 30 23 3 16 19 29 26 20 11 23 16 3 11 13 29 21 2 8 30 2 0 29 6 19 26 12 27 7 21 10 12 13 20 21 16 18 29 14 20 8 5 12 20 30 1 25 18 25 5 6 10 17 28 17 16 29 4 2 29 22 19 30 15 30 25 28 15 7 11 10 17 5 16 16 15 11 29 10 13 12 1 10 2 0
3 12 15 25 14 21 8 1 10 4 1 29 30 16 7 3 22 24 24 16 21 6 7 0 20 3 12 25 21 9 10 9 29 4 22 30 14 25 0 26 28 0 3 24 22 18 23 8 29 28 27 6 15 6 9 25 1 29 13 24 12 17 9 1 2 23 4 8 17 23 10 18 23 25 8 27 12 28 19 17 7 4 5 8 22 25 3 30 27 16 0 24 14 11 9 5 20 17 7 12 26 10 15 4 27 25 13 23 22 14 4 16 6 9 27 8 10 17 5 12 8 17 15 28 11 15 14 30 19 22 20 24 21 30 22 20 29 13 14 26 12 3 16 14 12 8 21 12 14 19
11 8 27 15 30 10 7 30 11 7 16 21 1 22 10 26 28 30 4 16 14 27 23 20 10 19 20 5 3 16 26 12 9 6 22 22 22 2 17 0 5 20 10 24 26 4 26 4 25 8 8 12 4 3 7 17 24 25 3 16 10 6 29 12 19 27 27 19 0 28 9 5 12 11 22 4 7 10 27 0 12 30 13 14 9 5 13 25 12 18 17 14 17 1 26 7 23 19 5 9 0 25 17 25 19 19 25 30 6 12 9 29 26 10 3 25 15 24 17 26 16 29 4 19 21 3 25 22 30 9 24 12 27 5 23 7 17 3 17 24 30 18 13 12 30 9 26 27 12 14
7 5 25 10 25 13 25 30 29 29 24 25 15 4 0 5 20 6 21 11 14 16 21 27 4 21 3 0 27 1 4 12 30 23 29 12 18 20 6 12 0 2 5 11 22 18 20 2 8 3 27 17 22 23 9 15 14 6 3 9 6 7 6 0 23 29 24 20 16 14 16 18 6 12 7 18 27 29 22 26 6 19 24 25 18 30 0 8 22 27 27 24 17 5 25 3 4 19 25 17 17 13 27 16 15 15 26 5 17 15 6 11 8 6 30 22 6 4 7 5 20 14 19 11 21 20 23 11 9 3 29 8 8 14 28 2 2 14 27 30 24 0 14 2 3 8 17 14 29 12
22 14 13 3 25 10 9 17 20 4 30 0 23 29 8 27 27 2 17 16 1 27 26 8 29 2 15 3 15 15 21 4 9 18 15 18 4 10 27 8 1 0 1 19 10 16 2 30 24 4 5 30 30 23 15 5 21 25 13 19 28 5 19 4 21 22 23 5 22 26 29 18 21 14 13 21 30 19 20 4 7 19 21 21 15 14 28 29 29 0 26 13 15 29 28 15 17 15 10 12 19 14 10 17 27 1 16 15 2 3 0 26 23 11 25 28 29 19 14 1 14 28 26 28 17 0 13 15 3 9 2 10 7 21 17 29 19 30 2 3 12 14 25 3 30 20 7 27 1 17
26 29 20 19 8 18 9 14 5 24 26 10 29 12 5 24 29 14 25 1 11 30 24 7 6 19 15 28 16 22 4 1 5 16 29 9 3 22 23 4 25 22 0 16 10 17 2 14 20 23 9 16 23 8 24 0 24 1 29 4 28 14 20 22 16 2 2 0 23 10 9 14 13 12 3 9 17 12 25 24 11 12 4 0 26 24 12 9 1 24 10 8 20 30 20 14 5 5 15 7 5 27 1 1 22 1 30 1 5 3 2 23 28 9 18 30 25 16 26 18 21 26 26 9 22 11 25 17 16 13 20 18 29 6 23 3 22 3 17 22 26 29 27 17 22 30 12 4 14 16
29 9 19 29 17 13 17 30 4 18 15 18 13 9 18 4 5 2 4 26 8 13 2 15 6 6 8 14 27 19 5 0 11 9 8 13 29 10 18 16 13 1 30 0 3 24 3 5 17 10 27 4 19 17 27 1 22 5 7 17 6 0 22 9 1 17 11 10 18 7 21 12 21 22 26 19 16 15 14 16 16 8 14 20 12 4 27 5 14 14 10 30 12 20 0 18 20 10 27 2 27 18 6 30 25 3 0 22 18 16 30 10 18 1 7 11 28 21 27 27 7 19 11 18 16 28 15 4 0 29 20 10 27 28 9 25 2 5 0 26 13 15 24 16 17 7 1 1 18 4
20 13 11 22 12 28 16 9 12 24 24 3 11 27 17 26 20 2 26 15 18 23 7 15 29 21 9 22 27 13 26 12 11 19 21 4 13 21 19 6 14 7 1 14 0 20 1 24 21 8 4 28 18 22 30 20 26 14 0 1 3 24 20 6 19 13 19 22 27 5 5 9 21 21 25 16 6 18 18 25 10 10 7 11 8 7 18 24 3 13 6 8 22 20 16 22 17 16 17 0 27 3 26 0 8 10 26 7 15 12 4 0 25 8 16 22 21 20 29 2 2 21 24 21 7 21 22 1 5 21 1 13 15 19 4 5 17 25 10 22 14 14 0 15 25 21 11 20 25 1
22 28 22 28 11 27 25 19 23 2 15 1 6 22 20 2 7 13 8 15 4 29 7 14 21 28 30 16 0 16 8 12 9 19 29 25 5 18 13 12 14 23 1 24 4 0 25 18 15 5 24 26 14 19 8 27 23 28 21 4 14 24 10 16 20 4 7 26 15 20 8 18 18 26 0 15 15 11 15 18 1 7 25 19 29 17 23 13 19 8 26 20 7 9 2 24 23 9 26 14 4 20 5 3 13 7 21 26 14 28 1 21 3 22 23 15 7 25 18 21 29 4 10 19 20 3 17 24 26 8 13 23 10 26 23 16 1 16 15 26 8 9 7 5 0 30 2 30 23 2
11 27 22 27 14 3 21 22 12 26 30 1 17 6 16 14 20 13 17 19 28 3 24 0 0 30 28 21 27 8 4 25 6 6 11 14 26 26 4 26 6 21 27 2 13 11 0 30 9 0 23 22 9 22 16 22 14 18 17 26 20 26 21 6 26 18 29 23 22 28 18 23 25 17 18 11 18 21 29 26 21 27 6 12 3 22 13 0 22 11 12 5 15 10 0 8 7 21 22 21 11 19 27 1 5 20 22 22 9 10 4 1 20 12 2 25 13 11 11 15 29 25 6 7 12 4 22 17 6 0 17 15 8 13 30 10 11 9 28 13 0 7 17 23 0 5 17 26 16 0
8 16 15 13 22 7 20 24 5 30 20 24 18 13 11 19 16 10 22 6 16 15 23 28 5 6 3 19 9 20 20 27 4 1 26 26 3 28 2 17 17 19 28 7 18 15 29 0 30 19 26 14 29 3 23 17 5 11 9 1 9 20 9 9 22 12 0 13 6 22 8 23 12 29 5 16 27 18 22 2 22 11 17 17 2 10 29 13 5 7 25 10 11 7 7 14 28 11 3 5 28 4 30 28 27 13 22 3 0 16 9 4 4 20 12 7 30 29 28 28 23 15 24 8 12 29 11 18 20 13 0 20 15 28 18 6 25 0 20 4 29 3 7 20 12 28 26 3 30 4
15 19 26 4 21 12 22 16 2 17 5 11 2 12 11 17 22 12 15 15 4 11 12 23 16 2 29 25 25 13 30 3 10 2 15 10 6 23 4 4 25 8 2 10 8 28 0 4 0 18 26 27 12 3 20 27 30 15 17 24 28 28 29 4 18 17 0 30 18 28 24 0 7 18 18 14 3 11 18 16 18 19 10 18 9 28 7 1 23 11 22 0 3 12 29 20 6 30 29 18 26 25 4 17 19 6 5 27 25 2 27 29 2 6 17 3 9 0 21 25 6 22 2 26 22 23 2 21 30 18 18 6 22 25 22 18 5 10 30 0 24 15 15 2 15 20 1 7 27 9
17 19 5 12 10 30 11 28 2 11 7 2 30 26 9 3 1 20 19 7 6 2 3 5 1 28 25 1 30 25 22 2 4 27 28 10 9 28 26 13 18 16 26 20 4 11 22 25 21 0 2 30 14 0 11 10 4 10 20 14 30 7 3 17 0 0 3 13 7 2 12 17 17 11 16 9 3 4 8 26 5 5 30 13 3 1 27 2 2 22 17 20 22 30 8 13 0 1 21 6 23 8 23 7 28 28 18 1 13 3 26 24 29 23 27 30 12 16 25 2 16 26 7 8 6 7 22 24 8 26 2 16 27 5 1 24 8 7 19 17 30 2 13 15 21 10 19 3 26 25
19 5 28 27 26 22 24 5 8 19 11 29 12 22 24 4 25 28 24 11 20 29 27 6 11 18 10 13 1 14 20 26 24 17 11 26 16 13 4 10 10 16 14 16 23 21 5 4 23 7 0 26 12 9 22 0 19 10 7 9 5 27 25 17 29 8 23 3 0 20 8 21 18 7 1 22 10 2 30 8 9 23 29 9 26 2 1 0 9 4 25 0 0 16 28 13 7 6 7 7 30 14 15 18 6 19 25 6 21 22 10 18 17 7 25 17 16 6 3 6 4 13 1 22 4 20 26 22 22 30 5 9 20 8 13 16 18 18 12 17 4 12 14 5 19 5 11 4 15 6
12 5 4 0 27 1 20 28 10 19 7 13 4 22 0 9 18 22 10 16 4 13 7 26 12 30 8 12 6 2 9 22 10 30 1 6 15 3 26 23 17 24 11 6 28 25 11 22 29 28 30 0 15 4 13 13 7 23 7 4 8 24 0 1 11 24 16 29 30 17 0 5 23 30 0 17 11 28 12 9 25 25 15 24 10 20 0 9 24 8 5 2 9 2 27 9 14 3 24 22 11 18 24 17 10 24 29 28 22 12 27 29 28 10 2 3 22 1 20 7 20 16 1 8 13 11 6 6 6 27 7 3 27 1 7 15 18 20 14 5 4 18 7 9 11 29 28 25 28 1
2 24 23 8 25 8 6 16 12 24 26 16 20 15 29 13 2 28 13 14 24 3 20 30 25 14 18 21 7 0 25 15 22 25 7 18 3 15 21 12 15 21 24 6 13 21 10 10 20 26 22 15 0 27 20 7 7 7 23 28 29 22 28 17 22 3 10 23 0 22 15 14 0 9 19 13 5 19 7 17 4 0 23 3 14 30 6 20 16 23 24 10 5 9 23 0 4 28 19 15 30 14 8 13 7 26 6 12 20 10 15 19 9 1 16 13 17 16 27 29 18 24 19 30 25 12 4 23 11 8 25 0 2 26 8 16 6 7 24 7 0 10 25 24 6 2 19 19 16 4
28 16 10 29 22 0 27 30 0 28 15 8 28 2 12 23 0 1 11 25 25 16 28 4 16 19 13 26 16 8 6 9 4 4 20 7 24 9 29 24 12 18 16 16 11 18 21 23 0 28 19 25 23 0 26 8 25 13 6 20 1 5 30 14 27 12 28 11 12 17 6 27 23 26 30 12 9 10 5 14 27 4 1 28 2 11 19 28 18 23 14 2 5 15 19 5 11 21 0 9 21 7 0 28 7 28 12 15 28 22 8 27 18 13 14 8 18 2 9 5 11 19 16 22 29 22 17 24 0 12 18 6 22 26 9 24 20 24 15 14 5 3 27 8 17 2 4 1 18 9
19 11 5 30 5 5 27 25 25 18 8 3 24 12 12 6 23 15 8 30 21 5 6 29 26 22 7 1 28 30 24 11 17 13 19 28 21 8 5 4 18 27 17 3 28 21 14 0 26 30 26 28 5 16 0 17 28 15 7 10 27 23 0 5 28 10 3 22 10 20 5 20 17 2 23 17 25 22 14 21 3 28 27 26 16 7 22 20 27 13 19 13 12 8 1 13 23 1 23 12 19 24 27 18 0 11 30 13 19 21 22 18 22 1 1 10 23 17 21 1 20 25 7 22 17 21 6 13 20 27 6 25 1 20 9 18 14 27 6 27 22 29 21 28 20 10 23 8 18 24
17 25 18 10 21 19 7 12 16 17 12 20 22 4 6 2 11 19 29 14 20 5 15 4 15 9 5 30 1 18 6 27 18 24 15 25 8 0 22 8 11 15 5 21 21 29 18 14 26 0 5 20 0 0 25 0 23 11 5 13 5 20 16 15 14 3 20 20 7 23 12 12 12 9 14 23 11 20 16 30 5 14 17 0 23 8 9 1 25 16 22 9 15 23 7 17 25 3 18 8 29 12 3 30 5 24 14 6 30 30 19 5 27 10 14 4 10 21 12 0 8 27 5 25 21 16 0 20 8 10 28 0 9 28 27 1 5 22 1 12 9 17 21 18 9 0 20 27 22 25
26 14 24 14 21 19 17 16 26 4 11 6 3 20 24 18 30 1 14 13 16 3 5 26 1 8 28 16 15 16 24 24 18 26 4 0 10 8 19 0 6 10 19 27 23 15 11 23 16 25 17 18 7 7 19 29 0 8 4 6 3 7 7 8 0 24 29 16 3 5 2 6 21 27 29 27 3 28 14 16 25 18 26 24 19 25 24 29 12 3 3 12 14 22 20 12 28 1 25 24 18 15 23 5 3 12 4 26 10 2 21 24 22 21 10 25 2 6 2 17 8 7 25 7 14 2 5 28 28 2 28 5 19 26 12 21 6 17 20 10 15 15 27 16 18 29 20 6 16 5
5 15 29 24 0 20 17 18 22 14 16 20 26 14 5 9 13 18 7 24 19 27 0 26 3 24 6 16 10 14 8 29 12 19 9 19 8 3 28 24 18 28 15 9 12 6 23 17 10 0 7 12 0 16 17 23 24 0 1 23 5 11 18 11 0 30 16 22 0 5 28 26 9 17 11 23 24 28 9 18 17 19 18 26 14 12 15 15 0 2 18 29 8 10 17 4 14 28 25 0 25 19 10 19 3 19 10 6 0 11 11 30 6 26 3 7 23 29 21 29 22 0 7 3 21 21 17 1 30 6 8 6 28 20 4 10 16 22 13 19 5 0 27 15 25 22 29 5 1 29
29 2 7 22 5 10 5 24 26 8 30 3 10 10 26 19 26 27 14 29 26 11 15 24 3 5 5 19 7 30 11 7 28 5 29 25 29 24 24 16 10 13 28 4 11 5 27 24 24 27 16 6 24 6 1 15 24 21 0 13 2 18 24 2 25 2 1 14 19 10 10 3 10 5 17 25 29 12 10 5 15 1 10 19 0 21 12 5 3 25 24 21 23 14 9 1 24 5 11 11 4 17 1 20 9 25 23 4 5 10 6 16 11 22 10 29 0 12 21 23 9 18 18 8 1 16 2 17 17 27 29 16 1 4 25 11 20 19 3 25 11 8 0 16 25 26 17 0 25 25
23 4 18 27 19 5 22 6 1 11 7 27 12 10 14 14 20 8 18 5 23 13 8 12 19 12 1 12 30 18 0 28 25 2 27 0 3 26 25 21 27 14 16 26 8 4 26 7 8 13 11 21 0 26 15 9 30 13 15 0 27 1 28 18 0 22 9 24 26 10 0 14 0 15 27 16 12 30 27 22 8 21 12 16 1 13 9 26 6 29 28 22 4 5 2 2 13 28 0 4 18 17 13 10 14 9 13 12 0 21 11 23 2 29 25 21 14 2 16 29 28 23 2 1 26 4 6 27 7 21 17 15 4 8 26 14 8 27 18 20 21 4 2 3 23 21 25 8 22 4
25 2 13 3 7 7 14 19 13 7 13 16 12 15 1 2 17 23 8 21 12 17 8 9 26 7 0 16 23 9 27 27 2 24 25 18 10 28 22 30 16 28 11 26 22 27 6 5 24 7 8 25 7 14 16 5 4 25 24 29 0 8 8 7 9 25 10 7 27 30 13 30 29 13 18 22 14 22 1 18 2 20 6 29 20 28 2 14 29 11 24 17 13 28 9 18 6 29 23 29 14 19 13 15 27 20 24 28 20 2 16 28 21 29 2 29 30 10 8 25 26 3 9 19 25 2 11 16 22 11 15 24 12 30 21 20 29 4 8 6 23 17 22 4 2 8 28 10 10 0
30 30 25 25 7 27 25 26 9 17 18 21 12 19 17 29 27 25 1 29 4 22 9 21 18 23 9 9 10 18 30 0 11 25 6 22 17 27 23 23 20 18 8 11 14 9 1 17 1 18 12 27 18 11 15 19 8 12 18 26 5 0 24 20 14 13 15 24 17 15 22 5 15 6 17 6 13 25 5 9 30 9 15 13 7 23 2 20 12 11 3 25 2 25 6 29 12 21 3 18 27 16 0 7 29 0 2 3 15 18 4 0 6 7 22 23 10 4 17 26 26 17 5 8 9 15 13 14 24 15 17 24 16 11 27 27 20 8 21 17 9 5 6 20 8 27 21 17 10 9
2 20 13 2 25 5 4 22 11 7 29 21 1 17 20 6 6 15 15 0 19 10 25 18 12 26 28 29 5 30 1 12 30 10 27 6 12 21 11 16 9 26 3 20 9 17 21 12 7 7 22 29 0 8 28 22 2 17 18 7 2 0 0 4 5 5 1 6 2 14 4 3 4 2 17 9 26 6 5 25 4 30 23 14 21 3 19 28 13 3 26 16 25 21 3 12 4 24 19 14 19 27 19 24 27 23 4 6 22 1 1 21 17 24 27 13 0 22 12 12 17 13 29 10 8 5 1 21 16 30 26 5 21 27 6 13 7 16 23 27 8 24 19 11 25 19 21 16 24 30
27 23 15 7 14 28 28 10 23 29 12 10 3 9 22 12 22 0 0 30 1 9 18 19 11 7 3 17 6 13 23 6 1 5 19 23 17 24 0 24 2 2 10 11 21 7 7 6 23 5 27 9 20 27 10 27 20 12 5 22 22 27 7 0 9 2 7 12 3 28 1 5 21 17 29 8 4 5 3 6 18 15 13 2 28 7 24 1 6 4 6 20 15 4 23 8 6 8 16 0 15 20 30 28 17 16 16 27 28 15 13 16 19 0 1 17 14 11 0 11 30 24 5 10 29 5 26 16 8 9 19 24 5 19 17 28 12 7 28 10 1 26 5 8 7 28 14 22 2 28
20 23 14 14 12 15 2 8 8 7 10 13 9 8 10 7 13 24 10 8 16 11 6 15 15 16 17 27 22 8 6 4 1 19 28 17 4 16 16 24 10 15 8 15 17 0 23 9 3 2 18 14 5 26 2 13 24 18 25 25 13 17 8 17 0 16 25 12 7 20 12 4 15 15 2 15 10 12 4 23 2 25 7 25 17 24 11 14 12 23 20 26 13 22 14 16 24 19 21 6 23 14 15 9 26 14 2 29 6 22 28 6 1 12 28 22 27 15 6 1 6 1 4 22 29 18 3 28 29 13 5 16 5 21 15 3 28 17 29 5 9 9 28 4 20 9 2 1 25 30
20 12 3 29 1 7 17 26 22 9 30 20 24 6 4 5 19 20 25 2 5 15 17 25 7 18 11 11 9 28 4 29 11 28 23 28 7 22 9 0 8 28 15 24 10 17 22 18 25 29 6 19 23 17 9 24 7 11 17 30 28 29 6 4 26 0 12 9 30 15 16 24 24 13 11 15 8 13 6 2 13 22 25 12 11 15 20 10 19 2 13 3 3 6 22 29 16 6 30 21 30 23 27 28 1 7 24 28 10 19 25 14 29 11 5 0 28 25 15 24 0 7 8 25 10 28 11 3 15 27 1 15 3 29 29 17 9 2 23 3 26 5 11 28 18 21 13 18 14 3
5 20 12 8 15 7 22 7 16 26 21 11 21 20 3 5 1 21 13 27 4 24 22 3 19 16 25 17 19 23 24 16 20 28 12 0 8 3 6 6 22 12 0 18 15 6 0 30 24 1 24 5 19 27 5 11 30 11 16 22 10 9 23 7 2 20 0 24 19 10 14 3 23 24 13 7 27 15 30 7 9 24 8 7 26 25 12 1 12 16 16 30 11 15 30 18 5 11 15 0 10 7 25 16 8 29 14 7 14 9 2 5 23 11 25 15 6 6 16 2 26 21 15 3 10 22 23 1 17 26 22 12 9 25 30 13 20 21 1 21 28 3 8 17 15 19 15 8 3 13
26 12 3 7 26 3 27 9 27 11 8 12 5 21 3 26 21 9 11 16 10 20 17 19 9 22 18 30 2 6 19 14 24 4 24 14 24 16 12 15 17 4 7 20 4 18 21 6 12 13 26 19 3 1 8 0 30 25 13 10 27 28 7 26 6 25 25 0 17 10 23 27 12 6 14 24 16 21 18 29 17 26 30 10 14 16 25 24 2 5 11 2 15 9 27 11 1 8 2 25 28 4 7 1 12 4 19 30 3 12 8 25 3 15 11 28 21 9 21 28 10 2 18 13 14 2 16 29 21 22 1 7 21 18 28 13 26 30 2 4 5 14 1 5 1 5 3 30 17 3
13 0 9 29 6 20 1 18 12 20 30 22 17 13 0 7 4 29 27 2 13 23 4 22 10 25 30 6 2 12 5 27 5 24 6 7 13 5 21 18 15 21 24 20 8 15 13 4 17 5 2 13 22 1 29 14 20 24 17 13 13 28 28 29 13 16 14 0 0 17 2 18 25 29 17 3 22 29 4 20 4 12 1 12 23 12 23 14 26 4 22 24 14 3 15 27 0 11 20 3 3 24 13 16 4 10 25 29 6 0 28 7 12 4 27 22 17 15 30 16 30 20 19 21 24 25 22 17 19 14 18 17 8 3 21 18 8 22 26 28 4 20 28 10 1 7 21 3 6 3
9 5 3 5 1 16 19 13 8 9 20 15 8 22 21 11 27 8 4 28 26 23 14 23 7 13 12 10 4 12 25 20 7 25 26 23 17 22 3 10 5 15 23 27 12 6 13 0 19 13 6 25 29 25 1 9 8 3 6 16 20 28 9 11 13 8 24 4 7 0 13 21 9 11 17 11 20 23 3 27 14 21 6 26 12 20 25 15 5 0 30 7 26 8 8 4 26 14 10 15 16 5 25 16 15 1 30 8 13 6 16 8 20 7 26 18 24 11 7 24 14 22 12 21 27 5 3 10 1 3 20 18 10 15 21 4 8 0 16 28 20 26 4 11 0 4 20 29 6 15
14 9 23 20 6 27 19 15 25 2 18 0 15 28 26 23 7 21 27 9 2 8 20 15 18 25 13 13 18 17 27 10 5 30 17 9 4 6 2 2 21 26 13 17 24 6 24 15 21 7 22 29 17 10 21 16 7 21 25 15 9 30 30 7 14 14 30 27 18 18 0 19 1 11 7 3 25 24 30 13 30 3 9 18 30 5 2 1 3 12 17 16 23 10 6 21 11 22 28 2 5 25 12 14 28 18 11 13 0 23 19 19 17 6 10 27 14 7 8 11 11 1 29 10 8 25 23 3 20 13 9 30 19 4 17 23 19 12 25 14 21 7 12 30 18 14 23 11 18 5
22 27 14 0 20 17 5 22 2 14 4 8 15 22 8 13 21 25 30 0 2 24 30 19 11 10 5 1 1 22 24 29 5 17 14 0 3 1 27 0 6 11 24 20 6 4 22 28 25 17 9 21 28 23 7 29 10 27 12 11 10 22 25 12 16 30 0 1 14 7 24 0 21 14 19 28 6 10 7 13 10 12 29 4 26 28 6 10 6 12 25 26 7 26 17 23 20 12 6 25 1 23 17 22 25 26 24 20 0 0 25 10 15 12 26 22 6 3 18 27 27 30 9 28 2 19 1 17 19 21 22 0 18 13 27 7 17 29 5 4 16 12 24 3 12 8 2 2 28 12
22 8 18 20 0 20 11 16 12 0 7 27 12 21 14 2 9 22 30 4 18 22 0 26 27 22 8 9 4 2 30 2 15 19 3 26 16 23 16 11 0 28 7 1 15 6 3 16 26 5 0 22 16 6 26 18 5 25 12 9 6 29 11 5 17 7 6 14 12 5 17 1 0 14 11 4 0 0 11 14 4 24 18 21 16 8 2 1 10 18 18 0 13 2 4 21 20 5 30 28 20 1 8 21 18 21 20 28 4 28 16 4 8 14 23 25 25 29 1 4 5 24 8 23 19 28 29 12 11 7 6 22 30 7 14 1 29 15 25 30 29 18 15 28 27 29 28 22 11 17
19 25 17 12 3 28 29 10 15 19 25 23 21 17 6 13 0 14 19 11 12 8 3 20 19 15 2 13 0 1 15 20 15 30 21 27 6 29 3 26 24 15 7 25 22 14 19 16 26 14 8 15 17 3 4 26 24 20 23 19 12 25 15 6 30 18 24 8 29 16 1 24 20 0 25 16 14 10 6 3 15 2 29 16 18 30 10 8 24 8 30 10 26 24 11 22 30 9 19 9 20 22 26 9 10 17 2 16 1 2 30 20 17 1 3 20 23 13 9 21 14 11 0 19 4 17 29 27 20 14 23 12 20 4 22 1 6 2 4 7 17 7 5 7 29 2 29 11 0 21
15 30 11 7 20 0 10 25 25 28 15 18 2 8 17 24 29 2 18 10 9 22 28 25 13 20 21 0 8 5 9 11 11 11 16 25 11 6 1 12 19 3 1 25 7 7 23 26 19 25 26 19 9 25 22 18 13 19 30 7 16 13 2 30 27 17 9 29 12 0 16 2 17 22 0 3 21 26 7 28 18 3 4 24 13 1 15 27 21 0 10 18 26 7 28 27 1 12 19 8 18 23 1 20 3 4 27 7 19 10 18 14 5 21 4 21 0 1 17 17 17 26 20 1 12 8 22 17 7 22 1 17 15 14 7 2 6 15 26 28 7 4 9 20 17 4 19 19 1 15
21 5 17 16 0 27 9 5 17 29 10 6 11 18 26 21 7 27 20 29 27 11 11 25 10 6 6 11 17 16 27 11 30 18 16 4 15 13 1 18 10 10 11 30 20 16 22 8 18 22 11 26 0 7 3 19 12 18 25 22 2 16 1 2 1 25 11 13 2 19 12 13 17 25 18 0 16 25 13 6 11 4 3 3 13 14 7 2 21 2 13 13 21 9 13 17 27 3 30 9 28 26 5 17 29 9 1 21 23 17 25 13 1 11 2 27 5 27 17 11 25 4 27 20 2 25 7 27 1 20 8 2 15 16 18 15 29 15 28 29 0 11 6 24 3 25 5 0 27 15
3 17 19 5 19 11 6 24 12 19 29 28 16 4 3 5 18 21 10 27 25 21 15 23 17 6 13 21 15 16 16 17 28 10 12 14 9 0 1 23 2 7 19 17 18 9 5 6 11 30 0 19 18 3 7 2 29 28 22 22 24 4 21 29 10 5 27 30 17 9 9 27 27 30 16 6 0 5 5 19 29 27 20 7 6 19 12 9 21 2 10 18 25 4 24 18 4 9 19 23 10 23 3 7 18 3 7 1 16 21 30 6 5 10 29 19 9 10 7 30 21 7 21 4 28 22 28 4 16 6 21 26 16 0 1 15 15 29 14 15 2 15 29 8 27 22 0 25 7 14
8 0 11 29 20 23 12 11 15 6 25 12 27 23 6 25 8 5 29 17 28 7 8 17 20 5 5 29 23 20 11 8 23 25 30 18 3 1 17 22 15 13 25 19 30 8 22 4 26 22 17 29 27 11 28 18 22 8 6 19 5 29 10 5 22 25 29 16 6 7 0 19 16 5 29 30 3 0 18 28 9 27 17 15 13 23 15 17 3 5 11 7 19 14 15 5 20 7 9 1 9 28 6 21 15 21 15 19 10 26 9 11 21 4 20 24 5 7 3 14 25 25 19 26 10 20 15 13 28 0 21 12 3 13 23 1 26 19 6 26 13 0 5 3 25 11 19 11 10 30
28 28 10 22 9 10 30 14 2 2 10 13 27 29 27 3 5 10 20 13 28 29 18 30 27 18 20 9 9 10 12 11 30 11 25 1 20 3 23 2 7 23 3 17 4 16 10 13 22 15 19 7 7 4 20 17 30 0 13 5 0 2 2 24 26 19 13 2 29 0 22 8 1 29 29 14 22 15 0 19 17 25 6 9 20 7 23 27 20 14 29 21 26 1 20 15 4 20 28 6 5 5 9 16 15 9 7 16 15 23 14 7 4 20 3 2 12 3 26 28 28 11 2 3 6 3 8 23 21 20 3 11 19 5 10 13 2 29 28 25 7 13 20 18 2 24 18 20 25 17
7 1 15 7 27 22 0 5 5 27 6 4 24 16 5 30 26 13 11 8 20 22 14 20 21 28 2 8 8 15 3 21 7 14 8 24 29 19 13 28 8 10 4 16 29 1 7 18 18 19 15 24 16 20 5 0 0 15 7 20 1 22 15 28 11 12 3 0 8 20 1 11 16 28 11 19 13 3 5 0 27 11 15 28 1 19 27 3 28 1 15 9 18 6 1 6 12 12 10 6 5 7 6 26 27 28 5 8 20 10 27 23 20 20 13 0 24 22 25 8 14 3 29 27 11 23 1 28 12 28 16 22 27 0 17 24 19 16 10 9 0 14 0 3 3 1 17 5 25 29
8 26 14 4 30 15 16 21 18 2 17 2 30 19 1 24 28 9 13 21 16 10 4 9 25 6 7 25 27 10 21 25 21 8 16 15 13 28 26 24 21 20 3 1 11 19 13 15 27 17 4 16 15 28 26 28 16 15 5 28 2 20 11 23 17 2 11 10 1 19 29 14 24 20 21 3 23 1 30 2 0 15 20 30 29 27 19 24 23 23 21 19 28 20 7 24 8 29 23 12 4 25 16 17 28 2 18 13 20 5 23 23 7 8 1 10 14 20 22 17 10 19 11 3 3 0 12 14 16 0 19 1 20 10 21 6 4 22 7 1 27 12 9 22 27 21 20 0 12 2
18 21 25 30 24 12 6 30 3 29 17 19 28 8 0 27 22 8 8 19 25 22 1 7 17 3 10 30 2 19 20 14 22 24 8 6 1 22 16 0 19 20 2 3 20 7 24 1 20 16 30 28 0 23 15 17 26 21 8 19 1 23 11 4 10 9 2 6 6 3 23 16 24 20 6 1 24 3 27 4 26 0 4 5 24 14 22 26 24 30 28 15 23 9 18 3 3 4 30 9 28 10 1 1 13 21 8 10 16 4 6 25 20 0 6 24 24 12 15 13 0 14 0 17 28 6 8 14 29 3 23 21 4 27 1 12 18 23 11 11 21 17 2 18 0 27 4 11 4 27
23 20 21 14 7 12 3 0 16 23 18 5 7 30 28 5 17 9 19 1 15 2 16 25 17 21 14 14 14 21 2 18 30 25 29 12 29 15 29 18 22 21 4 23 26 26 17 15 17 18 1 8 11 6 14 14 17 3 15 29 30 10 18 14 9 4 17 21 22 19 14 5 13 9 6 21 28 3 24 20 7 14 0 19 5 25 19 2 12 21 6 28 5 16 29 7 7 27 5 24 22 22 22 24 1 15 30 4 14 28 22 29 9 29 23 0 30 18 15 21 12 30 10 28 11 29 12 15 23 26 1 18 8 11 16 18 28 7 12 7 25 20 26 21 13 3 20 17 6 8
13 14 29 12 6 23 3 22 11 7 9 10 22 30 25 9 25 7 11 8 5 9 28 22 12 18 15 17 27 10 14 15 15 19 3 7 6 12 7 12 13 3 2 26 19 28 27 3 16 20 8 25 12 15 19 20 23 8 9 9 10 20 29 13 16 21 18 19 24 0 7 1 26 24 14 11 19 4 0 4 27 1 27 0 14 15 14 28 6 26 29 1 18 29 4 15 4 2 23 13 20 10 28 11 5 1 2 18 21 14 24 13 22 17 15 24 22 3 23 19 18 20 15 23 3 11 13 21 16 18 23 27 5 18 12 1 0 20 29 15 10 11 1 5 4 16 26 24 19 16
6 0 3 16 14 12 18 27 30 19 25 2 0 19 10 5 22 6 7 11 11 21 12 27 2 11 30 12 28 24 12 10 5 26 22 22 3 13 30 16 29 23 15 18 26 3 9 7 12 18 30 23 30 27 4 9 30 5 16 24 0 5 7 8 23 4 29 4 17 24 19 27 16 30 23 4 21 20 5 28 25 10 22 13 0 0 27 11 21 7 30 12 26 28 30 18 26 2 24 4 23 8 29 10 14 6 7 1 5 6 10 30 28 17 10 3 27 18 8 26 1 15 29 14 14 27 4 17 30 5 25 16 14 12 29 7 10 11 29 13 5 21 0 4 28 20 20 0 28 22
4 23 15 10 2 19 14 18 30 17 2 4 29 13 16 18 1 25 4 30 9 16 14 15 4 13 3 9 13 23 25 1 15 7 4 8 17 30 1 27 20 14 23 0 6 11 27 10 15 8 11 0 11 8 28 19 20 4 0 4 5 18 19 4 18 20 26 16 1 24 4 15 27 3 23 19 26 25 16 15 23 3 5 1 9 0 22 0 1 21 7 21 29 2 27 22 27 17 7 24 23 13 24 23 7 23 23 20 16 1 17 28 3 27 29 17 22 22 6 30 8 6 4 25 17 6 3 3 21 7 4 17 9 2 26 14 30 14 11 8 30 30 8 21 27 0 16 11 16 15
9 11 10 5 30 6 23 1 28 16 17 0 17 21 27 9 27 17 0 29 4 8 2 25 17 11 7 15 16 10 20 25 12 9 24 4 30 13 25 14 16 19 23 21 28 0 15 8 8 22 25 14 21 10 10 29 10 11 2 21 23 18 11 0 18 26 23 9 6 11 22 24 21 30 29 12 25 4 29 27 4 4 4 23 18 13 0 8 24 25 1 9 4 11 20 13 26 9 17 18 27 0 12 17 2 7 15 26 24 1 28 25 7 14 17 25 25 13 0 2 15 2 25 4 30 1 10 17 23 26 12 6 11 4 8 13 26 29 10 7 14 12 13 25 9 23 28 16 13 1
6 13 26 27 21 11 29 17 20 27 11 25 0 12 17 5 15 27 3 21 18 27 10 7 5 25 21 30 7 15 8 4 23 12 14 11 20 8 23 22 14 18 0 24 6 5 0 11 0 27 6 28 14 21 6 16 30 12 21 9 13 15 18 2 8 10 22 24 5 15 24 26 19 29 12 23 26 1 15 17 15 19 21 9 2 29 12 0 19 25 20 9 15 25 12 11 14 1 18 29 18 9 26 12 24 10 9 8 29 23 5 27 20 4 17 2 21 19 11 28 21 8 19 12 21 9 12 23 16 30 30 12 16 15 6 7 12 23 19 7 4 7 3 29 14 14 0 6 15 13
0 14 10 8 19 0 20 6 8 26 2 28 22 25 29 28 17 3 25 7 19 1 18 29 8 16 8 28 25 25 21 14 30 26 13 13 25 10 13 7 15 26 19 30 18 16 10 15 6 27 8 21 26 17 9 10 12 8 23 26 23 25 26 19 21 3 24 14 3 11 24 9 13 0 15 19 22 15 0 14 9 3 21 2 19 10 16 30 0 2 7 9 13 9 7 15 7 25 0 16 22 27 18 12 3 19 10 4 18 10 29 27 2 15 12 21 9 29 11 20 29 8 24 30 25 7 24 17 7 10 9 13 24 11 4 21 17 6 8 29 9 3 24 16 13 15 11 7 26 30
23 3 19 18 25 0 13 26 8 25 10 19 6 14 1 6 7 5 6 0 0 21 12 30 6 20 22 5 29 9 18 6 9 2 3 30 30 21 11 10 28 23 3 3 24 25 17 24 0 21 13 5 13 0 15 6 30 7 7 14 13 30 23 4 4 4 0 5 8 17 13 16 7 12 10 20 0 9 25 26 0 14 21 27 22 11 12 1 27 0 11 10 3 27 14 29 23 12 15 10 3 18 26 6 3 18 25 3 13 26 13 18 25 3 4 10 20 14 26 10 30 8 4 27 27 22 10 14 14 13 25 17 23 4 23 13 18 18 1 24 28 27 12 20 24 5 19 20 8 23
0 3 15 25 22 4 24 26 2 12 4 21 10 7 2 26 5 7 27 15 13 29 24 6 16 15 1 18 10 24 22 15 15 19 17 23 21 8 14 22 13 7 21 16 14 27 4 28 7 9 11 6 26 28 12 3 1 10 26 0 7 30 17 20 1 29 4 25 0 28 10 18 19 8 9 4 24 6 1 28 15 25 25 13 26 29 7 3 30 12 0 3 13 9 0 25 6 13 0 14 11 2 28 19 10 28 19 27 24 4 25 0 30 17 20 25 7 23 14 3 18 13 8 19 3 21 22 27 24 29 26 26 24 8 28 15 26 0 25 4 20 26 2 9 24 12 8 28 4 19
5 20 18 11 29 29 5 22 5 2 28 21 14 10 26 27 8 16 12 7 15 26 20 21 19 25 1 30 5 26 20 1 18 11 29 15 1 0 15 14 24 5 28 26 20 17 28 19 20 24 29 17 5 13 1 5 28 28 22 11 28 19 19 30 8 16 12 14 10 28 21 1 6 17 11 4 19 18 12 30 6 23 0 6 16 18 23 9 29 15 26 0 30 11 25 15 0 19 6 11 3 29 30 23 15 25 23 15 7 14 5 6 17 30 21 5 4 19 25 12 23 20 10 16 21 5 6 9 22 29 15 27 12 28 30 12 2 7 11 5 0 15 20 4 30 23 2 7 13 3
30 16 7 19 6 5 6 12 7 18 20 28 6 3 17 27 22 23 3 22 26 2 26 4 26 17 17 0 7 10 6 22 26 13 23 9 30 20 7 18 3 17 0 8 19 16 9 3 17 18 14 24 8 11 12 16 24 20 13 30 16 13 19 29 26 28 22 21 2 13 14 29 28 12 24 8 17 27 25 0 20 21 28 6 5 8 29 29 4 6 28 29 0 19 8 30 1 23 27 27 25 0 28 10 11 14 28 15 21 6 13 7 2 23 1 15 19 4 24 15 1 29 24 8 22 23 1 29 7 17 30 13 18 21 4 1 18 21 18 24 0 23 3 3 8 0 0 5 30 26
4 22 0 17 29 16 4 6 29 17 23 28 12 29 12 0 30 12 15 12 29 13 4 0 15 21 27 23 17 13 20 18 25 28 7 2 13 29 22 13 14 8 23 12 26 26 21 27 10 20 21 6 30 6 13 18 14 16 24 5 6 19 4 14 5 17 20 12 2 6 4 15 10 3 1 17 5 7 9 20 30 12 17 12 16 9 24 12 30 23 5 17 5 0 21 26 4 28 10 30 27 20 15 10 7 19 7 23 0 18 4 6 30 21 20 23 6 20 5 18 23 25 13 4 10 14 3 11 2 5 28 15 10 15 1 27 3 21 24 18 27 20 15 11 5 19 29 21 5 12
15 10 24 11 16 25 9 19 2 6 27 3 16 5 9 23 5 29 10 30 18 17 8 21 27 16 13 1 4 3 21 24 25 8 12 2 21 6 5 16 11 19 28 28 22 3 19 28 25 30 28 11 25 3 13 21 19 15 1 11 2 9 1 3 26 5 14 2 18 7 25 12 15 1 28 27 5 2 15 22 1 13 5 16 15 22 27 6 28 29 17 6 29 29 0 23 6 1 6 30 21 22 11 29 22 19 14 15 4 21 26 28 7 30 30 16 6 12 12 1 16 11 12 1 2 17 0 21 15 0 0 30 22 26 4 3 24 29 8 12 18 29 11 2 2 19 10 8 27 15
10 1 18 27 23 23 0 13 9 15 13 12 3 24 1 8 27 5 14 28 9 0 16 3 2 28 29 29 4 14 18 5 2 20 16 15 26 29 9 26 13 23 25 25 0 16 20 18 14 26 3 3 4 4 14 24 24 22 10 6 4 18 25 14 20 20 0 30 3 26 5 0 2 18 12 5 10 19 4 3 10 27 17 3 13 15 21 30 17 14 2 13 22 0 22 0 29 26 14 2 3 3 1 11 11 27 21 1 7 29 6 0 19 26 22 2 30 11 21 15 18 27 24 23 9 5 9 21 20 26 18 27 30 20 10 7 26 9 10 0 12 5 2 1 15 12 9 3 12 24
5 12 18 27 12 10 25 18 30 10 24 9 8 29 28 22 12 25 27 12 15 22 18 26 2 2 19 4 11 10 7 16 17 24 13 2 4 23 10 28 11 0 5 22 5 0 9 14 23 30 11 3 15 6 12 11 9 5 1 21 10 5 21 13 7 25 25 28 29 15 29 28 23 3 10 0 16 18 28 21 12 24 20 17 22 5 3 4 3 15 10 0 12 28 21 11 0 26 26 21 12 16 5 28 29 3 4 3 24 11 10 14 0 25 11 21 20 8 20 28 12 28 15 13 18 28 21 1 9 15 21 18 24 24 7 18 11 30 18 6 5 15 30 20 1 16 9 11 18 1
6 20 23 13 6 1 26 0 4 12 17 13 7 21 5 12 1 10 17 27 9 13 1 28 22 25 20 25 15 6 27 26 22 28 3 23 14 9 6 15 6 1 4 6 14 4 5 21 10 8 1 24 8 22 4 17 12 27 4 1 20 16 19 18 5 29 1 12 19 20 4 16 2 8 20 23 12 29 20 1 1 14 6 25 3 29 13 20 2 2 21 12 5 21 29 10 20 0 15 14 11 24 12 17 29 20 12 17 11 25 20 6 17 16 3 27 30 24 17 16 11 13 15 12 20 14 29 15 18 24 4 12 1 30 22 1 18 28 2 26 17 15 12 7 12 15 11 17 9 1
9 25 11 6 13 13 22 20 23 2 14 23 3 16 4 22 5 25 22 11 24 29 29 30 8 27 11 26 25 4 22 28 4 2 15 27 3 20 14 0 13 24 24 11 22 26 21 3 19 10 19 5 0 20 28 12 14 13 6 0 23 14 12 8 8 19 12 13 12 18 29 17 5 20 13 17 6 8 26 19 7 10 2 8 30 7 17 30 0 0 27 24 23 9 25 26 18 17 0 1 30 17 15 26 12 10 22 19 30 30 22 13 12 0 15 21 7 20 15 27 6 29 18 12 24 6 20 20 21 13 16 3 29 25 7 11 25 24 1 15 15 13 18 5 6 21 3 8 22 13
1 27 6 15 29 24 6 17 18 23 6 5 25 29 16 7 12 3 13 12 22 16 16 11 29 13 16 27 8 20 2 6 10 23 30 10 27 16 24 5 22 3 22 24 22 25 7 4 20 23 26 9 16 4 21 1 1 19 10 17 6 13 0 5 13 17 8 13 1 27 16 13 15 1 19 25 28 0 16 18 2 16 12 21 8 3 23 6 15 21 21 11 12 6 30 20 25 14 8 0 3 29 29 11 11 12 4 12 24 30 27 12 21 14 19 8 26 24 10 10 22 25 22 18 7 12 2 11 5 1 5 11 28 4 3 29 4 18 6 27 8 8 30 29 3 0 4 17 13 22
9 3 12 3 17 1 8 26 29 3 23 7 30 20 30 30 17 26 14 1 25 16 0 8 15 14 4 28 9 0 0 22 19 13 21 9 9 27 7 19 6 0 19 28 20 29 17 6 15 9 3 14 25 17 26 20 0 3 19 28 20 7 2 29 18 6 22 30 28 30 28 0 10 25 6 4 4 29 20 25 0 15 26 20 2 1 29 18 6 22 14 15 4 22 9 17 11 1 20 27 0 8 27 10 10 15 13 14 13 24 24 18 13 8 11 25 15 8 20 4 8 9 27 14 15 24 2 2 14 11 17 29 19 28 26 30 12 20 10 3 23 17 25 3 8 25 2 22 23 6
7 12 6 30 14 9 29 5 24 0 29 19 29 14 16 7 4 22 9 12 5 7 26 0 2 23 14 9 24 14 2 8 27 2 19 14 28 30 18 2 11 13 11 2 4 28 9 12 16 3 16 14 13 26 6 13 1 25 24 30 28 25 15 7 7 3 17 11 8 30 9 28 28 20 6 18 2 25 17 22 19 26 0 5 27 0 15 17 16 21 14 0 5 0 20 20 18 26 14 21 13 0 3 28 19 16 10 26 7 12 20 26 23 8 12 26 25 25 26 19 11 12 25 29 1 14 22 7 24 28 9 4 20 3 20 11 30 4 9 27 16 1 14 19 29 14 20 21 7 11
12 14 29 21 22 11 14 14 30 30 0 17 26 0 24 14 12 4 5 27 10 25 26 15 3 23 6 6 1 22 0 6 28 3 28 3 8 2 4 13 1 30 28 30 16 22 22 2 28 21 29 17 13 27 15 15 15 15 17 15 18 2 23 30 27 3 5 12 22 25 7 24 24 8 8 14 9 26 22 20 14 0 3 22 18 28 8 6 2 25 3 20 6 12 14 17 13 17 15 21 16 30 0 7 12 4 18 11 26 22 29 13 29 9 8 4 16 5 26 20 11 7 12 24 25 17 6 21 26 2 8 26 10 17 28 29 9 28 24 16 17 25 20 2 28 14 4 16 2 28
21 13 1 20 6 15 0 7 0 23 21 18 1 8 12 8 24 28 24 19 16 14 21 13 30 27 22 8 13 22 23 5 29 13 5 8 19 27 28 8 6 12 25 21 10 22 23 15 2 20 8 0 18 7 1 3 4 17 1 4 20 17 2 3 16 7 20 14 29 13 20 26 14 2 17 20 8 8 8 19 13 8 20 8 2 1 0 21 4 22 11 28 17 20 14 24 3 22 8 23 9 7 13 0 3 8 19 29 22 30 23 18 9 22 10 24 10 1 7 20 21 25 7 28 0 20 1 12 9 17 1 14 18 13 9 29 12 15 17 6 12 1 4 26 28 14 27 15 25 25
4 13 5 5 8 16 3 30 13 8 16 20 20 10 28 16 5 22 4 10 15 1 0 1 30 3 14 11 13 15 24 4 6 12 8 27 1 6 20 14 5 29 28 20 11 4 29 13 3 14 9 0 12 23 15 30 3 28 29 14 15 4 10 17 20 3 11 9 1 24 21 19 13 25 12 20 21 27 1 26 13 22 24 1 6 0 16 6 4 19 10 17 7 24 15 17 23 10 16 22 8 0 6 16 0 27 18 2 27 13 13 18 24 3 28 24 2 27 19 3 3 10 23 20 16 26 0 7 30 15 17 30 30 2 30 26 22 12 23 9 0 16 13 12 3 4 16 9 10 26
26 14 17 27 18 15 22 6 7 28 15 3 26 23 4 14 3 28 1 10 4 16 22 7 20 29 7 25 11 14 21 8 13 1 6 4 21 5 12 29 21 11 7 26 27 20 8 25 27 21 12 9 4 8 19 6 11 0 20 20 3 18 3 17 20 21 10 10 30 6 5 19 1 16 15 6 11 5 10 27 2 12 14 2 24 15 13 26 30 3 16 4 15 5 23 1 1 28 14 13 27 22 16 0 23 0 26 27 1 26 0 11 10 6 13 12 2 5 8 1 6 6 7 19 14 5 3 11 22 12 14 18 14 25 2 16 1 28 27 25 6 15 7 0 5 8 21 4 18 22
11 25 2 8 0 0 18 24 0 12 22 12 10 7 25 8 6 28 2 20 26 0 29 0 8 23 29 6 7 9 24 17 14 4 5 2 2 28 16 0 2 4 22 29 11 19 2 28 15 7 25 1 21 19 7 10 20 19 13 19 14 7 3 10 2 3 30 21 18 16 9 22 18 20 6 1 8 21 12 3 20 25 10 22 9 28 13 24 13 26 1 14 9 8 16 5 6 28 5 3 3 16 26 29 13 16 0 29 13 19 8 21 3 29 21 22 27 29 17 17 21 9 5 30 20 7 22 27 11 6 30 28 20 22 6 0 20 13 21 8 22 5 16 12 2 19 7 4 13 17
14 1 21 7 30 8 18 18 17 16 14 12 28 11 10 5 25 23 15 5 20 29 16 22 7 13 5 14 25 16 13 5 7 22 29 25 29 21 30 18 21 17 8 25 9 12 23 26 2 27 14 28 24 6 9 27 9 1 10 8 8 4 9 4 8 10 27 6 19 30 28 14 2 23 15 6 12 2 27 8 5 21 22 18 29 12 25 11 6 10 6 29 14 28 20 22 20 11 17 13 18 2 3 24 2 10 13 0 4 22 19 8 22 17 23 26 24 0 10 29 26 28 27 26 29 12 17 5 27 0 27 11 19 29 20 21 19 14 28 25 7 5 23 5 12 27 3 7 29 16
8 5 8 18 28 5 1 16 29 3 14 4 14 14 5 0 29 9 9 20 25 20 19 5 19 17 11 16 18 11 19 2 1 10 11 30 23 6 1 26 9 7 27 16 26 27 13 26 15 26 18 7 12 20 14 28 28 29 1 17 19 14 15 25 21 21 8 21 1 5 23 9 7 5 10 2 10 12 14 21 28 10 20 0 26 30 15 12 22 5 11 2 14 4 16 30 16 26 23 28 5 22 17 29 21 19 27 22 0 11 5 28 16 21 18 28 16 19 30 26 17 28 4 19 2 26 4 13 0 23 12 0 6 13 16 26 6 27 24 16 10 14 11 21 1 2 13 5 8 12
12 19 27 13 20 0 4 9 25 17 6 26 17 11 10 0 12 3 29 2 7 2 17 13 0 9 19 7 22 10 21 11 4 1 4 9 19 11 16 20 27 1 0 24 25 16 3 25 23 18 17 11 26 22 28 11 7 4 30 3 4 13 2 9 3 22 28 30 0 7 22 5 3 8 11 16 19 7 25 29 6 26 20 22 30 19 3 28 1 6 1 28 5 13 3 4 5 29 19 27 1 30 26 13 6 19 16 20 7 0 22 16 14 30 1 2 18 19 4 17 0 29 1 25 28 8 24 20 9 22 6 9 3 22 14 30 13 3 28 19 19 16 6 9 18 25 8 13 9 12
29 13 7 11 0 18 30 21 30 30 21 29 19 17 11 28 23 15 17 5 28 5 24 27 6 24 22 30 5 18 29 23 11 22 19 29 2 16 27 26 3 1 15 0 20 13 18 6 12 22 11 5 21 27 22 23 9 22 13 15 11 22 15 19 3 26 24 11 3 8 16 14 17 12 21 15 0 26 12 18 12 9 10 23 9 13 0 22 10 4 3 16 6 12 23 20 9 25 19 22 25 20 25 24 29 12 23 6 21 28 0 24 15 30 28 11 14 22 8 14 5 25 10 29 25 2 24 14 18 11 0 6 11 19 10 26 11 3 17 15 0 5 28 23 17 24 6 24 5 10
1 22 25 2 27 5 3 2 29 16 12 26 4 24 18 0 20 19 11 3 3 27 2 6 19 12 10 6 2 6 5 28 5 13 6 29 1 30 11 16 18 15 19 15 25 26 18 12 26 15 22 15 2 19 5 29 10 28 18 12 7 12 22 12 13 26 21 22 10 11 10 19 28 11 0 12 16 30 15 12 6 30 10 26 5 11 4 22 1 13 10 21 14 9 14 12 18 15 11 5 10 1 16 10 4 6 21 28 30 0 2 0 4 2 14 10 21 24 0 1 10 24 17 8 9 14 13 6 7 30 13 16 19 12 13 1 4 12 19 20 3 19 0 3 8 0 26 0 25 27
25 13 26 5 11 4 10 6 14 30 22 1 16 16 6 16 21 10 13 5 23 24 23 3 9 20 24 25 3 11 17 14 19 21 19 22 10 4 4 6 17 13 28 18 18 7 4 6 14 3 11 8 7 27 21 18 28 8 27 4 15 3 29 18 29 30 4 0 16 4 11 7 6 3 17 22 3 23 1 8 28 2 9 25 8 23 3 6 28 6 14 10 2 23 4 24 16 29 6 13 12 16 21 24 20 3 28 20 7 4 19 8 0 23 10 19 23 21 16 6 11 8 3 24 3 0 11 16 2 24 29 21 7 15 22 23 21 30 7 15 22 13 25 0 21 8 22 27 11 15
9 22 23 14 27 18 7 10 14 25 17 2 17 0 29 4 5 29 1 18 27 25 20 11 6 30 19 21 16 5 5 1 20 11 17 28 24 29 19 17 17 4 1 18 16 18 13 2 29 0 4 8 20 28 25 1 7 25 10 10 15 25 16 28 25 22 9 19 13 13 13 17 0 1 19 21 9 11 15 30 28 21 8 9 22 2 19 23 19 25 0 2 4 23 21 16 24 26 27 5 27 26 21 17 13 18 24 15 5 2 30 5 28 0 12 13 0 8 7 11 21 0 13 29 25 8 21 26 21 1 4 30 9 22 24 24 9 17 5 17 18 30 20 2 20 25 23 22 27 9
7 9 9 27 7 2 5 22 16 0 0 9 25 18 12 30 4 16 23 19 13 20 17 22 17 14 7 8 3 9 28 21 14 12 5 19 18 2 17 13 27 24 12 2 10 11 10 3 13 28 12 3 25 4 11 3 5 6 0 10 5 5 13 0 26 7 12 27 28 25 24 1 23 3 10 25 7 29 2 13 5 29 11 4 12 13 18 5 17 27 27 25 25 22 17 8 18 21 15 25 13 5 11 17 21 8 7 25 22 16 4 11 20 2 0 23 18 27 29 10 14 2 27 24 10 15 4 24 8 14 5 22 30 1 23 3 28 26 28 7 0 2 4 14 24 0 13 12 20 26
4 12 14 20 9 23 2 27 2 29 14 9 28 8 14 24 15 16 26 15 25 14 12 8 5 25 5 7 15 2 11 2 4 18 18 27 2 20 18 11 12 19 18 5 27 21 13 29 17 25 12 4 3 9 11 23 5 8 30 16 14 0 30 28 11 19 4 0 0 18 30 4 26 28 10 1 10 12 20 20 10 25 7 19 19 16 15 6 16 13 28 27 19 23 17 5 23 1 30 4 19 14 27 14 29 14 25 11 27 14 22 5 15 24 6 0 25 19 23 26 4 6 25 6 21 26 9 24 26 8 3 26 10 12 28 14 21 3 28 18 30 30 20 16 10 17 18 20 1 1
17 6 7 21 7 10 2 2 22 24 26 0 4 26 12 15 17 26 17 28 14 30 26 12 28 28 11 8 19 25 30 23 23 16 16 10 19 29 8 13 21 5 22 7 9 29 1 8 9 18 24 28 1 15 13 9 15 8 24 15 2 0 14 28 9 13 26 4 13 4 28 11 11 14 22 5 7 28 17 30 5 4 6 12 26 27 22 28 5 20 27 17 26 29 29 10 18 15 29 17 16 30 10 24 11 26 5 17 5 12 16 11 7 10 6 0 0 23 30 6 24 16 1 14 6 30 7 13 22 16 0 23 21 28 21 26 29 25 18 5 8 8 18 18 27 2 18 29 25 6
17 14 20 23 1 13 25 30 13 18 4 8 24 19 15 29 22 1 27 9 22 7 5 26 29 28 7 29 29 11 15 30 5 10 30 24 25 30 3 12 1 18 19 15 24 7 16 0 18 22 18 19 25 2 3 6 7 20 9 0 13 0 7 15 2 0 24 12 13 5 28 13 6 15 27 14 11 6 10 12 26 12 17 16 21 1 17 5 14 26 21 16 20 28 1 1 0 26 0 8 13 13 20 10 30 29 4 27 4 30 11 13 9 20 10 13 23 0 15 27 30 25 4 8 13 20 10 1 12 0 16 5 9 25 14 13 8 2 30 5 4 17 13 8 16 0 15 29 4 6
22 14 21 19 12 23 4 15 17 19 26 27 24 7 13 13 27 23 25 21 0 11 21 5 21 29 16 0 26 16 4 4 9 22 30 13 10 26 8 20 24 15 6 27 2 23 8 27 3 13 27 12 22 23 19 26 28 0 20 3 24 16 0 22 13 15 7 19 9 26 29 10 1 10 27 7 21 28 28 19 12 23 29 13 4 25 1 9 29 30 4 0 28 17 9 21 21 23 14 11 0 3 5 0 9 3 22 9 27 23 25 9 11 9 9 9 14 12 0 1 16 8 13 28 10 5 6 5 30 19 16 26 4 6 23 13 8 2 16 8 13 14 27 8 30 30 22 15 11 10
21 13 10 22 29 6 22 8 30 19 30 20 20 11 2 18 0 30 16 27 30 23 25 2 15 19 5 22 9 21 10 27 5 19 20 7 21 22 8 10 30 13 24 1 14 4 7 4 28 5 30 8 17 20 5 11 1 16 28 10 14 5 1 17 25 23 11 16 8 1 8 28 3 27 3 4 11 0 8 2 24 11 7 28 8 0 1 17 1 2 6 25 19 7 26 30 27 20 7 8 27 20 20 22 24 14 13 20 28 25 14 11 13 30 1 2 15 5 3 0 1 16 3 10 27 6 25 0 5 13 17 13 27 13 25 1 0 29 22 4 5 21 16 6 4 15 12 4 17 6
24 2 22 29 2 17 16 10 22 27 13 28 29 7 28 11 20 8 17 2 16 19 11 24 8 5 6 12 4 6 18 28 10 13 23 0 4 8 28 6 27 0 25 6 14 2 28 4 22 13 6 10 12 11 21 16 3 7 14 17 7 7 27 9 22 1 0 22 14 19 9 21 1 13 29 5 5 13 30 8 2 9 17 0 0 12 8 27 4 30 18 8 17 20 13 23 23 14 5 19 26 8 21 3 23 21 19 0 30 25 16 6 23 18 1 3 22 27 14 27 0 12 1 15 13 10 22 21 23 8 21 0 23 13 2 16 24 24 19 2 30 18 6 19 12 25 13 25 10 30
30 2 11 8 30 8 7 22 28 8 20 11 1 22 20 21 17 17 20 25 2 3 14 0 8 29 30 5 2 23 2 30 2 1 11 7 9 24 9 24 30 11 1 9 10 2 3 25 22 22 10 23 14 12 11 11 30 3 14 18 1 8 23 9 24 29 7 2 30 18 5 29 23 23 1 23 19 21 3 22 23 14 16 23 30 7 28 26 2 12 21 9 4 15 11 22 5 12 1 18 7 5 27 30 0 10 20 22 6 9 18 21 1 14 21 17 30 13 18 14 16 0 21 24 18 22 14 12 19 4 16 20 19 30 27 26 10 22 16 22 24 20 21 1 6 12 15 21 19 7
28 24 17 26 0 22 8 11 8 9 3 16 29 27 4 19 29 6 25 23 28 16 6 12 4 14 16 5 27 9 29 2 28 22 18 26 13 13 10 13 16 3 18 19 20 25 26 11 6 24 10 19 10 18 24 16 20 29 22 26 4 21 27 12 1 11 3 27 16 18 30 28 6 1 0 7 24 20 28 3 18 8 17 25 7 18 6 14 19 11 26 21 23 19 30 1 15 29 23 25 0 19 7 25 28 10 8 1 0 28 20 27 1 17 12 1 14 28 18 0 2 12 0 21 21 7 11 13 29 2 7 14 13 10 4 29 1 0 26 12 26 7 9 4 7 7 7 16 15 30
6 9 9 25 12 25 17 10 2 22 7 16 17 19 28 30 26 22 23 1 25 11 1 25 11 22 24 27 22 0 30 12 26 30 20 6 17 20 23 30 14 30 1 13 16 3 11 11 5 21 23 10 13 24 7 3 25 14 12 3 21 28 16 28 3 10 13 4 6 10 26 11 20 30 7 13 23 8 15 19 13 6 12 3 8 22 28 24 3 0 14 27 30 29 8 6 16 12 14 9 27 23 20 15 14 14 25 30 23 16 11 3 2 29 13 24 21 9 23 27 22 13 1 0 18 2 13 29 13 4 5 27 11 2 28 18 25 17 14 0 7 14 13 19 24 13 26 4 17 0
11 18 15 30 11 6 24 0 27 4 4 3 27 6 29 11 22 8 5 9 4 1 3 22 3 3 23 21 18 2 21 11 19 27 18 20 4 14 29 23 26 3 16 30 4 15 30 9 14 0 9 29 1 8 1 23 5 25 20 7 14 24 19 27 12 13 29 13 3 3 9 24 12 6 8 27 25 15 2 6 19 11 18 28 13 18 12 18 7 9 13 8 4 21 8 17 9 4 3 20 8 3 25 15 27 8 22 1 3 22 7 2 18 0 12 23 6 10 13 17 4 17 21 19 0 0 9 29 3 18 28 11 21 27 26 2 29 1 30 15 15 12 13 17 30 6 30 7 18 20
30 30 8 29 18 4 5 21 0 7 14 19 29 10 24 29 1 7 29 27 29 0 24 13 18 21 8 8 17 17 1 16 17 19 18 24 8 12 22 16 14 10 7 24 8 9 3 29 20 1 13 14 8 19 6 29 3 23 9 5 16 2 21 25 4 25 8 2 18 10 10 14 4 1 4 0 8 16 22 13 8 14 20 16 7 16 2 6 21 3 21 8 2 9 7 2 17 4 18 13 25 22 18 17 28 12 15 20 4 24 24 5 1 13 27 12 17 10 28 18 4 13 24 1 3 0 15 1 14 7 3 7 14 20 5 17 13 2 28 10 12 30 27 15 21 11 14 5 0 5
18 1 4 13 7 27 22 17 29 7 25 0 0 22 0 3 4 22 1 12 9 8 25 6 5 12 16 29 6 5 28 18 14 27 20 10 30 26 1 11 16 27 5 18 1 17 11 25 25 29 25 20 30 23 13 9 28 13 28 26 15 14 6 29 0 17 19 28 13 0 22 10 30 5 7 15 23 13 8 16 0 29 6 23 16 18 7 19 24 27 18 3 4 8 16 11 18 13 18 29 12 21 14 3 5 22 3 21 4 5 7 7 15 12 20 7 17 20 6 23 24 6 4 9 21 28 0 25 16 29 21 29 1 0 6 9 30 11 30 12 0 0 7 7 26 26 26 10 3 2
10 24 22 11 19 0 22 4 5 6 3 30 17 21 4 5 25 19 7 7 2 26 6 3 5 25 3 30 22 30 19 23 3 24 8 23 13 12 16 9 18 28 6 6 8 9 5 17 12 23 0 2 26 29 20 29 30 18 23 7 0 10 20 23 26 11 2 12 12 24 2 7 2 5 22 2 14 19 18 12 20 29 2 5 21 0 17 18 13 30 28 26 5 8 18 5 14 24 7 12 23 3 18 21 2 2 22 11 6 27 29 19 7 0 17 19 28 28 30 24 18 5 4 26 25 24 6 0 14 20 30 11 27 0 28 17 18 25 11 3 7 19 13 14 22 23 11 12 20 8
8 0 20 16 4 2 16 29 11 9 9 11 8 17 18 29 12 3 30 18 5 28 25 0 5 14 14 13 13 26 0 18 19 11 1 9 1 25 29 11 13 20 30 4 13 24 5 26 13 7 15 22 14 11 27 27 7 17 2 26 22 27 19 11 1 1 16 11 23 6 19 12 13 1 23 2 27 11 10 14 18 19 4 13 6 18 19 17 10 6 27 5 28 4 24 12 21 27 19 28 6 10 6 12 20 5 17 21 23 19 29 11 9 21 12 30 10 23 8 2 5 15 8 11 14 25 8 13 0 11 25 27 18 6 24 10 9 23 16 6 28 20 10 2 26 9 19 12 2 28
23 5 30 30 10 19 4 3 17 12 30 10 14 25 19 17 30 2 30 3 24 18 2 26 20 20 4 0 9 9 11 3 30 1 16 1 21 28 14 24 4 0 2 14 20 9 18 24 27 8 4 13 27 2 8 13 4 25 14 12 27 20 28 29 10 24 29 3 12 15 6 23 29 21 9 21 21 10 15 24 10 4 12 8 19 4 28 9 30 0 28 6 14 25 9 0 2 28 29 12 22 19 30 13 30 23 3 3 9 16 30 29 15 13 14 14 13 3 29 1 7 5 15 17 0 10 18 25 2 0 29 11 17 0 30 30 9 23 16 4 29 8 16 22 3 5 8 4 13 28
18 11 27 1 23 0 0 14 4 15 22 23 8 2 10 3 21 10 29 16 24 15 7 4 1 9 5 22 17 28 7 2 4 6 19 0 26 22 26 24 18 18 27 16 22 21 11 23 0 8 22 29 1 23 10 5 25 26 25 5 11 15 20 19 6 7 28 28 7 26 22 30 10 19 24 2 17 4 28 20 14 8 29 21 1 28 1 15 18 7 7 29 13 23 1 21 30 30 30 12 15 16 8 23 19 19 16 30 9 23 29 25 23 12 8 14 19 10 27 29 18 1 29 7 15 10 6 6 23 7 0 17 25 5 8 21 16 9 26 4 17 26 12 24 21 26 2 27 29 23
25 7 18 27 0 0 30 23 12 30 3 16 0 6 12 4 3 2 1 5 21 23 5 21 26 9 2 22 16 7 21 13 13 6 28 18 20 29 22 23 9 1 10 9 11 8 26 11 14 30 15 20 10 12 22 13 6 4 3 2 28 19 19 22 0 17 16 5 3 23 22 13 21 5 20 21 4 20 13 20 22 17 1 22 25 21 9 3 27 10 6 28 3 5 23 6 1 26 12 22 28 27 22 20 27 3 8 7 16 24 0 13 8 6 6 23 4 29 30 26 11 13 22 6 22 24 6 2 12 22 1 0 28 15 24 20 24 30 27 5 17 9 18 28 22 2 22 9 12 3
5 14 19 22 30 25 5 15 25 11 8 26 10 26 30 3 21 27 11 26 3 13 19 20 2 17 10 13 23 23 14 2 16 22 1 25 29 20 26 1 26 20 6 9 28 27 17 1 26 5 1 4 2 28 14 10 1 20 23 1 5 3 22 1 26 14 18 23 12 23 26 22 3 0 27 20 26 9 0 24 4 16 11 29 16 23 11 9 10 12 0 7 3 24 4 15 23 3 25 11 28 5 18 23 4 4 22 23 9 20 6 21 6 27 9 5 3 14 18 18 2 28 13 4 17 8 10 7 23 11 5 12 0 27 17 29 26 9 23 2 9 2 30 19 18 27 3 2 0 26
20 2 30 12 28 2 24 29 25 23 28 24 4 19 23 19 4 10 28 6 9 4 3 13 10 30 16 5 16 2 0 7 5 13 11 29 28 14 6 11 11 16 27 11 15 30 1 3 7 21 22 5 29 8 27 20 4 23 19 30 12 20 27 28 18 1 24 19 4 13 16 23 22 29 11 18 16 30 3 28 2 22 23 12 27 7 9 26 5 30 11 23 27 24 2 16 26 24 5 30 16 28 19 16 11 20 16 30 10 18 24 26 11 4 11 1 13 6 29 23 7 8 27 2 5 17 16 14 2 4 13 19 14 0 8 7 26 13 0 14 21 18 13 20 3 1 15 13 26 11
18 21 11 28 4 18 15 0 16 23 21 16 26 16 2 28 1 29 13 19 24 24 26 18 1 28 26 6 19 20 19 11 16 19 9 0 3 15 14 3 20 14 20 7 1 8 19 5 17 18 18 27 10 28 29 8 10 5 16 19 22 27 10 1 26 25 29 28 16 16 22 16 5 5 7 19 17 16 25 10 23 0 15 4 20 16 10 26 12 6 13 5 20 18 17 20 19 9 6 25 21 1 17 9 7 19 7 15 20 22 13 16 10 28 11 5 3 23 11 20 17 16 13 26 11 14 30 18 17 18 26 0 1 27 0 0 2 9 11 3 19 15 15 20 3 24 1 28 23 2
8 10 21 22 12 30 24 25 28 8 12 27 7 5 0 4 16 29 25 14 19 14 17 14 7 2 8 10 13 1 17 2 13 20 9 7 28 4 7 23 3 24 10 26 23 20 12 16 9 30 3 3 24 26 15 9 17 26 28 14 30 25 2 16 16 22 13 9 20 14 29 24 27 6 28 26 18 19 14 28 27 26 17 4 1 9 30 14 19 0 9 5 10 17 23 19 12 20 30 24 7 25 27 23 20 1 2 8 7 27 3 1 30 19 10 18 2 7 17 21 28 23 25 26 20 0 9 7 5 12 24 14 14 15 23 0 8 26 19 22 16 15 19 3 16 17 9 4 1 16
12 23 9 6 23 13 4 13 2 11 23 18 5 30 27 23 22 10 3 12 4 14 17 17 8 18 0 2 28 10 0 27 14 25 0 1 4 24 19 25 28 27 14 7 13 26 23 22 9 6 11 12 2 14 27 27 4 15 8 2 5 14 15 18 16 6 17 19 12 29 28 24 1 11 5 15 23 0 29 0 28 2 5 11 21 24 28 30 23 3 21 11 19 10 6 19 20 19 3 19 1 22 7 7 2 8 26 19 30 13 2 11 12 23 24 21 15 25 12 6 19 13 12 1 3 19 13 10 20 6 26 16 23 22 21 30 0 6 16 3 14 28 15 29 25 24 20 24 13 19
17 2 29 2 17 12 14 30 9 7 26 6 17 28 2 14 10 30 27 10 25 27 23 14 14 12 30 10 1 1 9 8 6 12 26 30 12 6 1 0 12 3 3 1 27 23 21 6 27 1 8 9 20 22 30 21 12 10 22 20 12 21 6 23 21 12 14 5 2 25 26 2 23 28 19 0 17 8 9 3 7 24 28 13 3 25 29 20 25 5 30 10 4 13 7 2 6 10 25 24 3 24 16 22 30 4 1 22 27 13 1 26 3 17 2 22 22 10 13 0 29 0 12 8 27 6 27 4 19 23 13 28 1 10 23 8 5 0 16 20 19 13 10 29 13 1 28 22 28 26
21 25 6 10 2 30 12 9 24 21 8 22 26 10 13 9 25 23 16 22 16 18 23 10 25 4 27 10 5 26 12 22 26 6 20 10 20 3 4 0 6 0 2 2 10 28 25 22 6 13 29 2 28 29 10 9 20 2 12 6 21 17 3 5 30 7 15 26 28 12 8 30 25 6 1 20 30 24 23 16 12 15 19 5 13 10 4 3 24 23 29 12 22 15 20 0 17 21 22 8 12 1 6 23 5 10 2 4 20 29 14 28 17 18 27 1 14 22 11 4 20 4 17 30 29 30 15 10 12 20 7 29 16 7 25 30 22 11 0 0 29 30 0 24 25 11 3 18 18 17
19 25 8 7 5 12 19 8 29 12 20 22 13 25 29 1 30 24 2 4 19 3 1 30 26 11 11 2 8 1 16 9 26 24 13 25 12 12 30 11 14 24 8 10 24 25 24 8 15 24 22 19 13 13 12 4 10 13 1 22 8 20 30 19 24 2 28 0 14 29 17 16 25 23 28 6 7 9 30 4 4 13 12 16 18 4 16 18 12 2 12 3 4 0 13 5 14 3 9 14 18 29 30 11 1 8 23 8 5 16 18 18 3 4 16 11 10 2 8 6 12 0 15 22 24 9 9 7 18 4 13 28 23 11 5 21 15 0 23 0 1 27 11 4 4 9 1 13 13 25
29 7 13 4 4 22 18 10 4 5 24 25 7 2 8 27 10 16 0 22 18 1 23 26 4 28 9 3 5 1 5 1 19 30 1 11 5 26 5 8 17 0 0 23 7 1 30 11 16 19 27 1 13 23 12 7 22 16 17 17 24 9 8 9 14 12 21 28 28 28 4 27 25 18 18 11 18 4 29 16 21 15 23 0 1 26 7 21 6 24 16 25 26 0 10 23 24 17 3 5 29 10 9 28 26 2 22 23 11 17 21 24 26 13 8 17 17 11 27 7 12 11 7 27 10 30 28 27 11 13 13 12 5 17 30 5 18 20 12 5 0 11 22 11 3 9 3 15 15 20
10 30 5 5 27 27 14 21 12 24 7 0 24 10 23 2 1 7 6 23 18 13 2 11 28 12 28 12 27 13 29 8 0 20 19 30 12 17 30 10 3 6 29 20 18 19 27 14 26 2 4 1 16 12 14 5 16 22 19 18 27 18 24 18 27 16 22 15 25 20 1 18 22 22 30 1 16 8 20 0 21 5 16 18 10 4 18 30 10 7 28 12 21 4 8 25 20 26 21 3 19 22 7 9 28 21 10 2 10 12 21 8 29 22 16 30 21 17 5 13 9 29 9 20 17 29 8 17 10 26 1 21 8 27 16 14 26 13 6 23 26 0 24 0 28 19 28 24 29 22
0 7 28 28 24 6 3 30 12 10 3 17 13 0 0 9 27 3 17 8 27 3 22 19 21 22 30 14 13 28 19 6 4 22 24 2 15 3 4 27 26 30 12 29 30 22 12 13 16 4 4 12 3 12 2 3 13 27 14 22 19 3 18 25 14 23 23 17 22 10 23 16 30 16 17 1 14 25 13 24 13 5 8 19 3 27 10 8 8 3 26 17 18 2 7 1 15 26 2 1 1 4 12 10 14 21 1 22 12 4 30 2 15 9 28 4 29 11 30 7 26 21 0 21 9 25 4 1 22 18 22 26 17 0 29 23 2 17 25 17 4 22 0 24 19 19 3 5 19 26
8 7 26 19 2 6 3 12 9 4 8 5 13 1 26 7 5 6 1 28 4 27 28 19 27 12 24 11 17 12 3 25 29 18 30 23 16 9 29 29 10 3 18 24 11 4 16 29 7 20 2 22 29 22 5 12 17 20 26 3 3 20 26 30 6 24 14 29 0 17 23 9 18 6 29 10 21 18 4 16 6 0 8 10 0 25 25 2 15 0 9 6 3 15 5 21 20 27 29 29 20 5 25 30 22 11 29 4 26 21 9 19 23 6 20 8 25 22 18 3 16 16 15 2 16 7 15 29 22 11 10 9 23 12 11 10 26 20 18 26 10 4 24 0 9 27 1 8 30 12
28 30 2 12 11 21 18 13 10 14 21 3 3 11 16 19 28 20 27 5 30 30 23 1 28 18 4 17 26 12 15 7 12 13 0 13 7 10 28 1 15 25 2 6 6 12 10 0 0 20 8 2 28 13 20 18 1 1 8 22 10 8 19 26 5 5 1 20 9 8 1 13 12 8 22 24 22 3 18 9 24 20 8 16 18 28 15 0 29 8 24 6 30 6 23 19 6 6 27 11 30 2 11 9 28 19 24 23 22 0 23 27 23 14 22 3 30 10 12 11 0 26 12 26 6 3 24 23 27 5 16 10 15 28 19 19 5 28 3 20 17 10 3 3 0 9 13 23 11 24
14 28 25 3 11 20 21 12 24 7 11 23 8 9 10 0 18 5 12 5 12 24 0 21 18 1 23 3 11 30 16 26 13 4 16 26 8 6 12 16 28 0 22 23 9 13 3 27 9 15 1 0 12 2 2 13 30 5 16 16 1 12 14 19 20 4 18 10 8 21 0 18 18 21 28 2 28 5 27 19 17 7 26 20 11 12 30 10 13 15 14 5 18 0 5 23 28 25 30 27 20 13 17 29 5 22 23 25 16 15 21 24 16 12 6 14 11 3 8 4 10 14 17 18 18 22 22 1 23 11 25 8 0 22 20 21 13 21 2 30 28 9 28 11 9 0 13 4 25 30
29 26 4 30 3 17 16 18 1 5 8 12 28 8 4 13 24 15 29 23 27 21 29 9 6 0 11 4 17 30 25 26 0 1 29 30 16 24 30 16 12 9 12 24 10 29 25 13 2 17 4 12 18 26 25 10 13 18 17 6 12 26 24 26 22 23 16 18 7 26 10 27 26 25 4 26 17 6 5 27 1 29 30 22 9 11 15 10 24 4 15 10 26 11 27 12 21 5 4 27 25 7 19 24 22 23 29 29 20 22 7 20 26 12 14 15 3 30 8 10 9 26 29 14 22 27 28 19 16 11 1 16 4 24 23 11 27 29 30 6 19 2 3 11 29 20 0 18 17 9
8 4 7 25 10 29 30 4 11 13 30 9 26 19 21 3 16 17 16 16 13 28 7 13 7 28 15 27 13 28 0 16 12 20 26 21 20 24 25 29 19 20 26 28 28 13 1 4 30 20 0 3 21 30 29 9 19 4 5 24 2 24 13 11 18 21 22 8 8 19 29 8 10 12 12 30 14 6 28 14 18 25 0 20 1 9 28 11 4 0 5 19 5 5 18 25 8 12 18 23 13 5 20 10 7 13 18 3 10 0 25 19 13 10 28 12 22 19 12 1 21 1 26 19 20 6 25 30 28 24 8 0 23 3 29 26 30 11 25 14 26 8 8 20 11 28 27 0 22 25
21 22 1 26 9 9 24 8 12 22 25 22 21 19 15 12 20 6 29 21 30 22 5 12 28 2 20 16 18 18 27 4 22 18 8 6 26 0 14 16 10 7 13 14 18 22 27 21 16 19 11 24 28 14 9 30 29 23 25 27 15 16 17 18 20 1 3 22 14 29 12 8 20 25 3 21 30 29 9 29 7 15 14 27 0 9 24 19 13 10 11 13 29 14 14 29 16 24 29 6 3 29 3 8 3 21 23 4 8 1 26 7 9 17 1 14 26 22 14 14 28 20 20 23 25 10 13 21 13 24 29 5 29 6 1 13 4 30 3 18 16 21 11 28 2 8 7 28 0 5
1 10 20 16 27 10 16 28 24 17 5 11 7 23 11 4 25 23 21 18 15 28 20 8 4 26 27 4 14 11 1 30 11 3 28 5 24 16 29 27 20 20 6 25 9 17 6 2 3 4 17 3 25 29 5 15 22 20 9 29 12 23 25 28 26 17 18 9 22 18 4 12 2 7 27 15 25 24 11 24 1 19 29 30 20 8 25 17 23 29 17 3 0 27 6 22 17 0 12 5 25 7 17 13 24 28 8 5 29 1 16 20 2 27 27 10 22 7 7 23 22 18 19 21 27 2 27 20 11 24 29 12 15 25 16 2 29 17 18 27 1 25 16 18 28 25 30 4 17 0
