50
32 18 24 41 62
45 31 50 22 21
35 21 15 44 142
6 10 23 7 88
21 15 13 5 84
39 39 28 41 22
5 45 39 22 176
42 28 1 15 86
18 28 45 7 51
29 18 45 38 117
9 18 40 14 136
38 8 27 44 159
45 8 41 35 127
28 34 35 44 32
32 37 34 20 23
24 49 34 10 1
23 1 38 44 105
31 42 35 15 41
47 37 7 9 65
25 16 22 3 161
34 4 6 42 60
44 17 34 27 119
37 27 50 26 120
6 26 8 24 13
50 50 2 5 113
43 41 37 1 78
21 23 35 42 175
34 32 6 20 40
28 13 8 43 22
1 11 9 4 36
2 20 44 48 91
2 12 33 4 61
38 46 20 45 150
2 10 32 26 110
23 35 10 15 6
34 39 19 42 85
25 21 3 10 136
31 19 9 8 80
25 46 17 33 139
8 7 36 5 7
7 20 41 32 119
17 19 43 40 63
17 15 37 43 50
16 20 16 4 143
32 12 16 8 178
18 47 25 49 0
47 19 36 7 40
43 28 15 32 100
49 35 4 34 78
32 8 11 11 197
0 10 16 6 0 7 6 25 15 9 22 21 14 20 20 30 17 26 17 30 3 6 28 1 11 0 6 27 2 7 4 3 22 26 14 3 8 23 15 30 6 5 11 26 12 19 1 3 30 2
28 0 24 11 12 19 27 0 1 12 15 19 10 13 24 3 16 15 14 7 14 20 30 22 27 17 16 27 3 25 23 3 30 7 21 4 17 0 15 9 25 30 9 16 21 18 12 23 17 30
19 12 0 16 4 18 4 1 16 6 12 12 8 10 21 11 10 9 11 9 29 15 26 4 27 3 2 28 23 21 17 25 17 10 17 28 20 13 13 15 17 0 13 6 4 20 18 24 25 9
26 26 14 0 20 10 1 10 7 5 7 16 11 0 24 21 26 11 7 3 29 29 16 12 23 21 13 10 16 28 21 19 10 14 9 14 29 20 20 6 27 5 18 13 28 22 27 12 24 14
29 29 29 24 0 22 10 8 11 28 18 27 13 20 1 13 10 21 7 3 1 17 11 19 20 23 21 29 14 1 11 20 17 15 5 8 13 15 26 8 6 0 28 9 19 19 2 21 10 26
2 23 11 24 11 0 27 1 11 2 0 14 2 18 9 12 29 22 3 21 26 22 4 15 21 13 5 17 29 16 29 4 7 9 0 22 29 1 8 27 28 13 24 13 16 14 17 7 0 29
5 22 28 24 7 26 0 9 8 29 22 21 24 11 11 23 20 7 18 14 28 19 15 27 12 7 19 14 24 22 21 8 12 18 18 11 30 24 21 7 23 26 5 16 15 29 16 16 8 19
17 7 3 24 4 17 11 0 26 25 17 28 3 8 3 28 28 29 22 12 16 12 29 7 9 3 10 25 3 11 15 5 5 24 0 23 1 7 0 23 22 27 2 17 29 25 14 10 17 25
8 25 5 26 0 17 25 10 0 26 28 22 26 19 11 23 23 17 22 23 1 22 19 22 15 13 24 17 20 0 16 0 9 18 13 14 23 12 5 12 30 3 14 10 25 2 23 9 21 13
10 17 16 3 28 15 26 30 22 0 3 28 29 21 6 5 20 14 29 6 19 14 1 26 19 29 24 24 11 4 23 17 4 1 17 22 25 24 30 13 25 11 15 10 14 19 14 16 12 14
10 5 15 16 4 8 1 1 7 25 0 3 9 2 22 15 6 15 17 25 15 16 4 30 17 18 12 12 3 23 3 12 22 26 18 30 18 5 1 5 22 12 12 21 17 23 10 9 26 24
9 19 30 4 8 17 11 26 14 23 15 0 1 8 14 15 18 14 25 2 29 26 28 8 15 18 5 10 26 7 18 14 4 9 25 19 17 24 25 18 7 15 0 11 10 20 5 0 12 0
18 3 13 5 18 24 30 26 1 18 17 2 0 13 14 29 19 9 2 26 19 13 25 5 29 19 7 14 16 30 22 19 27 26 28 30 3 25 16 11 1 9 26 30 26 28 16 20 4 30
3 24 0 22 2 29 11 6 9 25 9 15 11 0 4 7 16 15 23 22 24 16 22 18 18 29 7 19 10 17 19 4 7 8 26 2 4 25 3 8 23 8 16 10 7 1 13 18 8 5
18 17 1 23 4 27 13 17 13 6 13 2 16 9 0 1 18 24 0 12 23 24 8 23 16 1 22 0 1 2 16 25 6 5 26 17 12 27 1 25 13 7 22 29 17 13 23 4 7 6
18 11 5 18 29 13 26 12 16 28 30 6 1 2 20 0 17 16 4 15 20 8 17 18 23 10 24 16 11 29 0 12 23 12 7 24 29 16 26 24 21 1 28 6 19 20 27 2 15 13
25 27 4 28 6 26 9 10 1 26 25 10 19 19 12 17 0 13 13 18 8 12 10 17 25 14 10 12 21 12 10 5 5 2 5 13 10 25 19 30 23 25 14 8 14 12 29 16 14 24
29 2 2 30 23 6 25 13 28 2 26 3 17 10 28 26 16 0 11 30 30 12 15 3 18 14 5 18 18 12 14 13 1 2 17 3 4 24 13 30 14 2 30 28 16 10 4 27 29 4
13 13 14 2 26 18 23 5 22 30 5 13 21 14 25 0 11 7 0 13 13 7 15 8 16 6 7 22 23 22 2 22 14 20 10 28 11 15 26 14 11 30 20 24 17 4 16 24 7 26
19 17 9 21 4 26 1 30 21 12 6 13 14 2 15 19 9 28 9 0 11 29 26 22 26 17 7 0 4 22 10 18 13 11 17 3 24 3 1 13 26 30 14 25 26 16 26 8 28 1
3 7 23 2 20 19 26 4 3 18 17 21 1 3 11 14 17 0 24 4 0 7 11 7 21 5 17 6 21 18 17 19 8 12 3 22 16 4 9 16 21 3 1 0 10 18 19 1 17 28
2 16 29 29 2 15 17 23 9 17 29 3 23 6 14 10 4 4 30 20 22 0 6 9 2 9 27 29 29 9 28 11 14 22 8 16 12 11 8 28 30 17 23 30 19 5 8 19 0 25
16 15 21 4 29 8 11 30 1 27 2 1 24 18 5 23 16 28 14 10 5 7 0 20 5 6 25 21 10 12 12 4 5 17 15 15 12 21 15 0 22 9 26 16 26 19 16 11 9 3
5 20 23 12 30 1 22 8 4 7 2 3 6 17 18 2 2 27 18 24 29 11 23 0 6 12 18 3 16 4 16 5 26 25 20 17 11 27 1 30 12 21 1 20 18 22 7 23 18 7
15 16 28 20 10 30 6 4 25 19 13 8 13 1 4 24 25 15 10 17 15 9 13 18 0 8 22 1 26 4 8 13 6 10 0 9 9 29 4 13 13 28 24 26 16 15 18 29 0 27
24 2 21 18 12 24 13 20 28 1 21 17 15 30 27 22 25 24 15 6 1 12 5 6 29 0 3 14 1 23 6 28 25 23 3 6 27 19 24 20 13 6 4 10 26 11 12 27 15 26
23 30 10 25 2 0 0 10 27 20 12 21 16 16 2 13 19 15 6 16 26 6 23 24 16 18 0 27 28 26 7 3 19 13 24 24 29 23 26 1 24 19 25 22 11 11 29 7 23 17
13 0 16 22 25 5 28 18 18 22 28 6 30 16 13 0 1 3 23 0 27 22 5 8 20 9 23 0 30 20 8 25 28 5 13 20 11 26 29 6 17 3 30 30 27 13 14 22 25 29
23 29 13 3 9 0 10 21 7 18 16 27 6 20 23 21 13 24 19 6 9 20 26 9 13 29 26 13 0 26 10 19 12 27 14 10 0 22 3 15 17 24 27 18 20 0 20 14 21 3
16 12 27 22 3 24 14 17 17 11 15 9 29 25 20 4 29 2 7 27 1 30 9 10 13 13 3 26 5 0 15 5 2 22 6 9 28 13 15 19 29 28 12 27 23 26 27 13 29 8
30 23 19 20 16 27 12 20 3 12 17 2 11 11 25 11 12 30 10 0 27 23 18 4 3 21 3 19 1 3 0 2 2 10 11 14 12 3 15 20 16 30 24 22 4 20 27 9 22 29
19 0 12 24 16 28 10 14 15 9 7 6 4 5 2 2 27 12 7 17 16 30 12 6 10 9 30 30 10 23 20 0 10 13 27 23 26 18 15 29 11 27 27 30 9 29 22 2 17 24
20 3 9 7 26 10 24 3 24 25 28 27 19 3 12 19 5 17 23 21 19 4 17 22 0 29 27 11 9 26 9 3 0 11 18 29 4 19 27 26 26 15 5 6 16 23 27 20 2 8
21 1 10 3 21 15 0 13 16 8 17 25 5 19 18 28 17 10 0 16 13 10 27 30 7 21 12 19 28 9 10 29 13 0 14 21 8 20 5 15 2 3 15 11 15 21 21 25 8 4
24 26 22 5 25 29 25 17 3 1 5 24 5 0 2 15 8 10 28 11 10 5 2 28 14 23 24 22 25 2 0 7 29 19 0 18 2 2 24 7 2 2 15 8 3 17 19 9 20 20
8 27 16 20 14 16 18 5 23 14 9 26 19 0 6 20 17 18 25 14 6 5 23 9 23 9 26 15 12 6 21 22 10 12 19 0 11 8 4 24 10 4 11 27 9 5 0 2 22 15
13 8 28 18 13 14 1 21 0 26 12 22 14 24 0 28 12 20 27 4 1 3 19 25 9 27 24 7 10 29 17 15 3 10 5 23 0 23 8 4 8 9 5 23 0 24 18 1 14 24
15 16 4 9 28 15 29 25 24 26 11 3 6 6 26 27 23 18 7 1 29 23 16 4 27 6 28 25 16 8 13 14 0 24 24 27 4 0 23 2 9 24 12 15 2 14 10 17 18 11
24 17 22 15 8 27 9 17 4 12 24 29 30 27 4 26 27 2 14 8 8 18 16 20 28 16 12 17 21 30 7 9 0 25 13 2 4 6 0 0 5 4 22 14 20 5 29 26 30 10
9 12 0 10 9 17 20 8 20 29 17 18 14 17 18 12 12 21 28 0 24 23 26 12 19 4 2 25 5 30 5 24 15 12 15 10 21 6 19 0 0 5 10 2 27 15 18 4 14 10
16 10 2 12 22 20 16 17 18 8 23 6 25 8 24 13 29 23 29 21 25 14 16 30 21 22 5 15 23 12 26 16 20 23 21 27 30 21 20 2 0 18 25 19 15 6 13 9 25 23
11 11 16 6 17 9 22 11 13 23 16 12 2 11 19 17 3 6 4 29 25 16 5 9 13 7 14 3 14 4 9 16 9 23 11 24 25 18 26 4 0 0 12 19 6 27 7 13 3 17
1 17 29 18 10 6 30 14 19 15 19 9 24 4 25 11 10 29 20 25 11 23 29 16 7 29 29 20 8 3 1 24 23 12 18 27 5 24 16 24 21 19 0 3 19 29 10 8 6 3
2 4 22 2 23 23 20 20 18 6 2 19 20 18 1 15 8 7 9 9 17 22 8 3 24 13 24 28 2 23 26 9 13 11 28 19 16 11 6 30 19 19 25 0 16 8 2 23 4 0
29 15 5 16 16 23 8 15 13 18 20 16 20 8 7 15 27 8 12 26 19 13 28 8 23 4 19 7 14 16 16 19 8 3 6 19 14 24 18 27 5 15 13 3 0 23 28 25 11 7
9 12 0 15 27 14 12 8 10 8 3 12 14 2 14 28 6 11 15 19 11 25 28 12 12 27 27 23 1 21 18 29 1 29 2 25 2 22 27 19 18 11 21 28 23 0 15 24 25 23
17 27 4 10 2 16 10 29 14 16 21 22 0 26 28 17 23 27 6 13 9 18 18 14 8 20 27 14 6 23 0 30 8 0 22 9 28 2 2 19 10 17 14 12 11 15 0 29 21 9
22 10 27 29 24 22 21 15 6 28 0 30 25 8 8 9 1 1 23 23 11 5 18 16 15 19 29 20 21 9 24 19 19 25 20 25 28 7 5 26 11 4 29 19 2 7 26 0 1 25
3 23 0 6 13 4 22 10 26 0 26 27 1 28 12 1 25 3 9 25 20 8 8 26 25 7 11 25 15 28 27 30 24 12 26 19 4 0 23 2 26 24 8 4 16 20 25 17 0 4
27 14 28 27 11 8 3 25 13 20 13 15 7 23 12 16 23 14 16 5 27 29 18 14 22 24 13 22 0 23 28 14 8 12 17 18 20 21 27 19 30 13 23 10 15 15 5 3 17 0
