50
14 38 23 8 1014
24 90 35 17 1615
16 42 30 5 1829
22 85 34 5 1425
24 64 38 12 1210
13 70 15 5 52
30 99 15 17 1405
16 84 38 5 1080
17 86 30 12 707
17 58 39 19 593
10 83 32 8 380
30 67 18 15 1834
26 84 31 11 621
19 93 31 17 1206
11 91 22 17 848
15 76 32 16 177
24 95 18 10 1066
22 77 30 5 961
11 69 37 17 1325
15 51 31 12 25
16 99 32 12 828
26 74 33 16 940
18 100 34 5 785
26 46 31 11 872
11 91 26 11 1033
23 92 26 18 708
10 98 32 15 938
29 33 40 12 1301
15 100 33 10 1763
12 100 40 13 66
12 40 15 19 29
18 61 23 8 1632
29 53 26 14 142
15 50 23 10 1344
18 67 29 15 1016
25 44 15 14 791
20 83 40 11 529
13 62 38 11 1240
23 32 22 5 813
14 34 38 10 912
26 84 32 12 1291
26 87 22 5 808
28 71 36 18 120
19 46 21 6 627
12 39 24 14 1523
15 83 33 13 267
10 34 33 11 1844
28 88 20 6 774
16 74 18 11 1174
23 54 30 8 1363
0 17 14 20 5 15 17 14 5 10 11 15 9 15 18 11 13 8 17 16 20 12 7 6 7 9 10 10 11 13 15 13 16 15 15 8 14 12 20 9 8 15 6 18 7 17 9 9 15 8
17 0 7 12 7 13 16 14 8 19 13 8 6 14 5 5 7 18 8 6 11 12 18 10 8 19 10 12 10 8 18 17 14 13 20 15 8 11 15 6 5 5 14 15 19 17 15 17 7 7
15 19 0 8 13 11 20 16 13 10 11 14 11 12 16 7 13 7 19 7 15 12 17 14 6 15 10 15 14 12 15 8 7 12 12 5 12 17 7 13 7 7 5 5 14 16 20 20 9 8
15 7 10 0 10 9 9 15 14 8 14 9 11 9 6 15 11 10 14 18 10 6 12 13 7 19 18 13 19 19 5 17 15 10 13 20 5 18 5 6 16 9 9 9 13 13 17 17 10 7
12 20 5 10 0 15 19 12 12 15 20 20 12 18 15 13 12 6 7 16 10 11 14 14 14 16 10 19 7 8 17 10 9 13 18 11 6 20 17 16 17 10 6 7 13 8 13 7 9 7
19 12 17 18 17 0 10 15 19 9 20 11 8 18 18 8 14 13 12 17 5 11 19 5 5 12 13 11 10 14 9 11 13 14 13 19 10 16 20 18 8 11 17 11 14 8 5 8 5 14
9 7 16 14 18 16 0 15 5 8 19 19 16 14 17 15 20 8 17 17 11 5 13 11 19 18 14 10 19 11 16 5 17 18 17 15 7 20 12 14 5 18 9 17 13 10 7 5 16 13
18 14 9 19 13 20 10 0 19 6 13 8 18 7 16 7 19 5 10 10 7 17 13 14 11 11 12 15 13 7 7 16 19 6 10 14 13 16 12 17 17 10 20 13 15 12 13 12 5 17
15 18 12 13 11 7 10 19 0 9 13 19 10 9 9 19 16 14 17 12 8 11 14 7 8 12 17 15 20 8 10 6 6 5 11 6 20 19 15 13 8 10 8 12 17 12 20 19 17 10
12 12 14 19 17 11 19 13 15 0 20 8 11 7 6 5 5 20 15 17 14 11 17 10 9 5 5 17 9 6 17 13 9 7 19 14 5 6 6 9 6 13 8 18 7 11 5 20 9 13
11 19 17 15 13 13 12 12 6 10 0 16 18 6 16 18 11 18 7 13 7 13 10 8 9 6 11 18 6 6 7 20 16 8 15 6 9 6 19 9 17 19 5 13 7 13 15 7 14 6
17 6 13 15 9 13 17 8 14 8 18 0 12 11 15 15 17 20 8 9 19 5 14 10 11 16 17 15 8 18 16 9 7 6 14 15 18 14 15 16 13 15 5 8 9 15 15 15 7 19
13 20 19 16 17 7 6 9 6 20 13 12 0 15 16 16 17 14 19 15 10 5 9 13 12 9 8 10 18 6 8 13 8 11 13 7 7 7 11 10 18 5 16 20 14 12 11 20 12 18
19 16 11 20 7 13 18 11 5 17 20 7 17 0 18 6 16 19 5 11 14 5 8 14 15 14 18 18 14 19 14 9 19 9 10 13 5 18 6 16 18 17 14 5 7 7 5 17 13 19
13 16 20 15 17 19 8 20 16 9 18 9 5 10 0 13 16 9 14 18 13 14 18 13 18 15 20 11 20 17 18 7 7 9 11 9 12 5 8 13 9 20 8 17 10 5 7 18 6 11
18 16 6 8 18 8 13 13 10 20 6 11 7 17 8 0 19 14 20 17 8 20 8 9 17 11 10 13 18 14 20 11 15 20 8 5 16 13 6 19 14 8 12 13 13 12 18 9 9 13
11 18 6 9 18 13 13 20 14 13 20 11 20 16 20 12 0 15 10 10 19 9 6 15 9 11 15 20 20 15 8 9 9 13 12 7 6 10 8 12 11 14 18 15 5 5 14 12 7 12
13 15 13 17 5 8 15 16 9 8 13 9 6 16 7 7 8 0 14 15 12 13 6 16 5 7 9 17 16 12 8 15 13 5 15 8 16 9 13 17 7 20 18 17 14 12 14 9 6 8
10 12 11 18 13 5 13 13 13 20 9 17 8 16 7 16 5 14 0 19 9 9 7 9 11 20 15 16 14 10 9 17 19 17 8 9 13 14 5 5 9 17 8 19 5 18 18 13 16 18
17 19 6 8 20 6 5 6 8 9 16 13 16 20 12 12 8 16 10 0 8 6 15 18 16 13 6 18 18 17 16 14 15 19 12 9 6 15 8 10 20 15 8 5 20 11 17 10 17 12
8 12 15 15 12 19 20 16 20 11 18 19 17 8 20 13 9 9 5 17 0 18 8 5 7 10 19 17 14 9 9 8 13 5 19 17 12 17 5 12 18 10 10 15 12 7 10 10 17 5
11 18 12 6 11 7 12 17 19 8 6 17 7 8 20 6 12 5 5 14 19 0 13 18 10 9 15 19 18 10 17 17 11 20 13 16 9 13 13 10 7 16 15 9 13 13 13 16 17 13
19 5 9 9 13 12 11 7 11 18 12 9 19 17 11 7 7 9 6 5 17 17 0 18 9 9 7 12 17 9 14 11 17 16 10 12 14 9 16 20 14 7 14 11 19 5 14 8 16 19
13 6 6 15 10 9 8 8 18 12 11 17 8 11 17 9 13 5 8 11 17 20 12 0 13 6 10 12 18 13 18 17 13 20 8 9 10 5 19 6 20 11 17 15 12 8 7 6 18 19
11 10 11 17 16 11 12 16 7 15 6 19 6 10 9 14 20 6 7 17 7 17 14 17 0 13 16 20 6 20 5 18 14 15 9 13 7 16 18 17 5 8 6 5 8 15 15 16 6 16
7 20 7 19 15 5 10 15 16 11 9 9 8 17 15 18 16 15 13 16 6 7 12 13 17 0 14 7 7 10 13 18 7 9 14 13 12 11 8 13 20 6 14 11 7 15 15 14 9 6
19 16 6 5 15 18 10 6 18 10 11 12 8 9 8 13 19 11 6 16 19 15 16 12 5 5 0 20 6 10 13 6 5 12 7 10 6 11 11 19 14 12 20 16 15 17 7 11 10 11
14 18 20 16 5 20 5 8 18 15 15 7 18 11 20 20 19 20 10 13 14 17 13 13 14 5 6 0 19 19 16 12 19 11 20 15 9 17 18 6 8 16 5 13 6 14 17 5 15 15
14 6 11 7 15 8 7 9 14 18 15 12 5 10 16 14 14 17 18 19 7 11 18 12 6 12 12 12 0 17 17 11 9 14 16 5 14 19 20 10 9 5 16 18 15 20 15 8 14 13
18 5 14 7 20 8 12 13 18 16 12 6 8 10 9 14 6 7 11 5 6 18 5 7 6 5 6 15 15 0 5 5 11 20 11 13 14 13 12 10 11 17 6 12 19 6 15 15 18 8
5 10 7 10 11 12 10 14 8 6 15 9 7 19 9 12 6 14 16 6 7 19 11 12 10 8 6 11 6 8 0 7 12 14 13 18 12 6 13 11 15 16 16 19 17 17 7 18 12 20
15 10 8 12 7 18 13 14 15 16 18 19 16 16 15 17 20 5 16 9 14 10 14 9 9 10 19 9 9 10 7 0 13 12 16 15 10 13 20 14 7 18 9 16 19 8 9 15 7 10
20 6 6 11 16 16 16 16 15 8 10 17 6 13 11 6 12 14 15 17 12 16 6 12 14 5 11 8 9 12 16 13 0 9 10 12 7 14 18 19 20 10 16 11 18 7 13 11 12 9
9 11 5 10 20 16 10 6 16 7 12 11 7 19 11 15 10 5 11 15 20 6 6 16 20 16 9 20 7 15 14 15 7 0 20 15 18 7 13 7 15 5 10 15 12 15 13 13 14 20
18 5 14 10 14 6 8 18 18 11 13 16 20 14 13 10 15 9 16 8 17 16 11 17 19 9 20 12 6 12 7 7 6 20 0 20 15 10 20 17 5 17 19 10 16 6 16 16 19 12
14 7 19 16 11 10 9 19 6 16 15 10 20 20 5 12 6 19 10 11 17 19 8 15 13 9 10 15 9 10 14 12 18 19 19 0 14 10 14 11 14 9 5 15 8 18 17 10 19 19
19 16 11 6 7 8 8 17 9 19 17 10 20 19 6 11 19 20 17 14 16 10 13 10 5 6 7 12 19 15 19 15 8 17 6 19 0 13 18 19 15 8 10 17 18 20 9 15 9 16
9 11 12 11 19 9 8 8 18 6 19 9 16 15 13 17 5 17 20 19 14 14 17 15 14 10 8 20 10 19 9 19 8 8 15 15 20 0 15 15 19 15 20 17 11 10 12 11 12 6
15 6 15 18 5 16 16 16 18 11 14 12 15 17 17 10 5 17 16 12 12 7 15 17 11 14 8 18 5 16 7 18 9 8 10 15 9 17 0 18 15 13 11 11 10 10 10 9 8 19
9 18 9 15 15 9 5 16 10 12 12 20 20 6 7 9 20 9 11 16 9 13 16 7 17 20 5 19 11 12 11 5 14 6 13 11 7 8 8 0 17 15 8 19 20 13 9 18 16 16
17 18 18 16 11 11 7 9 12 12 5 12 17 19 19 8 6 10 5 6 18 13 18 9 12 16 18 15 6 19 9 16 6 16 8 12 8 18 9 5 0 16 9 9 14 5 20 5 20 7
18 7 20 8 9 17 18 12 17 20 15 19 8 7 11 16 8 8 16 8 11 8 7 5 18 12 7 14 20 6 18 14 17 6 5 13 20 19 12 13 15 0 20 19 6 13 10 19 19 14
10 15 17 18 17 20 12 14 5 7 9 20 8 16 13 14 14 9 8 9 19 6 19 20 15 16 9 5 11 13 7 19 14 5 13 5 17 8 8 15 19 7 0 20 15 6 11 10 6 8
6 8 14 11 10 9 12 11 7 16 18 13 9 14 12 7 13 6 5 18 14 20 18 18 7 10 11 6 18 18 16 16 9 10 12 12 6 16 7 19 15 11 12 0 13 9 17 8 20 5
20 14 13 14 11 9 17 6 17 19 5 9 12 20 8 14 18 11 15 8 12 12 20 8 10 20 16 18 17 18 5 17 9 18 9 6 14 17 18 8 11 13 20 18 0 13 8 15 9 13
5 8 16 19 13 8 14 9 7 18 17 5 20 9 17 20 12 5 17 6 18 7 12 6 19 7 14 6 16 6 7 7 6 14 16 14 7 20 16 15 10 16 12 15 12 0 12 11 14 14
15 14 5 20 13 12 9 12 10 7 13 17 11 9 10 7 15 17 11 10 6 19 11 17 8 14 12 14 19 15 7 7 7 12 8 19 19 5 10 19 18 8 11 5 12 14 0 11 14 14
13 16 13 14 6 5 5 19 6 11 7 15 19 14 8 12 8 11 5 11 9 5 19 5 12 20 10 5 12 9 7 5 9 15 7 13 11 17 5 13 16 13 17 17 19 13 7 0 10 20
17 9 11 5 6 15 9 12 15 17 6 18 20 7 6 9 18 17 13 6 11 11 14 17 14 5 13 11 10 12 7 11 20 10 6 17 14 5 9 8 6 18 20 10 11 19 8 17 0 12
7 9 15 20 20 16 18 12 19 13 17 16 17 12 17 8 10 16 7 5 18 20 6 19 8 12 19 16 7 15 6 13 15 9 10 18 14 19 12 20 17 5 13 8 14 13 5 7 15 0
