150
17 99 19 16 4947
25 38 34 5 3843
18 100 22 11 3852
27 100 30 17 5235
14 59 35 9 4285
22 31 36 7 1305
28 35 24 5 2207
25 79 37 18 3235
28 86 19 16 798
11 47 30 11 2113
23 68 28 17 4702
21 98 33 18 4786
17 73 36 5 2291
29 50 37 15 4438
28 43 37 11 5185
28 64 24 8 519
25 91 17 16 545
23 49 15 14 3499
23 45 16 6 3094
28 72 32 13 4140
17 34 24 5 630
13 98 16 11 3341
19 63 19 6 2783
20 76 19 17 3086
24 96 27 8 5080
26 64 28 12 2466
23 63 31 14 4492
20 31 40 18 4751
20 32 27 9 492
30 72 29 16 5564
21 65 38 20 181
28 37 36 5 3024
18 88 24 15 1453
21 53 25 16 4879
18 68 40 17 859
10 46 24 12 5355
18 60 25 10 5554
23 42 18 15 2734
17 86 40 10 654
20 57 33 19 2216
17 45 16 11 2581
28 53 23 15 5258
12 74 33 9 3451
19 96 40 13 3806
21 83 24 18 4655
23 34 28 9 1634
10 91 34 18 4578
17 34 38 19 5431
26 66 32 15 1863
12 66 18 12 369
11 95 21 18 4726
11 31 30 8 1407
26 68 22 5 4300
27 82 16 8 2796
14 62 32 20 502
21 58 21 8 4379
13 51 22 13 1052
10 92 35 17 409
18 61 23 18 417
25 71 39 5 449
14 35 18 6 560
25 34 37 7 4222
26 92 25 10 2577
12 74 27 17 4805
19 76 23 11 2693
23 45 19 5 3114
12 52 16 16 3775
29 99 27 6 5103
23 36 26 20 2580
23 83 29 5 2007
16 98 23 7 3480
17 84 19 5 2667
21 63 18 19 1008
26 78 36 8 2608
28 98 18 5 3879
14 60 39 17 363
26 41 33 8 5400
22 52 15 15 993
10 44 36 20 2330
28 68 40 7 297
28 95 31 12 874
27 42 32 6 4506
20 53 17 12 1472
30 61 29 17 2071
21 80 26 18 682
22 94 22 18 1315
23 96 36 20 1279
30 81 19 10 785
25 91 37 19 4804
15 47 23 11 1200
28 95 25 12 4407
19 82 34 13 1782
19 32 23 20 3135
16 52 33 16 1956
20 91 39 9 3427
25 56 29 5 3942
12 81 40 6 3828
17 60 35 7 1780
18 60 21 13 1126
15 34 23 10 368
20 53 28 7 703
13 41 23 14 295
21 87 33 15 56
10 72 25 18 3110
25 39 21 20 3202
14 99 25 8 2250
12 85 18 19 4321
18 42 31 16 5557
21 87 24 13 877
20 98 31 8 5463
25 95 26 6 2411
28 53 35 9 1467
21 88 18 8 4585
14 72 35 18 4545
19 53 29 20 2559
15 38 18 10 4536
27 80 26 8 2177
18 79 16 9 344
25 94 23 12 4216
21 72 27 19 4435
12 75 30 8 1241
18 42 36 8 4623
13 53 37 11 4645
23 80 38 9 4848
29 48 27 11 4462
26 51 33 10 1655
18 77 40 14 246
24 82 27 15 4526
28 69 35 20 4334
19 91 15 11 5194
10 43 39 12 4029
15 97 35 19 1629
16 97 21 6 4099
30 86 18 14 5386
14 47 29 7 5105
11 33 26 12 4144
12 93 32 5 2782
20 72 26 9 659
29 34 37 7 2814
16 38 21 18 1809
25 70 18 6 3346
12 55 37 10 3207
25 90 37 7 4402
23 56 35 20 2495
10 89 29 17 3591
15 88 16 13 3005
21 87 31 16 4886
22 58 15 11 2119
21 48 29 11 1303
16 32 20 17 4125
0 10 5 9 8 10 19 20 10 6 5 17 19 15 18 6 6 12 17 6 17 20 5 12 12 8 17 20 11 10 15 8 16 8 6 14 13 19 14 20 12 13 5 15 16 15 7 6 18 7 5 8 5 7 5 10 6 20 6 11 15 11 20 15 20 16 6 17 14 17 7 14 10 18 8 17 15 17 10 17 16 10 16 18 19 12 19 20 16 13 10 17 20 6 9 10 5 19 7 8 15 12 6 6 19 19 15 16 5 7 11 17 8 15 14 8 19 7 11 12 6 9 9 5 8 12 14 11 12 18 15 11 19 10 7 6 8 5 8 11 13 7 8 19 17 12 8 20 16 17
19 0 8 14 19 17 11 8 5 19 14 7 15 16 11 20 7 16 18 7 11 12 16 6 15 12 18 19 7 13 11 15 10 11 11 19 18 16 11 18 20 18 20 6 14 5 10 8 5 9 14 6 20 6 11 11 13 20 18 6 16 19 11 14 9 8 19 14 18 19 7 11 9 20 14 17 16 10 18 14 19 20 12 16 14 14 5 19 16 16 14 12 5 5 9 9 5 10 6 5 11 19 16 16 6 20 10 12 5 13 18 15 6 8 19 14 13 12 20 18 13 15 6 5 18 6 10 12 9 18 15 9 13 5 10 6 5 20 6 19 19 18 16 10 14 10 7 9 8 18
16 19 0 19 13 13 19 14 9 15 9 6 18 20 12 19 13 5 15 8 20 9 13 13 8 18 7 16 6 20 19 11 14 16 10 17 17 15 6 13 11 6 15 15 17 14 6 9 18 13 18 7 20 12 11 7 8 8 5 14 7 18 13 20 19 13 14 6 10 12 20 10 9 9 10 19 17 5 9 17 6 10 10 14 11 9 9 6 9 11 17 8 18 17 10 5 13 8 9 8 9 14 9 17 16 7 11 5 16 9 20 12 7 16 20 8 15 20 5 16 19 18 19 14 19 9 19 17 11 14 10 14 10 15 13 11 9 6 6 18 10 8 5 10 8 17 16 13 7 19
19 15 9 0 11 15 19 16 15 16 16 15 14 14 13 10 8 12 15 12 14 18 13 19 9 20 15 10 19 6 7 18 18 14 6 12 17 17 11 7 16 11 6 20 8 18 17 16 5 14 16 16 17 19 16 8 20 9 15 12 5 16 7 5 9 7 11 15 18 14 11 5 5 15 19 16 11 19 15 8 17 12 20 9 14 14 11 8 10 7 18 5 16 17 5 20 10 20 13 9 17 11 18 14 18 14 8 7 7 19 15 7 5 15 20 18 8 15 18 12 15 11 17 7 6 5 12 7 10 12 20 17 14 16 19 12 11 14 15 9 16 16 15 11 19 6 18 14 11 20
11 10 8 19 0 8 17 11 15 10 6 15 20 12 17 6 12 17 16 17 12 10 14 13 16 13 6 15 8 11 12 14 19 10 10 12 20 11 11 16 12 10 17 18 10 14 19 16 6 7 19 20 5 10 13 18 20 12 17 20 16 17 20 10 8 18 15 9 15 8 16 9 14 20 9 19 16 20 6 16 11 7 14 14 15 18 14 5 18 16 18 20 16 10 12 14 11 17 8 15 10 15 20 10 17 19 11 18 16 8 6 20 11 10 10 8 8 8 17 15 17 13 7 20 13 15 12 13 8 11 8 20 16 18 9 13 16 10 13 11 12 12 13 16 15 8 8 9 7 12
19 15 8 15 9 0 10 6 20 13 9 16 19 18 18 18 13 14 13 17 9 6 6 10 18 5 11 9 11 16 13 6 16 11 8 10 11 7 20 18 14 9 8 15 10 13 9 7 7 9 8 5 7 17 19 19 13 10 5 7 14 18 10 5 6 15 15 16 8 6 11 17 5 19 15 12 19 19 12 5 16 11 12 10 18 17 8 17 15 8 12 14 8 5 17 5 15 12 11 19 13 17 11 18 14 7 10 19 8 14 9 19 9 14 10 12 16 14 8 7 20 7 20 12 18 5 5 5 20 5 6 20 5 6 16 14 14 20 20 14 14 9 14 7 17 6 8 11 12 7
10 17 9 10 7 14 0 5 20 7 16 20 7 18 15 17 18 19 15 5 15 14 20 13 20 13 11 16 8 13 20 18 20 11 15 6 12 6 17 12 17 10 15 8 10 19 13 18 18 15 17 18 6 16 17 16 17 13 12 9 12 11 5 18 8 17 20 20 17 18 11 20 17 6 10 5 11 8 9 17 8 8 8 11 14 9 18 18 9 10 11 18 20 15 19 5 13 5 15 15 17 11 8 14 11 7 11 17 12 12 15 12 7 15 14 11 11 17 5 14 12 9 13 7 13 16 11 14 9 16 11 11 8 19 18 13 6 17 13 14 11 19 11 14 16 7 8 18 17 16
12 13 8 8 5 10 15 0 16 10 12 15 6 8 15 7 18 15 14 5 20 19 19 10 20 5 8 10 16 20 13 17 11 19 17 20 16 16 5 15 20 20 19 5 20 7 14 10 12 8 10 10 13 15 7 16 5 12 15 5 6 17 10 8 19 16 20 5 19 18 7 8 7 7 11 8 13 7 15 5 11 6 19 6 8 11 15 19 14 15 5 11 5 11 18 9 16 19 18 20 9 14 14 7 12 10 15 19 17 12 15 14 15 16 10 14 16 7 10 17 14 19 17 18 11 8 16 5 16 19 6 19 13 20 20 11 14 7 7 20 19 17 10 11 13 9 13 5 10 11
12 19 8 14 16 11 8 5 0 15 19 14 20 6 15 14 10 19 20 14 20 15 12 7 11 6 16 7 16 5 10 6 20 10 15 8 10 16 12 20 6 5 12 15 9 14 12 16 16 17 9 19 18 17 6 19 17 5 7 13 18 14 16 8 5 10 8 18 6 17 18 12 7 18 6 13 16 10 18 16 18 5 12 16 12 17 16 16 14 10 12 16 5 12 10 20 13 11 9 20 19 10 17 13 17 17 7 11 17 8 11 16 16 13 14 17 18 9 16 7 14 15 13 11 11 17 11 11 12 16 13 19 12 8 8 5 18 6 14 14 16 9 9 13 10 20 17 13 12 10
20 7 11 16 5 20 6 18 18 0 8 17 15 18 14 16 17 7 19 11 7 13 19 8 13 7 12 16 13 12 15 18 6 7 5 9 11 12 8 11 16 10 7 10 17 19 5 8 15 11 17 18 12 8 6 7 7 14 11 10 19 10 7 16 7 20 9 9 12 12 20 13 17 6 12 14 16 7 10 10 5 19 8 12 8 10 9 15 11 18 5 14 7 19 12 19 12 8 17 10 12 13 8 9 19 18 5 17 8 12 18 10 7 7 20 5 10 12 15 15 20 19 14 7 8 16 6 5 16 15 6 7 10 13 8 5 14 20 5 18 17 6 13 15 9 16 11 7 15 14
17 9 17 13 7 11 20 7 17 14 0 7 15 12 11 12 17 19 14 9 9 5 12 10 19 16 18 17 19 14 17 17 14 7 15 8 7 17 18 13 19 14 8 12 19 20 10 8 17 20 11 19 14 5 14 14 7 9 11 6 6 20 18 17 17 18 5 9 5 17 18 19 8 12 10 10 16 8 16 16 5 14 16 6 13 20 15 5 11 17 6 13 5 7 12 15 20 7 20 17 5 17 5 14 19 9 17 12 9 18 8 7 7 8 12 5 12 15 15 19 6 18 12 7 15 8 20 12 17 10 15 10 16 16 15 8 10 19 7 15 10 16 12 7 9 20 14 19 14 8
17 7 11 8 7 12 13 15 11 10 10 0 8 9 11 15 15 12 7 10 17 5 12 13 14 6 16 19 16 15 14 15 19 8 15 11 13 20 12 19 14 11 16 8 20 8 20 10 15 9 6 15 6 13 5 12 14 16 13 10 19 9 9 15 16 11 14 15 18 7 18 12 8 13 8 9 5 20 19 13 15 14 11 14 17 7 5 8 18 7 9 10 19 12 13 15 18 6 17 12 5 17 13 14 13 10 16 5 12 7 10 9 11 7 18 5 19 18 20 12 7 15 13 16 5 11 12 19 20 5 20 19 15 10 15 7 16 5 13 18 19 15 16 8 5 13 9 8 14 19
14 19 20 7 13 14 6 16 18 13 12 15 0 9 12 20 11 16 7 5 5 20 18 14 17 17 13 16 19 6 18 8 10 12 9 15 16 7 11 14 17 13 16 15 11 5 5 19 7 15 14 18 8 9 8 16 8 10 9 11 11 19 20 14 11 15 14 16 16 11 16 16 9 14 13 11 18 16 19 19 8 7 5 18 19 19 19 16 14 19 16 6 13 10 8 6 7 6 14 16 19 19 15 5 5 11 14 19 14 17 12 15 17 16 11 20 12 11 11 9 7 13 19 14 9 20 8 18 17 19 14 12 6 20 7 13 7 12 17 5 19 9 17 6 8 20 20 18 15 6
14 8 5 13 16 13 12 8 16 7 20 13 7 0 17 19 7 5 14 15 15 15 17 9 14 16 13 12 19 8 9 16 12 16 7 16 11 14 11 9 5 7 17 8 6 11 20 18 16 16 12 17 7 18 17 11 11 17 20 11 5 16 16 6 6 15 15 8 11 19 11 13 15 16 16 18 18 17 10 17 13 17 20 14 5 7 19 8 8 8 16 20 13 13 11 8 20 20 14 20 5 5 11 12 18 16 19 9 15 14 16 11 10 13 5 18 7 7 10 17 15 12 17 6 6 13 12 6 15 8 7 14 15 11 20 8 20 13 7 11 6 10 11 17 7 8 5 17 19 5
13 20 12 9 16 19 15 19 13 16 18 17 6 17 0 19 8 16 9 5 13 11 10 7 13 9 20 12 13 8 10 14 10 5 14 20 11 17 5 20 11 13 19 7 19 17 14 15 20 11 16 8 12 7 7 7 11 18 8 11 12 10 10 14 7 10 14 14 9 19 16 6 6 11 16 19 15 14 17 6 5 16 5 17 17 7 10 10 9 9 16 13 7 8 10 19 12 17 8 6 13 11 19 14 6 12 13 19 19 10 15 10 11 17 10 18 8 19 14 10 12 12 20 11 6 10 12 17 13 15 14 14 12 5 14 11 14 16 18 17 15 12 19 17 11 16 9 16 6 14
7 13 19 8 8 11 9 15 11 11 5 13 14 11 5 0 17 9 6 14 15 15 10 19 16 13 12 10 13 8 10 20 16 16 18 19 17 16 15 10 6 17 20 14 17 7 10 19 6 7 10 14 12 9 14 9 14 10 14 16 16 7 15 10 18 15 13 6 20 18 19 14 8 10 6 18 10 20 17 14 8 12 8 12 15 7 17 18 13 9 11 6 14 20 8 20 13 6 12 9 7 18 6 14 13 14 9 15 5 12 9 12 20 18 6 9 16 19 7 18 8 19 12 12 13 11 8 5 10 16 7 5 15 19 8 10 9 12 14 9 17 14 11 9 11 6 8 18 12 7
20 9 12 19 9 8 14 18 6 5 5 6 12 16 5 13 0 5 8 20 19 8 12 17 6 10 17 7 20 6 10 13 13 12 14 20 16 15 19 5 18 20 17 19 20 14 7 16 9 18 11 10 20 13 13 19 16 20 18 5 5 7 11 16 17 9 5 12 10 11 8 12 14 10 5 20 12 8 6 12 12 10 10 15 13 5 7 8 14 12 18 14 9 13 19 15 17 19 8 12 18 5 10 7 9 20 11 8 8 19 20 7 16 20 6 18 7 10 18 6 10 18 16 10 7 18 17 7 16 16 11 15 15 20 16 18 7 5 10 18 10 19 19 8 17 9 16 7 19 16
19 14 5 14 13 14 13 18 15 7 19 11 19 5 8 18 16 0 12 13 5 13 11 18 5 15 19 13 8 12 13 14 5 8 16 9 16 5 14 10 10 11 5 17 6 7 15 8 6 6 15 13 20 19 7 11 13 20 19 10 14 20 11 9 17 19 7 13 20 19 19 8 9 18 19 16 19 16 16 13 12 16 11 11 11 20 5 16 10 14 6 12 6 5 7 18 16 16 12 14 14 18 17 9 10 13 5 12 18 14 5 20 19 14 7 17 18 10 6 19 9 20 20 15 6 11 15 8 16 10 18 12 5 13 11 12 13 18 16 8 5 12 5 17 12 10 6 11 10 18
12 18 15 7 5 8 12 13 12 7 9 6 18 11 12 16 18 6 0 5 7 12 6 7 20 9 13 8 18 20 5 16 7 20 7 8 15 5 15 8 16 9 11 14 14 11 18 15 15 15 20 12 8 9 18 7 11 16 6 10 11 6 12 13 8 9 10 16 18 8 17 19 17 15 14 7 19 13 16 5 9 18 7 8 8 13 17 15 20 11 7 6 5 10 5 14 9 7 18 7 14 18 19 20 15 6 19 14 10 5 6 8 14 18 10 10 16 15 14 10 15 18 16 8 20 9 15 5 16 20 11 14 18 12 19 10 8 14 19 9 8 17 6 9 18 8 19 7 5 7
15 11 6 14 16 17 18 18 8 8 6 11 17 14 9 18 14 9 7 0 12 15 10 6 5 11 5 10 13 17 12 15 15 8 16 13 10 5 20 17 17 20 7 14 17 15 7 9 20 6 14 5 17 14 16 16 13 18 7 20 13 13 12 5 14 15 9 14 11 9 17 6 13 5 19 15 17 13 16 17 18 18 19 15 18 12 8 17 10 19 12 9 11 9 20 8 7 20 17 5 13 12 20 9 18 13 15 10 13 9 5 13 13 8 12 15 14 16 20 12 6 11 17 13 15 8 9 20 20 7 17 17 20 12 9 11 16 12 16 15 9 6 14 13 10 10 6 5 13 15
15 12 12 7 15 15 17 18 14 9 8 16 6 5 14 14 5 19 17 14 0 16 12 18 12 17 12 12 13 19 14 17 7 11 15 5 20 16 16 12 12 14 6 16 7 20 15 11 16 9 8 12 19 12 14 7 17 16 19 19 12 16 5 14 10 7 12 15 11 12 5 17 11 8 5 13 11 7 19 6 5 9 13 14 10 17 16 7 15 14 11 11 11 20 18 18 17 12 7 9 19 5 17 9 20 16 9 8 12 18 8 11 15 6 15 10 12 5 7 13 20 15 17 19 18 20 14 16 12 11 8 18 9 19 19 13 18 7 14 13 8 11 13 10 20 15 15 5 12 9
7 17 8 9 6 16 5 13 12 6 14 14 10 11 18 6 20 16 12 18 8 0 17 7 14 13 12 15 15 5 9 8 16 7 19 19 10 15 20 14 9 8 10 5 8 15 15 10 15 18 18 12 6 15 20 9 6 17 9 5 19 16 17 5 12 19 19 12 7 7 5 11 10 15 14 12 13 16 16 18 10 13 12 5 18 5 7 5 11 14 12 12 16 7 20 5 6 5 15 9 15 9 12 16 9 9 9 13 13 14 5 11 13 10 15 14 5 11 8 9 18 19 18 6 18 11 16 5 9 14 18 14 14 13 15 20 14 7 7 9 15 11 16 6 18 12 10 9 8 14
12 15 14 15 12 11 5 5 16 17 7 18 11 8 6 13 10 18 5 20 8 15 0 5 9 5 17 6 17 11 12 20 9 20 19 6 20 11 7 17 9 18 15 18 6 13 16 11 17 6 15 5 10 19 17 17 14 14 13 14 7 7 18 20 18 7 16 17 9 18 17 17 11 5 17 7 17 8 19 15 14 11 6 20 7 17 20 14 5 10 20 12 19 11 14 12 10 20 16 12 14 17 17 5 15 9 17 10 5 19 18 6 12 18 8 8 15 13 8 17 12 9 15 6 16 16 8 15 12 5 18 12 11 13 11 6 11 6 9 14 9 8 16 14 13 10 18 16 6 17
18 16 5 10 6 19 9 17 19 11 13 7 8 5 14 20 17 16 12 10 14 14 20 0 9 5 9 19 6 12 7 6 11 5 10 20 16 17 20 8 20 16 17 16 18 14 8 16 19 6 7 20 17 11 16 17 14 7 15 7 17 12 10 18 20 10 15 20 12 15 10 14 11 15 8 13 7 10 17 19 11 9 15 14 12 6 6 11 13 13 15 16 15 7 13 5 11 19 13 17 9 5 8 8 17 20 18 8 19 7 12 7 15 5 13 20 16 15 8 9 20 20 16 13 15 9 11 14 14 9 12 9 11 17 7 18 18 20 12 13 15 12 10 19 13 9 7 14 12 11
12 12 5 12 5 7 11 17 13 16 13 10 12 18 17 16 20 16 15 16 15 11 12 8 0 8 10 19 7 20 16 10 14 6 14 10 13 15 6 15 11 15 7 15 20 14 18 16 5 8 17 6 7 10 7 13 14 12 18 10 5 12 12 19 15 12 11 19 13 6 14 18 8 14 5 7 6 15 20 20 20 5 15 7 13 8 7 13 8 20 6 9 16 5 17 6 14 18 20 16 18 11 14 18 20 15 16 19 10 10 11 8 18 11 12 15 12 8 18 10 8 19 5 19 9 6 16 8 6 11 9 10 16 18 9 17 16 20 6 8 8 19 9 20 9 10 9 18 15 17
10 17 6 15 11 9 8 15 18 8 9 9 5 13 14 15 13 15 5 11 12 6 17 13 7 0 8 19 6 8 17 19 8 19 17 7 11 11 19 12 16 15 20 16 10 15 11 8 5 17 6 16 17 6 8 11 9 20 19 6 14 20 15 12 14 16 16 8 13 7 11 16 9 16 14 11 19 8 13 6 14 13 7 19 8 20 13 20 15 19 14 16 18 17 16 9 19 14 14 12 10 12 17 8 15 18 14 7 12 8 20 10 8 8 18 20 6 12 14 18 11 8 14 14 12 16 17 13 6 15 12 12 18 15 19 15 13 18 10 6 14 19 12 19 15 9 10 16 13 12
10 5 15 12 10 11 10 15 6 10 7 5 10 17 11 15 20 5 6 6 19 19 20 13 16 17 0 20 9 11 5 5 6 9 17 10 8 13 5 10 7 10 14 6 20 11 13 6 20 13 11 7 16 13 19 19 15 8 8 14 12 18 17 15 6 10 18 18 8 9 16 9 7 6 20 12 13 18 6 10 12 14 11 9 19 13 9 5 17 15 9 20 20 15 12 5 14 15 5 9 14 5 18 12 9 13 20 17 9 7 6 19 8 10 6 13 20 17 10 6 7 16 15 19 10 20 13 16 7 16 11 16 8 20 20 14 6 17 18 11 11 17 13 10 15 14 16 18 5 11
17 7 11 14 11 20 16 6 6 17 18 12 18 9 7 13 16 10 13 20 7 13 10 7 7 12 19 0 14 16 19 10 19 12 6 18 6 20 13 18 6 12 17 13 15 5 8 12 11 11 14 20 8 8 5 18 9 16 20 17 12 10 12 5 9 7 9 10 9 5 10 19 10 5 8 5 13 16 19 18 13 15 14 11 16 12 12 13 7 14 16 5 14 10 18 14 19 9 18 16 13 19 5 19 11 12 17 11 15 15 15 17 17 15 9 15 6 6 15 18 19 14 12 13 10 6 8 11 12 17 19 5 12 13 6 14 9 18 13 10 8 11 10 8 13 5 16 16 10 13
5 10 12 6 14 18 16 14 19 17 15 18 10 13 12 19 6 10 9 13 17 14 11 6 10 17 13 13 0 12 7 10 16 17 11 10 11 9 11 8 6 7 18 15 9 5 19 18 18 14 20 12 9 5 16 6 14 13 14 5 19 6 15 8 12 6 13 15 13 20 16 13 10 11 13 13 12 8 9 7 5 19 6 11 16 11 5 6 11 6 9 9 15 18 18 10 17 8 19 6 11 7 5 11 16 10 19 7 9 13 8 14 19 15 7 18 8 5 20 20 18 9 14 19 5 12 5 15 10 17 14 16 12 20 9 16 7 5 7 6 10 19 20 6 5 14 8 10 6 11
20 10 20 14 20 19 7 17 15 15 18 13 18 12 17 15 15 6 18 5 18 18 12 18 13 20 14 12 5 0 20 9 15 17 10 17 13 16 5 15 10 11 13 20 19 6 16 8 5 19 18 17 12 11 9 9 19 14 9 11 17 8 10 15 7 17 16 13 8 10 20 13 7 20 18 13 5 8 9 20 13 17 10 5 13 17 16 19 19 19 6 7 7 11 11 7 20 13 20 13 16 18 18 18 20 18 19 6 18 5 14 6 8 19 10 9 11 10 17 16 20 8 20 13 13 20 6 19 6 6 12 17 20 8 12 10 13 9 20 9 16 9 9 9 20 9 14 6 7 5
16 14 14 11 5 19 15 7 12 13 17 20 17 6 5 12 11 10 11 9 10 7 6 18 5 18 19 17 14 16 0 7 7 10 10 16 12 6 9 9 6 18 8 18 16 15 12 11 8 18 7 9 10 14 6 14 12 8 12 19 14 20 13 13 11 11 7 14 13 15 8 6 7 5 12 13 14 8 5 17 19 16 9 19 15 15 19 17 20 8 16 15 10 8 9 20 10 9 19 13 5 15 16 17 17 8 12 19 6 18 13 12 8 6 15 16 15 20 6 5 15 6 15 9 8 13 12 6 6 11 9 9 9 8 6 13 6 5 8 9 5 18 6 15 14 8 17 20 10 11
7 7 12 16 20 8 18 12 14 19 13 13 20 18 6 14 19 18 10 7 7 14 8 13 16 19 14 11 9 11 10 0 11 5 15 11 8 9 18 5 17 20 10 6 20 9 16 7 16 17 17 16 13 10 9 20 12 11 20 17 14 9 8 19 18 16 7 8 7 19 10 20 14 8 15 6 14 11 14 12 15 6 11 10 12 5 15 18 18 14 18 6 7 13 7 13 19 13 18 19 12 20 17 7 16 17 6 11 5 10 16 15 10 20 7 14 12 16 20 12 20 7 17 9 16 10 13 13 19 9 14 18 13 16 16 6 13 13 5 11 18 18 8 10 7 10 18 7 15 5
19 15 9 15 12 6 16 11 12 18 5 16 11 11 13 20 6 17 13 9 17 18 11 14 5 5 13 7 8 12 17 11 0 16 9 5 5 6 6 10 11 19 20 16 5 20 18 13 12 20 15 15 10 17 20 18 12 7 13 16 11 14 6 14 10 20 6 12 9 7 20 19 16 10 15 18 10 15 12 7 5 7 14 14 5 5 17 10 7 8 16 5 9 16 16 15 16 9 16 7 18 12 20 19 15 18 17 12 18 20 17 20 20 15 16 16 20 10 18 15 8 18 12 5 14 16 19 18 14 14 16 11 18 16 6 19 19 6 13 7 13 19 10 8 11 9 8 6 19 16
9 11 7 14 18 17 15 20 13 10 9 12 5 15 5 19 11 12 13 16 19 10 19 16 20 14 7 19 14 17 20 14 11 0 14 16 16 12 7 6 13 19 15 17 16 16 8 14 13 11 20 17 9 11 8 19 20 13 9 19 6 14 5 20 17 12 20 8 17 7 8 9 11 17 9 14 10 19 17 11 8 18 17 8 16 12 7 18 6 14 11 13 7 13 16 16 10 13 18 20 20 17 18 9 6 17 5 5 7 5 19 14 20 15 13 6 18 8 17 9 5 14 12 19 14 19 5 9 15 12 9 10 18 5 6 6 5 16 18 16 5 17 19 19 7 10 8 15 10 18
11 10 14 5 5 7 17 9 16 12 15 13 8 5 13 5 17 6 7 10 8 9 14 14 15 13 17 20 17 20 9 5 19 10 0 19 9 11 16 19 9 16 7 13 5 17 15 15 16 19 5 10 20 11 13 17 15 19 6 12 18 19 16 17 19 5 18 10 6 11 14 14 9 20 11 18 5 15 5 20 13 6 6 9 20 13 17 15 17 7 14 8 11 18 6 16 14 6 18 12 14 17 8 16 6 15 9 15 5 9 15 8 15 11 17 9 8 7 13 16 12 7 13 5 14 11 8 18 16 18 8 12 5 19 7 19 16 11 16 6 5 13 20 9 18 15 12 20 5 18
18 7 14 20 13 6 10 16 12 17 19 7 17 20 7 12 15 20 13 6 17 5 5 19 11 6 14 5 16 12 15 18 18 13 5 0 11 15 15 18 19 5 9 9 5 11 11 17 10 17 10 6 20 8 18 17 11 8 12 5 10 14 18 5 9 6 19 15 8 18 11 20 15 6 11 10 19 12 20 12 10 7 19 6 9 7 10 18 19 6 13 12 5 15 9 7 15 12 6 13 19 12 5 11 17 20 7 12 14 18 16 20 19 18 16 12 8 10 15 12 9 16 10 6 18 11 12 5 18 8 19 14 11 18 15 15 13 9 20 6 7 5 12 5 16 20 14 9 15 17
8 17 14 9 16 15 19 11 14 14 19 5 7 7 16 12 17 12 12 5 8 13 16 20 8 14 12 7 8 9 13 18 12 20 8 12 0 16 20 20 16 15 17 15 8 17 18 5 18 20 9 11 17 15 8 14 8 19 12 20 17 20 13 14 11 14 17 7 18 9 10 15 14 5 18 14 10 9 8 20 14 10 8 13 11 6 12 16 9 11 15 9 12 15 14 9 7 13 17 15 14 17 10 11 19 11 16 8 18 5 10 14 7 5 18 13 16 20 9 16 15 16 17 19 6 6 19 7 13 14 15 7 8 18 5 8 6 6 15 13 9 7 17 20 20 7 18 11 12 17
10 6 13 8 13 15 20 19 17 20 12 20 16 16 6 18 10 5 16 18 5 8 13 13 14 7 8 15 19 12 18 12 5 9 10 17 17 0 18 20 11 14 8 12 7 11 14 13 17 14 7 5 18 16 14 7 18 14 18 5 20 12 18 13 6 6 5 14 7 10 8 6 17 19 19 14 6 15 10 14 5 14 19 5 16 8 11 18 15 13 15 8 7 7 18 18 14 6 14 11 19 17 10 20 5 12 13 7 7 10 18 11 13 11 6 8 17 15 14 16 14 20 8 11 10 6 7 7 12 8 16 18 7 7 16 10 19 14 11 11 8 16 8 8 10 12 15 13 12 19
16 8 10 14 5 7 7 10 15 8 16 19 19 16 5 17 12 19 15 14 19 14 17 8 10 20 9 18 16 10 10 18 8 5 19 12 15 20 0 20 8 19 20 6 9 14 19 10 10 9 11 9 10 7 11 16 7 11 18 16 19 14 19 6 7 18 16 11 15 19 12 16 12 8 8 9 12 17 17 11 9 20 13 11 13 9 6 12 17 11 12 14 8 5 20 12 8 7 10 19 17 12 16 7 8 13 13 5 5 17 19 19 19 6 20 16 15 7 12 14 10 10 16 15 11 8 18 6 5 8 5 18 16 6 13 14 8 14 10 10 13 17 12 12 5 8 7 10 13 19
9 14 7 19 6 14 5 16 6 15 17 18 5 17 19 10 16 5 11 6 5 8 12 9 17 17 10 19 14 12 16 15 11 18 16 11 19 11 10 0 7 16 18 18 15 16 14 7 13 15 9 16 15 14 6 20 11 16 6 16 6 18 20 12 20 6 11 17 16 20 13 17 13 14 19 15 18 16 6 17 9 18 11 19 18 13 18 14 7 8 19 9 8 12 10 11 19 7 11 6 12 20 12 9 5 15 20 13 19 10 8 5 16 12 9 16 17 8 17 13 19 19 19 15 8 11 6 6 15 6 9 6 17 16 18 8 12 11 12 14 13 9 10 10 18 15 15 8 19 6
11 18 8 5 11 6 17 20 12 11 11 5 18 15 14 12 17 17 7 8 5 6 11 12 14 7 10 15 17 5 12 8 19 9 14 13 8 14 12 20 0 11 18 7 12 18 16 15 17 12 6 10 11 12 18 13 20 14 16 20 5 9 5 11 19 13 5 10 12 12 18 6 5 6 8 10 16 15 20 9 13 17 16 19 12 17 12 19 9 15 17 9 20 18 7 14 14 12 9 5 14 16 20 11 16 5 15 18 18 13 20 7 6 8 14 8 10 8 7 19 10 6 6 13 8 20 6 17 19 9 13 18 16 13 7 10 17 8 14 9 20 5 16 20 13 18 20 18 10 8
11 16 16 20 5 14 7 19 14 17 14 12 14 6 17 14 10 5 14 10 6 8 14 19 18 6 12 12 7 20 17 18 11 15 5 11 9 10 10 15 6 0 12 10 8 17 7 9 18 18 17 10 5 15 16 12 9 6 11 9 6 12 5 17 7 11 6 12 14 11 11 15 14 15 6 11 16 7 17 19 15 12 20 7 10 14 6 14 16 6 16 7 12 11 17 6 20 18 7 13 5 19 12 5 16 16 19 10 19 6 19 17 15 11 15 12 15 5 11 12 14 16 19 8 12 8 17 14 16 19 6 8 19 7 16 19 17 8 7 13 18 8 7 19 11 16 9 11 12 8
6 9 15 11 16 9 5 6 11 19 16 14 12 18 20 6 7 5 10 19 7 15 7 19 17 9 13 11 16 19 11 20 12 7 6 6 11 16 18 13 5 14 0 7 5 9 13 18 12 16 14 5 6 19 14 7 9 11 11 8 19 9 9 9 14 14 11 11 18 20 11 14 15 5 7 11 15 10 12 10 10 17 15 15 6 19 14 11 17 15 15 12 20 9 13 16 10 9 16 6 11 5 19 12 18 14 10 9 10 17 20 16 14 20 19 16 8 15 5 19 6 20 16 18 9 16 14 14 18 17 13 18 9 13 17 5 17 8 18 18 7 5 11 5 5 14 5 11 8 19
11 8 10 11 17 16 8 14 14 20 12 8 16 16 15 9 13 10 14 15 13 19 20 14 5 7 20 16 9 9 7 18 18 8 15 5 11 16 11 17 8 6 17 0 5 15 12 12 17 19 6 20 19 12 5 19 5 8 11 15 19 14 19 16 17 5 13 17 15 17 10 9 6 6 19 7 10 8 19 17 12 5 10 20 11 17 15 18 18 13 5 14 14 15 11 9 19 19 16 20 16 12 17 16 15 18 6 17 5 18 11 17 20 15 12 13 12 18 6 8 6 11 18 13 17 16 18 11 7 18 18 5 11 18 13 14 15 15 16 17 16 20 8 7 19 14 16 13 8 6
19 7 8 14 17 6 10 14 11 8 10 6 18 8 19 8 12 18 14 19 14 17 6 20 7 16 6 14 10 11 15 13 18 17 6 9 12 11 8 12 6 16 16 17 0 10 11 6 5 20 18 14 9 12 13 10 18 7 14 5 17 11 16 6 7 17 17 6 16 10 20 9 17 18 15 19 14 17 12 9 10 6 8 5 13 7 20 19 7 19 11 7 17 11 19 19 9 17 17 9 19 20 10 17 12 18 17 6 11 7 14 12 9 19 6 14 11 7 13 20 16 8 12 7 7 17 13 9 12 7 13 10 17 11 16 16 12 11 11 15 12 7 10 5 11 12 20 9 13 12
5 19 9 13 18 14 15 20 10 18 11 10 14 16 14 16 5 19 7 13 14 9 16 16 7 16 7 5 9 6 10 8 12 10 6 10 18 15 15 11 13 13 5 16 11 0 9 5 12 20 20 19 16 6 16 15 14 15 18 17 14 6 5 7 10 5 17 19 12 12 16 6 14 12 17 7 13 5 9 12 20 16 18 18 18 9 6 10 17 19 11 9 9 7 20 10 5 9 14 17 16 8 11 5 17 5 6 18 8 19 14 14 17 9 20 12 11 14 10 6 17 6 9 15 8 10 14 19 12 17 16 7 15 16 9 12 6 8 20 18 15 5 18 16 13 19 12 11 8 9
5 10 16 13 12 10 17 20 15 13 11 12 14 19 9 5 11 9 8 13 14 10 18 10 16 7 14 19 20 13 7 6 9 12 6 16 10 14 8 12 16 15 9 6 18 8 0 7 18 6 17 14 9 10 18 8 6 16 15 14 7 9 18 5 7 20 5 19 5 17 20 16 8 8 20 5 14 11 15 18 14 13 20 19 16 10 18 19 6 8 15 15 5 20 16 7 14 19 14 16 17 14 17 15 18 5 9 19 10 13 14 19 17 8 7 6 7 6 16 8 13 8 13 5 16 12 17 20 12 13 18 17 7 7 19 11 5 17 9 10 19 10 20 17 15 10 12 11 19 16
7 14 11 5 8 17 10 12 5 16 13 10 18 9 15 14 8 17 6 7 9 20 20 12 11 13 9 14 9 20 18 6 15 7 17 6 16 17 15 10 18 8 16 11 5 16 20 0 8 10 15 5 15 17 14 13 14 8 13 14 15 5 6 20 13 10 13 17 5 13 15 9 15 15 15 12 12 10 10 20 7 19 20 20 15 11 16 15 6 17 5 7 7 13 15 16 13 18 17 10 12 16 8 14 14 12 16 5 13 15 6 9 20 19 19 13 14 7 12 7 8 15 20 15 8 9 17 6 9 19 17 7 13 5 6 15 18 20 8 20 20 15 7 16 12 7 17 18 14 9
20 12 11 18 15 14 13 14 17 11 12 6 5 13 9 15 19 18 9 15 11 13 12 10 15 6 12 7 7 14 18 10 14 5 16 11 11 9 9 15 19 7 19 9 12 7 11 7 0 11 15 15 17 18 6 6 13 10 9 7 15 19 12 13 16 16 19 20 16 9 16 11 16 5 8 8 14 19 19 7 9 18 18 8 13 14 14 11 13 13 11 8 8 20 14 15 9 15 16 9 17 17 9 9 14 10 5 20 11 6 9 14 6 19 6 16 8 6 18 10 8 13 16 17 14 9 14 11 19 9 6 13 13 14 18 15 18 5 7 17 15 10 19 6 16 6 19 17 7 20
10 5 14 6 10 11 8 15 12 16 6 10 20 15 15 17 10 13 13 17 19 16 15 8 11 7 15 19 15 12 16 8 5 18 12 19 19 10 18 8 18 6 14 5 7 19 13 16 11 0 9 12 19 13 8 12 14 6 17 18 5 10 15 9 9 16 5 9 16 10 17 9 12 20 11 8 20 9 17 17 11 14 9 9 16 6 14 20 8 20 15 20 5 7 12 7 19 6 10 18 7 8 6 20 14 7 15 15 10 5 14 17 12 9 18 20 15 9 19 17 17 11 12 20 14 6 8 9 12 14 18 18 5 8 14 6 5 17 16 15 18 11 19 5 18 7 13 20 10 12
11 7 5 16 13 19 13 10 11 7 16 14 8 15 17 19 15 6 10 17 11 6 19 18 12 5 19 20 18 5 12 15 14 7 9 7 13 19 6 6 18 7 19 11 10 19 17 14 15 11 0 8 5 8 18 16 5 15 10 11 11 5 11 7 7 10 5 13 19 15 8 17 19 19 16 16 15 15 13 8 17 10 12 8 18 5 5 6 5 9 12 10 8 9 18 16 15 18 14 11 8 7 8 16 14 18 11 19 13 14 14 14 18 5 7 13 12 11 17 5 5 8 5 13 8 12 11 7 15 14 9 6 16 13 10 15 13 18 10 19 20 15 8 14 20 16 9 19 14 10
14 13 16 10 5 12 9 7 8 6 7 6 12 12 16 7 20 5 9 16 18 8 10 15 17 15 7 8 20 13 8 5 7 20 19 16 17 8 5 7 17 5 14 16 6 10 18 16 14 17 15 0 9 7 8 16 9 10 13 8 10 16 8 17 16 13 9 18 15 11 5 10 15 9 12 11 9 12 8 11 6 20 11 13 17 13 14 20 9 9 13 19 15 19 12 9 16 8 15 12 8 8 20 15 15 6 10 12 15 7 11 11 15 10 8 20 12 17 18 17 7 18 12 11 12 12 18 17 12 12 8 10 10 9 9 8 17 13 5 8 20 8 15 10 11 10 14 15 9 19
19 19 9 16 15 13 8 9 6 16 19 12 13 13 8 11 16 18 7 5 20 11 11 19 18 18 17 13 9 6 10 9 6 19 12 13 20 17 10 13 5 5 14 12 18 17 20 7 16 18 7 17 0 16 19 14 10 9 19 8 12 20 14 6 18 7 18 10 15 7 10 13 17 11 12 12 16 11 20 14 7 6 16 11 19 12 13 15 8 8 19 6 8 19 16 20 19 17 20 14 6 10 18 5 18 16 9 7 7 10 19 9 8 12 13 10 19 9 12 7 13 9 14 8 12 16 5 11 12 15 11 11 9 17 9 16 11 15 13 9 13 8 7 8 17 18 16 20 17 18
16 13 14 12 11 15 10 16 17 7 17 13 17 13 5 17 6 12 6 13 8 20 9 17 19 7 18 10 10 15 20 7 16 18 5 17 19 19 16 15 18 18 15 8 19 18 18 6 16 13 18 18 7 0 14 15 13 12 13 10 19 17 17 13 15 9 5 6 5 8 10 20 14 10 20 15 15 20 6 13 6 13 11 16 12 20 20 11 5 20 5 7 20 14 17 12 12 15 18 18 6 12 15 8 8 12 13 19 13 17 7 10 5 7 8 15 12 11 17 19 17 6 10 6 19 13 6 6 10 12 9 11 19 10 12 7 17 5 19 10 7 19 17 18 6 13 13 18 6 20
12 17 20 6 17 20 13 16 5 19 6 20 16 17 9 6 19 13 19 8 19 16 20 13 10 16 10 6 10 17 10 19 11 8 7 7 13 5 18 5 16 15 5 19 16 13 18 7 16 7 16 12 6 12 0 16 16 14 6 14 5 12 12 10 15 16 18 6 16 19 17 12 13 10 9 8 20 6 15 11 13 12 7 12 12 15 16 18 13 15 8 11 20 8 20 14 5 8 8 20 20 5 10 19 8 16 10 12 12 14 15 15 20 17 20 15 18 12 18 16 16 17 12 12 15 17 12 12 6 8 15 8 7 16 10 7 8 18 10 7 18 16 9 7 11 9 9 8 12 11
20 8 17 19 11 17 12 9 8 17 5 13 19 8 6 16 9 9 12 17 18 13 5 20 15 16 8 15 10 11 18 9 13 9 15 6 13 18 16 20 19 18 17 16 12 11 9 10 12 16 10 11 7 12 9 0 8 5 17 5 8 18 5 10 14 16 12 14 16 17 17 19 5 9 19 15 13 9 13 6 9 19 17 11 14 17 9 14 12 20 10 10 7 13 11 11 20 10 16 12 12 5 10 20 10 15 13 6 18 13 15 17 10 10 18 16 14 10 17 9 10 13 15 9 12 19 6 15 10 17 14 18 20 6 9 8 9 13 12 17 9 6 7 7 9 20 12 19 11 13
13 9 20 16 13 7 6 9 16 16 19 20 13 16 11 8 12 17 17 13 15 20 17 20 8 16 7 8 13 16 19 7 10 7 17 15 7 17 19 6 10 7 7 7 6 10 9 12 20 7 10 9 5 12 6 14 0 6 15 17 6 18 6 19 11 17 8 12 6 15 16 19 8 7 8 13 8 11 8 13 10 7 11 19 13 7 16 14 7 8 9 20 6 17 20 15 16 20 6 8 13 17 15 8 6 16 11 19 14 5 12 10 6 10 11 12 20 6 20 10 15 14 5 7 16 18 13 9 11 6 20 5 16 10 6 19 15 14 9 10 19 12 13 14 14 15 5 7 19 20
10 20 8 18 8 8 9 13 11 5 13 16 5 16 7 20 17 19 9 10 20 17 14 12 13 5 10 13 16 12 19 13 9 8 12 8 12 5 20 17 14 11 20 5 15 5 5 18 16 6 8 12 9 6 11 19 14 0 12 7 7 19 16 17 20 5 12 18 9 7 18 9 20 13 20 20 6 17 18 16 9 10 18 11 8 7 15 5 20 8 16 16 20 11 16 17 17 16 15 11 12 8 8 5 5 5 19 18 16 13 11 10 9 8 5 9 5 16 11 19 12 11 17 19 15 9 20 18 5 6 14 8 17 19 17 18 18 14 7 6 6 16 17 18 7 17 18 18 7 19
19 10 11 14 9 10 12 12 12 13 5 11 12 20 10 5 11 11 7 19 20 8 18 10 17 13 17 11 8 6 10 10 5 15 16 13 10 15 9 5 16 10 16 5 9 13 15 10 7 17 12 18 11 8 16 5 17 16 0 18 9 20 5 19 15 12 12 11 9 10 7 10 17 10 12 10 13 18 9 19 20 6 6 18 9 7 19 6 9 19 12 16 20 8 12 14 8 5 11 5 13 17 12 14 5 16 18 17 9 12 10 14 16 18 7 15 20 18 17 15 9 20 13 19 13 15 17 11 17 12 16 10 18 16 14 14 19 8 10 16 13 15 7 15 19 16 12 6 8 15
19 14 15 16 12 11 9 5 18 14 14 5 16 19 10 9 9 7 10 18 12 5 18 8 20 17 15 10 10 10 12 19 8 8 13 19 8 19 8 15 10 7 19 18 7 12 16 7 12 16 8 8 12 5 15 18 7 20 13 0 13 19 16 18 11 7 14 20 13 8 8 7 9 7 6 18 9 15 9 13 18 11 12 9 5 5 6 6 14 16 5 10 8 10 5 5 13 19 11 14 19 9 18 17 15 14 8 12 16 9 20 7 13 17 16 6 13 14 17 8 6 12 16 5 13 17 7 20 15 12 12 14 9 8 12 17 18 15 11 20 6 20 5 18 19 5 17 8 14 6
10 17 13 9 11 20 5 15 12 19 20 9 11 16 9 12 20 9 17 14 13 20 17 5 13 18 20 13 7 6 8 5 10 5 6 13 6 11 6 5 7 17 5 14 11 5 16 13 15 9 5 6 16 12 7 8 16 18 12 16 0 18 10 18 19 14 7 13 13 5 10 7 14 10 8 10 5 17 15 10 5 9 11 5 5 7 13 7 9 8 9 6 16 16 11 20 20 9 18 11 15 16 20 16 12 15 8 10 12 15 5 15 13 13 17 16 15 12 19 11 20 11 9 15 11 11 7 20 8 10 10 16 5 15 5 20 11 19 13 5 17 16 5 17 14 9 5 16 13 13
19 6 11 13 8 12 7 12 16 14 19 6 5 20 16 12 17 14 15 16 20 13 9 9 20 14 16 17 12 17 10 8 7 13 18 19 9 10 6 12 20 11 15 7 5 17 6 16 10 14 5 12 20 18 8 5 17 16 17 16 5 0 16 16 12 15 17 14 12 17 20 11 6 9 15 17 13 19 14 10 17 13 8 5 11 16 13 8 10 10 8 7 6 17 10 6 14 20 11 7 19 18 11 13 15 14 8 5 20 10 14 17 5 15 20 17 19 15 5 13 17 7 8 17 19 19 18 12 8 16 16 16 8 5 15 13 19 15 13 19 12 19 13 14 17 8 6 5 18 12
18 6 9 9 7 16 17 8 20 7 12 5 19 16 19 6 10 20 12 15 12 13 12 14 17 12 14 6 9 6 8 14 18 5 8 6 8 11 5 6 15 7 11 11 18 10 6 14 18 8 8 11 19 16 7 9 5 9 6 20 18 12 0 7 14 15 18 5 7 7 13 12 19 19 17 16 18 13 11 8 8 14 13 8 20 10 8 13 13 14 15 6 5 16 15 20 8 6 9 16 8 20 6 11 13 9 16 15 10 9 14 8 17 6 6 11 9 6 13 7 6 16 6 6 19 14 16 15 14 7 7 14 17 18 20 16 19 12 13 9 15 18 14 6 18 16 9 20 10 16
7 6 13 5 11 20 11 18 17 17 18 19 17 12 12 14 5 6 12 20 12 19 9 9 11 18 15 5 16 18 10 17 5 14 12 19 20 9 12 6 16 15 18 11 16 18 16 9 5 15 11 18 16 18 8 10 15 9 14 18 15 17 14 0 11 17 18 10 17 13 11 5 5 14 13 13 15 19 9 16 10 8 17 17 11 19 6 6 12 19 14 19 8 7 17 7 6 12 6 13 19 9 19 5 8 8 10 16 16 17 16 7 18 19 14 20 14 18 7 7 20 9 15 5 14 13 11 13 17 13 18 5 9 15 12 20 5 7 7 19 19 6 9 12 13 10 12 17 19 10
20 14 10 16 20 17 16 14 5 19 11 14 9 20 11 18 6 6 5 6 16 5 7 6 10 5 5 19 5 16 20 5 11 10 8 20 20 20 9 10 20 16 16 15 19 9 12 14 11 12 17 17 7 19 11 10 10 17 5 5 8 18 9 10 0 12 10 6 18 15 7 7 8 11 10 20 10 11 15 17 7 5 5 6 13 13 19 14 14 11 5 9 20 10 15 18 19 5 10 7 8 12 20 7 20 6 19 17 5 14 17 11 9 14 11 10 17 17 14 15 19 16 10 11 15 12 16 8 8 15 10 17 19 5 14 9 19 12 10 7 20 5 7 11 15 20 20 8 10 11
11 14 14 13 14 11 18 10 12 9 5 7 20 20 5 10 18 12 6 7 9 13 15 18 17 5 8 14 6 11 15 17 6 19 18 10 11 20 16 10 18 10 9 17 17 9 20 7 10 10 15 20 11 17 18 13 13 12 8 17 11 8 19 8 20 0 8 16 18 16 10 12 16 13 19 15 13 14 11 15 14 16 17 18 9 9 14 17 7 20 14 19 12 20 12 15 7 16 17 6 15 15 13 14 14 18 6 19 13 9 20 12 10 19 5 9 9 16 12 5 17 9 12 9 9 14 20 6 6 20 13 19 12 17 13 14 6 15 9 16 18 18 19 14 10 11 5 12 5 14
18 16 11 17 14 8 7 5 7 18 13 14 15 12 19 16 16 13 16 7 14 14 18 7 9 8 10 11 10 15 17 19 12 17 17 9 9 13 7 8 14 11 6 11 20 19 11 5 9 11 20 19 6 8 5 5 10 13 12 5 9 11 15 5 10 8 0 15 5 13 7 11 12 5 12 14 19 9 15 15 16 20 17 11 13 5 11 15 7 12 7 19 9 13 11 10 13 7 15 20 9 15 12 13 17 15 18 9 6 12 13 6 12 19 18 20 5 11 9 11 11 12 6 5 6 16 6 20 5 20 5 16 13 14 14 6 20 20 16 7 8 15 18 10 9 6 17 18 17 18
13 10 14 6 12 8 13 10 17 15 16 17 20 8 5 12 19 8 11 11 15 15 18 11 10 8 8 19 16 5 6 16 9 9 13 13 15 6 8 19 19 9 12 15 20 14 19 20 9 7 17 19 16 5 9 13 10 9 12 18 6 14 19 8 11 7 6 0 17 8 18 11 12 16 8 14 12 9 9 10 11 5 5 6 19 12 20 7 14 10 10 6 16 11 7 19 17 12 9 9 9 20 18 12 19 18 18 15 10 18 15 15 13 11 19 10 20 14 12 19 9 17 15 19 8 16 14 11 13 19 5 6 14 7 15 15 7 19 9 8 18 20 14 8 20 7 11 16 8 8
20 14 18 9 19 20 14 11 16 9 19 17 14 10 6 7 20 5 7 13 19 13 11 7 18 13 7 16 11 13 12 10 20 18 15 15 17 6 15 9 6 7 13 16 19 12 19 7 12 11 7 20 19 13 11 19 8 17 18 18 18 9 6 10 13 13 15 9 0 18 19 8 15 7 17 15 19 13 7 19 19 20 11 19 20 17 6 16 13 18 5 20 10 10 15 20 15 19 12 18 10 8 8 8 14 16 5 16 8 8 16 5 9 20 11 16 20 12 16 11 19 13 13 18 15 6 12 6 16 19 13 7 10 16 14 20 8 16 6 6 10 16 10 12 12 14 17 18 15 19
8 5 17 17 10 13 17 19 5 12 19 14 15 12 9 11 6 12 15 9 16 14 20 15 12 13 14 14 20 10 13 5 5 7 5 19 6 10 9 9 11 6 15 16 13 20 6 18 15 6 10 12 20 20 15 13 17 5 5 15 9 9 6 8 15 12 10 12 18 0 16 9 17 15 12 20 14 11 17 16 18 8 10 14 8 6 10 14 6 18 16 20 7 19 5 6 13 11 18 13 17 10 6 14 12 14 6 15 17 17 5 6 16 7 9 20 10 9 14 15 9 18 13 15 16 11 17 19 17 15 8 13 19 14 20 20 13 9 15 9 5 15 8 7 9 5 10 7 11 11
10 19 15 16 20 10 9 9 10 6 11 10 7 8 20 10 18 15 11 6 15 12 13 20 16 5 16 14 6 11 13 15 8 9 7 17 15 15 16 7 7 12 7 13 18 13 14 5 7 12 18 12 20 13 9 8 5 19 7 6 10 11 15 16 19 5 10 14 7 20 0 10 19 17 18 13 18 8 11 15 19 7 13 18 19 5 20 5 7 8 17 16 14 9 5 11 5 7 9 15 9 6 20 16 11 6 6 10 17 19 7 20 10 12 17 18 16 16 13 12 5 15 17 6 16 16 10 5 11 13 6 20 19 5 6 6 6 19 15 16 11 6 14 15 14 19 9 11 18 20
14 19 5 17 7 13 15 17 15 10 6 17 10 16 14 20 10 11 7 14 17 16 16 20 14 15 20 13 11 12 17 19 9 17 19 5 14 18 11 6 16 6 16 14 6 13 18 7 5 12 8 18 10 16 17 7 15 9 8 7 16 8 7 12 5 5 18 15 8 14 9 0 7 6 15 7 10 9 7 18 11 15 19 12 10 19 16 5 17 8 10 15 6 17 18 6 12 8 6 13 7 14 8 14 19 13 13 6 8 7 7 19 15 16 18 15 20 19 15 9 15 11 16 10 5 11 13 20 19 7 11 14 16 11 8 20 6 12 7 5 13 14 14 18 14 13 14 10 19 16
9 7 20 14 6 19 7 8 17 9 10 16 16 10 6 12 10 10 6 9 17 14 14 18 19 17 15 10 13 6 11 17 11 17 10 7 11 12 10 20 17 7 9 5 13 5 13 10 6 13 18 9 18 20 11 17 15 19 20 13 11 20 14 7 18 9 12 11 8 18 9 11 0 13 15 12 10 18 11 8 7 8 5 17 20 11 10 15 11 19 16 6 9 10 10 13 5 15 15 10 7 15 14 18 20 14 10 10 11 13 8 18 10 8 13 20 19 6 8 19 8 8 13 12 11 9 20 18 16 5 6 7 10 5 14 13 5 16 11 10 14 17 15 18 5 10 18 15 19 17
11 11 10 20 12 12 19 15 14 15 14 6 13 13 14 18 17 10 6 15 9 17 14 9 9 15 10 14 13 16 20 9 14 12 19 6 20 11 14 13 11 9 10 10 11 5 10 12 9 9 11 8 6 7 20 14 20 14 7 16 10 20 19 16 16 14 20 19 14 6 12 20 8 0 12 20 8 10 7 19 19 19 11 11 11 14 9 18 11 11 14 11 18 6 6 5 7 15 8 13 6 15 12 13 5 8 18 10 13 12 14 8 15 17 10 10 11 7 6 15 9 16 17 9 19 15 18 16 8 6 16 18 8 10 20 13 19 7 10 20 20 5 18 11 13 12 13 8 16 6
19 18 18 10 10 10 16 16 18 13 8 7 6 19 18 8 15 18 17 12 5 11 8 19 17 7 11 11 13 8 14 13 14 11 10 8 7 19 14 9 6 10 9 20 12 15 14 14 18 11 19 17 5 17 5 8 8 14 9 7 7 11 17 5 9 11 7 9 5 9 8 9 15 7 0 11 11 16 8 13 9 9 8 5 17 16 7 20 13 20 5 6 17 14 7 13 14 7 8 15 18 12 11 7 19 19 7 7 13 13 18 17 17 7 17 13 10 7 7 6 9 11 16 12 12 8 16 17 6 5 16 6 15 10 18 17 6 8 8 6 18 15 20 16 14 9 19 17 19 6
7 13 17 12 9 14 19 16 6 15 7 11 16 11 12 14 19 13 19 14 14 5 11 14 20 8 13 11 14 17 17 14 9 14 12 14 6 11 8 14 5 15 15 7 14 18 19 20 7 12 5 14 16 12 5 6 7 5 20 18 9 17 18 8 18 19 16 17 6 11 19 17 15 18 20 0 7 12 20 20 13 7 7 19 9 11 8 9 19 10 14 12 5 6 8 12 7 14 14 10 12 12 16 6 16 5 7 7 13 19 7 20 19 6 8 14 16 11 12 10 20 10 12 19 9 6 19 8 9 9 10 11 13 16 8 5 16 13 19 17 12 19 13 8 13 17 9 16 16 9
12 5 5 6 14 17 19 5 8 20 14 11 12 6 11 20 6 20 7 20 9 9 17 9 12 11 9 18 19 13 9 7 11 18 11 14 14 19 9 15 9 7 8 16 6 16 12 9 6 6 13 18 17 20 13 5 6 5 7 15 20 19 11 20 15 13 17 20 13 18 7 9 8 16 13 10 0 9 9 5 17 15 15 7 16 9 7 14 6 6 10 15 16 6 9 9 14 15 13 15 20 18 8 18 9 18 5 18 11 20 15 11 8 9 13 13 7 15 16 15 11 13 16 20 8 20 14 14 16 10 18 13 15 13 14 20 9 9 7 6 16 17 15 20 19 14 19 5 7 14
7 10 13 20 20 20 15 11 20 10 7 14 19 12 10 19 5 6 16 12 17 11 13 8 16 11 7 12 9 13 7 10 19 13 11 16 6 13 17 16 19 15 9 9 16 11 14 15 12 17 10 11 20 13 5 12 17 9 8 7 14 15 11 12 5 12 14 15 17 19 7 19 11 7 18 17 7 0 17 19 20 18 19 7 14 18 9 20 7 9 11 17 19 9 16 11 15 18 6 16 10 11 10 17 13 14 5 11 14 12 14 14 13 8 6 7 9 17 10 11 15 20 16 7 18 19 13 10 17 7 9 11 14 8 5 7 6 19 19 14 5 17 16 7 14 14 9 6 17 19
5 15 17 12 14 8 12 19 7 12 15 19 17 8 16 12 5 14 15 14 18 5 5 14 19 14 12 14 10 7 16 19 15 8 14 19 16 12 10 7 15 14 19 11 6 6 14 19 14 13 8 8 12 8 13 10 15 15 13 10 17 16 16 15 5 6 10 12 18 18 9 6 7 15 11 10 8 16 0 15 7 11 14 16 18 19 13 16 17 17 8 20 5 14 9 9 10 14 18 5 14 16 10 5 19 15 9 17 11 11 9 19 19 9 19 11 14 11 16 9 16 18 12 20 9 14 19 16 10 16 7 20 12 11 10 7 18 13 9 20 6 19 10 7 16 13 12 20 13 6
14 5 9 9 17 11 18 5 20 5 5 11 20 12 20 9 20 20 15 6 18 12 18 20 17 16 16 16 15 19 15 6 19 14 15 16 11 20 14 13 11 20 5 11 12 16 17 12 11 13 18 15 11 15 19 8 12 17 9 8 8 17 14 12 18 9 8 15 9 14 17 14 18 8 14 7 12 12 10 0 12 15 8 8 6 8 15 17 19 6 20 20 12 13 7 6 8 14 12 19 7 17 20 20 11 9 7 16 16 12 20 17 5 14 9 17 17 17 14 16 16 17 14 20 19 20 9 19 13 19 7 7 14 9 7 15 13 5 8 16 7 19 15 20 17 7 6 9 18 14
6 5 12 6 7 7 18 9 17 20 17 16 16 16 8 6 16 20 13 16 20 7 10 12 7 19 18 19 14 10 10 17 14 11 14 8 16 15 7 20 5 14 10 18 15 5 20 12 18 7 5 20 17 20 14 15 6 20 9 6 20 6 7 8 6 7 18 20 9 6 7 10 5 17 18 5 9 9 15 10 0 19 18 18 11 17 15 20 11 7 13 6 13 5 17 20 19 16 11 5 16 11 12 5 5 9 5 9 19 10 19 12 20 19 15 15 13 20 13 6 17 18 11 11 10 14 11 14 8 15 20 16 9 7 18 13 16 9 8 16 18 8 5 12 20 14 12 8 7 15
15 11 15 16 15 14 9 14 8 8 18 13 16 9 10 9 9 5 16 20 20 20 6 5 12 18 13 12 12 19 17 5 8 18 15 6 12 16 18 20 8 16 20 10 14 8 8 20 12 15 14 5 9 11 13 18 9 5 18 8 13 10 5 16 13 13 16 6 6 19 20 13 15 20 15 9 8 16 10 10 18 0 15 11 18 5 18 8 20 14 14 9 20 19 17 18 15 11 20 14 17 14 9 10 5 11 19 9 13 9 17 13 11 17 7 13 20 20 15 6 6 8 16 7 16 5 17 12 15 20 19 5 10 18 12 16 8 13 13 19 12 6 20 13 12 13 10 9 18 6
17 14 14 13 5 15 7 13 11 9 16 20 9 8 13 20 17 6 18 5 20 9 15 19 7 12 16 14 11 20 8 20 17 7 16 9 14 10 19 12 14 20 20 8 10 11 9 20 19 6 11 12 20 12 8 8 16 9 20 9 17 19 13 20 19 20 18 12 16 16 9 10 10 13 20 18 19 5 20 8 14 12 0 6 20 19 10 16 13 10 8 15 14 11 10 14 11 15 13 12 19 20 9 11 9 8 13 6 6 11 9 9 13 10 12 19 18 13 15 16 7 15 15 17 14 9 16 8 13 9 17 18 5 13 9 6 11 9 17 15 14 20 18 18 17 6 5 8 16 6
5 10 7 7 17 15 19 20 20 17 12 8 9 14 17 5 9 16 15 8 16 18 13 11 16 17 7 18 6 19 5 19 20 10 7 12 12 7 15 10 20 19 7 7 18 8 19 15 14 14 11 10 16 10 15 5 10 9 16 14 12 6 15 20 7 20 16 18 16 20 11 5 15 5 16 8 20 5 11 9 13 19 5 0 8 20 17 15 5 18 19 19 15 20 15 15 19 12 20 11 14 20 5 6 12 9 19 8 6 10 11 10 16 10 14 7 8 5 7 12 20 17 17 16 10 19 12 7 14 6 11 16 20 13 11 16 14 10 14 10 5 14 6 19 14 8 8 16 15 6
7 20 13 13 9 14 10 20 12 12 10 6 9 7 9 13 16 18 8 12 13 20 6 10 13 6 17 5 13 6 8 5 12 6 6 5 14 9 9 16 12 15 6 15 12 15 11 6 5 19 20 20 8 9 15 13 18 13 20 5 8 14 6 19 12 15 8 16 18 18 13 11 11 9 12 11 16 14 5 16 11 17 12 14 0 6 6 6 9 15 17 16 13 7 11 15 10 14 16 12 14 6 6 20 9 7 6 11 15 19 10 16 18 15 8 15 5 9 18 7 8 16 11 18 20 6 9 10 10 6 8 10 9 11 7 17 5 18 20 5 9 11 16 5 10 16 17 7 10 5
19 15 7 8 12 18 9 20 8 16 17 13 7 10 17 17 7 5 10 19 11 16 10 9 7 15 20 15 17 13 18 12 6 14 11 6 11 9 15 14 9 6 11 15 11 5 17 11 16 19 20 15 17 15 8 12 16 19 8 19 20 5 7 11 20 15 19 11 5 20 8 10 17 16 14 7 20 8 12 5 11 19 14 15 15 0 9 16 12 18 16 19 13 17 14 9 9 5 17 14 8 20 18 18 20 5 13 17 11 10 5 15 10 12 11 17 9 8 13 6 5 15 20 10 17 10 13 13 9 13 12 7 16 16 11 15 14 8 19 18 19 6 11 13 15 18 20 13 5 13
20 8 9 8 8 5 9 7 8 9 15 7 8 10 11 13 19 13 15 10 20 5 9 10 13 11 15 5 8 13 11 19 15 20 17 14 13 9 20 18 6 16 6 15 15 13 13 15 12 10 10 18 15 17 16 10 8 7 12 20 15 20 14 8 12 13 18 9 5 19 7 8 18 20 19 18 17 8 7 20 14 9 12 5 5 13 0 7 6 15 10 20 7 6 7 14 6 11 7 9 10 7 17 19 18 17 10 6 19 19 7 10 17 12 7 13 9 17 7 20 6 19 9 9 8 19 17 13 16 14 10 18 5 7 9 13 15 10 9 18 14 14 13 5 12 20 17 5 14 19
8 15 13 17 18 17 12 12 10 10 20 6 11 20 19 5 6 8 10 5 16 17 16 15 18 11 7 15 15 12 8 16 20 6 9 15 10 16 16 9 9 20 14 11 11 19 17 5 18 8 13 7 18 7 11 13 8 19 13 12 13 7 19 14 17 17 11 11 16 9 19 8 17 13 14 19 7 6 18 12 8 7 17 14 10 8 20 0 6 17 6 14 12 14 20 13 16 13 12 13 14 10 12 11 9 7 9 7 5 11 19 5 8 14 7 7 9 12 17 12 5 7 15 15 16 6 9 10 10 11 6 18 14 11 7 13 16 5 20 13 9 19 16 11 20 12 8 20 11 19
6 15 18 14 8 9 5 5 6 16 18 11 13 16 5 12 12 13 11 16 12 18 8 17 8 14 8 8 8 9 20 7 6 17 8 16 8 17 7 16 7 19 20 14 20 6 14 9 12 11 7 8 7 11 15 15 7 7 12 5 19 5 6 15 8 10 18 7 16 7 10 6 6 6 14 14 15 20 16 14 16 6 19 19 19 10 19 9 0 12 18 5 19 17 19 17 13 13 18 19 16 20 9 17 8 6 9 7 5 20 5 20 11 12 19 14 11 16 11 6 5 7 12 10 16 14 19 5 18 8 7 20 6 19 17 17 9 9 6 19 14 10 11 7 18 13 5 12 19 20
18 10 16 7 8 18 7 19 11 10 9 18 16 8 17 11 7 13 9 5 15 6 19 14 15 11 12 18 6 8 7 20 5 16 15 18 10 13 19 14 7 11 7 10 7 10 13 12 14 12 14 5 12 15 14 10 16 8 5 12 12 13 17 9 5 14 18 20 16 10 20 18 7 12 10 17 17 8 10 11 20 16 20 17 11 5 14 5 16 0 11 15 7 9 13 20 14 7 5 12 9 6 19 18 11 13 6 7 20 13 18 11 16 7 14 17 6 18 7 18 17 16 18 13 10 18 6 19 5 20 15 13 20 11 9 17 14 12 20 14 6 10 20 10 12 14 16 14 14 17
9 6 13 16 10 20 15 18 11 10 15 17 7 8 8 5 12 11 12 13 8 6 17 5 9 10 18 5 8 5 10 5 11 17 11 13 15 7 20 20 7 8 11 13 10 11 5 20 10 19 12 17 19 13 12 14 6 8 17 18 16 20 14 14 19 5 8 7 20 15 20 14 10 8 16 8 20 8 15 13 10 8 17 16 9 6 8 8 9 7 0 9 6 20 10 18 9 13 12 8 16 18 20 12 15 13 17 15 8 7 13 20 12 5 18 14 12 17 12 7 13 15 12 16 14 14 11 11 7 17 18 17 6 9 14 13 9 11 7 17 7 20 14 12 12 13 9 9 13 6
17 16 7 15 17 12 15 17 10 11 6 17 6 13 20 15 17 19 8 8 7 12 15 18 5 20 20 10 14 10 13 18 9 14 16 7 16 8 11 6 9 11 5 15 14 14 18 5 9 7 8 20 20 16 18 6 13 17 20 16 15 14 7 19 9 8 20 10 18 13 18 16 14 12 13 8 7 10 10 5 20 7 15 20 11 5 19 6 10 16 15 0 14 8 18 9 15 18 15 6 20 18 9 8 18 13 8 13 18 15 15 9 14 10 18 19 7 15 15 13 6 11 18 7 10 18 15 18 13 5 11 14 6 16 16 11 9 17 9 19 5 15 5 5 8 11 12 5 8 17
10 15 19 8 18 19 5 7 17 8 17 7 19 6 17 9 9 6 6 13 12 11 9 12 16 16 8 14 7 11 11 20 11 8 8 6 18 13 12 18 6 16 7 9 18 9 12 18 7 15 5 16 5 20 18 16 6 13 13 5 8 20 19 16 15 18 13 10 11 8 10 11 8 5 19 17 5 17 19 17 20 6 12 9 9 19 6 5 13 19 14 12 0 12 9 6 7 15 12 12 15 11 10 15 19 17 19 10 15 10 20 15 20 8 16 10 9 18 9 8 16 15 11 6 6 8 13 6 10 17 14 9 17 20 19 12 16 9 6 14 15 15 18 19 13 11 20 16 6 9
6 5 14 14 20 6 18 15 8 17 14 8 16 14 12 8 17 8 16 18 10 15 6 9 5 17 8 12 13 13 18 5 15 16 16 12 5 11 17 14 18 17 6 10 8 14 16 15 19 17 5 20 9 10 5 12 5 5 6 20 12 15 18 18 6 15 7 11 12 7 6 7 6 17 8 15 8 14 12 15 15 14 20 6 18 11 8 7 17 13 20 13 6 0 20 20 18 20 18 15 16 20 10 12 16 15 17 13 20 5 18 13 19 5 13 10 12 10 11 14 14 7 6 14 14 15 16 20 6 17 9 15 9 6 8 14 10 13 12 7 13 11 14 8 20 12 18 8 13 17
20 10 13 7 5 20 20 11 11 20 9 17 14 18 7 5 5 15 5 10 9 13 15 12 20 14 11 17 13 16 16 14 5 5 10 16 16 19 19 13 9 17 7 13 15 16 19 11 6 9 11 9 19 6 20 19 8 19 9 11 9 19 16 16 6 15 18 9 19 7 16 18 5 14 8 12 7 15 5 15 17 8 6 6 12 12 7 15 12 17 6 12 16 14 0 14 5 15 16 20 15 15 8 10 16 7 15 6 18 9 16 15 10 16 5 13 13 19 8 13 5 10 17 13 19 8 20 11 8 17 19 6 12 11 12 10 18 8 9 11 13 20 15 9 7 10 13 19 11 5
12 13 14 10 8 7 9 6 6 15 8 18 9 12 8 12 9 18 15 14 17 5 15 17 7 16 5 18 6 18 10 16 13 11 6 5 16 20 18 18 8 17 11 8 9 18 10 13 15 18 15 17 12 13 8 10 6 16 9 12 12 6 20 20 15 7 12 8 19 6 8 16 19 18 5 8 18 18 12 9 20 19 11 8 8 15 10 9 6 13 16 12 14 15 6 0 17 10 6 11 11 9 8 15 7 9 7 19 9 14 13 20 14 9 5 10 20 12 6 15 6 10 18 9 17 16 7 18 7 14 8 14 10 11 18 20 10 6 5 13 15 5 14 15 7 18 20 8 20 13
19 19 17 5 14 8 17 11 9 11 7 13 15 5 10 18 17 19 5 14 18 20 18 12 20 16 19 20 5 8 18 6 18 8 16 9 7 6 6 10 15 19 6 9 9 16 19 11 12 6 9 16 18 6 8 15 10 17 11 10 12 18 10 8 7 12 13 12 12 5 19 6 18 13 20 17 19 20 6 13 19 12 16 18 5 5 14 16 11 20 19 7 6 10 11 11 0 7 13 18 9 13 10 14 8 11 18 18 18 10 7 15 6 20 18 14 16 8 20 20 12 20 15 14 9 19 11 11 15 18 12 9 11 18 5 11 5 5 20 20 11 14 8 6 13 15 10 15 10 18
5 17 10 6 17 6 13 18 6 11 6 8 8 11 5 14 12 7 11 15 8 6 11 14 19 6 11 17 17 12 17 10 11 5 20 13 9 19 5 5 15 13 15 15 15 17 9 18 11 7 8 7 13 12 17 8 13 10 17 15 9 9 19 15 16 14 20 10 13 20 19 13 20 16 13 10 11 10 18 9 12 16 13 20 12 19 8 9 6 13 6 12 12 17 15 13 6 0 15 12 17 17 19 8 18 6 14 14 14 5 7 11 18 16 8 9 19 15 15 8 14 18 6 18 18 6 16 11 20 7 9 5 15 16 9 8 12 19 15 19 10 10 16 7 13 20 15 7 17 14
17 8 15 5 11 12 6 12 16 5 8 13 6 10 15 17 8 11 18 14 8 9 14 16 15 7 10 11 20 15 14 16 7 7 9 5 6 17 18 13 15 13 5 10 18 20 5 10 8 9 16 17 20 12 9 17 14 8 12 18 18 8 5 8 7 15 19 15 17 20 7 16 18 19 7 20 13 13 10 10 10 17 11 9 9 14 20 6 7 15 10 13 20 20 9 15 7 10 0 18 12 13 10 18 17 15 13 18 16 7 8 5 20 7 18 14 11 19 10 11 15 7 5 14 20 10 20 10 18 13 9 16 16 11 19 8 20 15 6 14 16 11 12 6 20 18 9 12 19 11
5 17 13 20 5 5 11 13 19 18 6 7 12 8 15 6 13 8 5 10 10 16 12 12 16 8 11 7 19 6 18 13 17 16 19 9 5 17 8 18 16 17 20 12 9 10 18 5 16 11 15 8 6 6 15 14 5 15 8 14 11 15 8 12 15 11 14 8 5 11 8 5 13 15 16 17 14 5 7 17 16 12 7 19 17 9 19 18 19 10 7 8 6 13 20 13 17 5 10 0 6 20 11 9 9 9 9 9 17 16 5 12 16 9 10 17 19 9 18 20 10 10 18 12 14 12 12 9 17 19 5 11 12 6 13 17 5 7 5 16 18 14 12 8 6 7 17 15 17 16
9 8 20 5 16 6 11 9 15 7 20 8 12 9 18 17 15 13 19 9 20 8 19 9 5 5 13 5 18 18 13 14 11 12 14 11 13 17 5 11 10 16 6 18 10 6 17 7 13 12 14 17 12 18 12 12 6 8 10 17 11 18 10 15 5 11 19 20 20 19 11 10 7 15 19 16 13 9 13 15 16 17 20 7 13 9 9 7 13 18 17 20 14 7 6 5 16 5 16 18 0 6 6 12 15 8 10 8 13 14 14 9 12 9 14 14 11 12 14 8 6 11 15 18 12 15 11 16 16 20 13 19 13 14 19 13 18 15 6 15 7 11 6 7 10 19 8 18 14 7
11 17 9 5 10 10 8 18 5 17 5 13 18 20 13 20 5 9 13 14 18 17 14 12 12 18 7 8 13 12 11 9 8 5 14 16 13 6 5 8 18 16 13 18 7 13 13 6 8 20 15 14 8 13 9 14 19 20 13 10 14 14 11 12 12 5 13 17 15 13 15 14 5 13 10 20 18 18 16 14 18 15 13 13 18 11 20 12 8 6 13 18 19 15 5 15 12 9 18 19 11 0 7 7 7 18 13 15 13 7 18 9 9 20 6 10 15 6 7 7 18 19 6 8 9 5 6 14 17 13 18 7 8 15 20 6 12 15 16 20 6 7 10 7 20 14 20 15 19 13
15 13 6 6 8 19 11 15 8 5 17 7 9 14 18 12 19 10 17 20 20 12 17 10 14 16 7 19 7 18 14 10 7 12 7 15 6 6 7 16 20 7 15 13 14 8 6 20 5 14 5 6 13 8 15 12 13 15 5 12 11 14 19 16 11 11 16 10 5 20 12 15 6 11 6 14 18 10 16 15 5 11 10 20 16 16 20 18 8 5 7 13 9 7 16 7 11 7 18 9 17 10 0 20 5 8 16 19 5 16 13 6 15 17 20 9 19 9 20 10 14 7 20 10 8 13 7 18 16 17 18 12 7 12 20 9 15 11 5 19 20 7 16 10 18 17 12 9 19 13
9 8 18 14 14 11 9 10 20 16 20 15 7 15 12 14 18 14 18 20 9 17 10 10 8 18 13 17 20 11 17 13 9 19 19 5 11 9 20 14 15 12 17 14 20 5 15 16 10 6 5 14 18 10 9 7 13 15 11 15 17 10 11 19 14 12 9 18 16 12 18 15 12 6 9 9 16 14 17 11 12 19 10 9 10 9 12 20 5 10 18 6 9 20 19 5 11 11 20 15 14 11 13 0 8 13 15 10 12 11 18 17 8 8 14 8 10 17 11 10 5 16 17 15 16 6 16 18 10 10 10 13 5 15 18 8 13 20 10 8 11 15 20 19 12 6 15 9 13 10
7 19 10 8 5 10 20 5 5 15 17 6 10 17 7 7 7 6 13 11 11 5 5 7 14 16 15 5 20 20 13 6 13 11 10 18 11 6 20 9 11 8 20 17 11 8 14 9 9 14 11 15 15 17 18 18 18 8 10 7 8 11 6 15 17 19 20 15 11 18 15 17 20 7 6 18 16 19 5 11 9 15 20 5 9 6 16 11 14 17 14 10 13 5 17 10 13 10 20 14 10 20 6 9 0 16 12 6 7 17 13 6 5 15 18 9 6 11 11 18 19 12 6 11 13 18 18 7 11 8 14 13 6 7 13 10 13 13 12 10 14 16 11 14 18 10 8 19 8 12
5 11 7 5 9 14 17 19 11 11 13 20 7 14 12 17 7 10 14 12 12 5 12 11 16 16 20 9 19 20 20 19 13 8 11 20 13 8 8 14 20 18 10 7 15 9 5 8 18 5 9 8 15 14 6 12 12 20 17 12 9 20 8 18 10 18 6 12 6 20 18 20 16 10 16 12 5 15 17 5 16 16 19 5 18 7 14 7 20 7 5 19 12 15 16 14 12 12 6 15 16 10 18 14 8 0 14 7 7 8 6 20 15 13 16 5 20 9 10 11 17 19 5 19 18 15 11 13 8 16 6 15 19 19 11 7 11 5 13 18 10 19 15 13 19 10 8 7 18 6
20 5 10 11 7 19 18 10 13 5 7 13 17 18 14 20 14 14 18 19 18 10 18 13 5 15 14 7 14 7 7 11 10 14 18 12 16 5 20 18 8 13 9 11 17 7 8 7 10 10 15 5 12 17 13 16 11 6 6 20 17 15 5 19 12 14 5 17 6 10 17 9 18 18 8 8 12 18 11 17 18 5 5 13 16 14 7 20 7 16 16 11 8 13 15 7 20 15 20 18 15 6 5 7 8 9 0 14 11 20 6 20 14 19 17 10 17 20 13 18 5 15 6 14 5 5 12 16 7 6 16 8 16 12 7 7 8 6 8 20 5 16 13 18 20 17 19 16 7 13
12 5 16 16 19 14 20 7 14 14 10 11 6 14 8 9 20 19 15 11 12 8 11 11 11 10 20 18 12 18 17 18 6 5 11 5 11 14 18 15 6 11 18 17 13 9 17 14 13 7 8 8 16 16 16 19 11 18 16 18 7 11 7 7 16 8 14 5 16 15 12 13 6 8 20 6 14 19 13 6 12 7 7 19 12 5 13 19 12 12 18 16 16 9 10 14 9 14 15 9 18 19 8 8 19 12 10 0 16 14 19 20 6 8 6 12 20 9 11 6 11 19 13 7 16 8 6 19 11 17 17 12 7 18 18 14 14 14 20 15 9 16 13 18 18 13 13 17 16 5
13 17 11 6 19 16 9 6 15 18 11 16 20 10 10 14 15 19 10 20 19 19 18 20 6 18 10 6 19 9 18 15 5 20 9 18 7 7 18 9 14 5 10 10 14 8 10 7 8 10 19 20 18 10 19 8 12 12 18 7 12 5 12 11 15 5 11 12 9 15 8 19 10 8 13 17 15 9 18 15 11 12 7 20 16 16 20 15 11 19 11 7 18 12 5 10 20 15 5 11 15 12 19 11 5 11 20 9 0 9 12 11 5 11 6 13 10 17 14 20 8 6 11 7 18 12 6 17 12 6 9 7 15 15 16 6 16 8 8 15 13 5 12 15 8 8 9 5 5 17
7 10 11 15 10 15 12 15 12 15 10 12 12 6 6 5 15 8 18 14 8 16 14 11 6 18 16 7 5 12 6 6 17 10 5 9 15 17 18 19 12 19 20 5 19 6 16 8 9 20 10 17 6 19 14 11 8 18 20 17 14 17 8 12 13 18 17 16 13 20 10 16 8 11 7 16 11 12 17 10 6 16 12 15 12 7 12 6 18 7 12 20 5 13 20 12 10 7 17 16 9 14 12 11 19 15 13 18 10 0 15 16 9 8 13 10 6 5 15 16 9 20 9 10 9 16 8 6 7 6 5 14 9 18 17 11 11 14 18 13 7 20 6 7 15 14 19 10 15 10
14 18 15 7 20 13 7 11 16 10 13 16 6 6 10 5 20 8 5 7 17 11 11 17 13 5 10 13 13 13 17 15 15 20 19 19 9 18 19 18 6 6 6 20 16 17 15 12 7 12 10 13 17 10 8 13 8 17 8 18 18 5 15 11 18 17 11 7 18 17 11 18 17 5 13 6 14 10 15 9 15 5 20 7 17 9 8 11 10 7 17 5 8 5 17 12 12 16 10 18 5 6 16 18 5 20 15 15 5 7 0 11 9 6 17 14 14 5 13 9 12 8 14 20 14 10 5 9 13 6 20 9 20 15 10 11 8 9 14 20 12 11 19 19 14 19 11 17 8 18
8 9 8 12 8 8 16 6 7 16 8 11 17 12 14 7 9 18 9 19 5 6 11 15 19 10 7 10 5 11 20 11 20 12 13 14 9 7 18 15 14 5 6 18 11 18 15 16 20 15 16 8 17 7 8 15 12 13 5 7 15 15 9 11 10 7 15 13 6 17 16 10 5 11 10 14 10 5 6 10 10 9 13 5 19 8 9 9 20 7 5 10 9 14 10 11 6 19 15 11 14 12 14 5 15 8 10 10 5 16 8 0 20 12 6 8 15 14 17 16 18 10 19 12 7 6 18 8 10 17 6 6 20 14 5 13 13 13 17 18 12 9 7 5 14 11 17 5 12 17
18 13 5 10 20 9 10 20 9 11 13 6 20 8 9 11 8 15 6 14 9 14 18 10 8 18 8 16 20 20 7 17 18 8 16 18 8 16 17 8 17 8 5 12 10 8 5 13 14 8 5 8 13 17 6 7 13 10 20 8 8 17 19 13 17 20 5 20 19 14 18 6 13 14 14 8 5 19 12 16 8 8 15 10 17 20 11 14 20 12 15 8 10 11 17 12 17 18 19 19 17 5 9 19 10 7 12 9 12 17 12 15 0 10 20 6 5 6 6 8 5 15 7 7 7 15 20 18 12 18 7 10 11 11 7 7 7 18 13 12 14 18 12 18 9 10 5 15 15 11
17 14 12 18 15 10 8 7 15 16 17 14 15 18 14 13 9 20 13 14 9 15 8 13 5 20 5 13 20 18 14 9 20 9 19 8 16 12 16 10 15 11 17 20 8 9 19 15 7 12 9 6 5 7 10 20 12 5 19 20 20 8 7 12 20 8 5 20 18 8 5 9 15 13 11 12 9 16 14 5 15 17 6 11 8 12 19 20 5 7 14 8 5 6 20 10 15 13 16 14 11 11 11 10 12 18 5 7 5 6 15 9 12 0 13 9 20 18 16 12 11 19 10 10 12 5 19 9 16 14 18 12 7 8 18 11 15 13 14 13 19 13 11 16 13 11 19 10 15 12
10 10 13 15 15 13 11 10 20 9 20 17 7 10 17 19 10 10 15 13 13 10 9 8 19 9 13 13 16 19 5 15 17 12 20 15 11 10 13 11 14 19 19 15 16 10 15 16 10 8 6 18 13 15 19 18 11 19 17 19 5 14 13 16 17 11 19 10 19 11 18 13 11 15 12 6 10 8 5 5 6 16 18 5 19 16 14 14 5 16 19 19 16 18 8 7 5 6 15 20 14 5 13 20 6 18 12 6 11 9 10 17 11 11 0 12 19 13 13 12 20 18 10 7 20 15 20 9 9 8 16 20 18 12 15 19 11 16 17 15 11 13 6 10 14 12 10 7 9 11
14 9 9 16 5 18 12 20 8 16 11 14 5 9 17 16 20 10 18 18 18 18 20 12 8 12 15 8 7 11 10 11 5 14 20 13 7 13 8 12 12 12 10 13 10 11 18 8 7 12 5 6 5 16 6 16 17 11 19 13 19 11 8 10 14 17 16 12 14 10 8 6 18 16 15 11 12 9 15 10 10 10 9 5 10 19 18 7 18 19 12 16 6 9 16 10 20 18 11 13 8 16 5 17 20 8 10 15 15 13 13 11 13 16 7 0 19 12 15 17 9 10 18 15 20 10 15 12 13 5 12 10 19 13 5 12 12 19 9 11 12 15 16 5 8 14 12 17 11 17
13 5 15 7 5 6 9 11 6 10 12 16 11 14 12 10 9 11 7 9 16 18 19 6 16 12 7 20 16 6 17 7 14 6 11 18 5 18 13 8 9 14 9 18 5 12 14 11 18 10 18 6 9 12 6 13 18 11 8 8 13 17 12 18 16 8 20 12 15 18 9 8 11 11 8 16 16 15 8 12 10 7 9 14 10 9 13 5 16 12 18 14 10 8 13 8 9 8 17 17 7 20 19 17 16 8 14 6 19 14 11 12 20 6 13 10 0 13 13 14 12 12 19 5 5 12 13 18 15 5 5 18 10 19 19 15 13 15 15 19 17 13 16 11 18 18 5 11 16 12
11 12 18 11 8 7 6 20 15 9 17 18 14 20 9 11 20 19 20 14 18 18 19 18 5 18 11 6 15 19 17 16 5 12 17 7 5 20 18 18 14 9 11 12 19 20 19 12 6 13 7 19 15 16 11 12 8 15 16 13 8 13 20 11 8 6 14 20 20 16 12 10 14 14 18 16 12 7 7 11 20 6 11 8 8 19 18 11 12 16 19 9 10 7 18 19 20 10 16 20 8 12 18 19 18 19 18 15 7 20 18 18 13 6 11 8 19 0 14 19 7 10 5 15 18 15 14 6 8 11 11 20 6 15 19 16 16 8 7 17 18 15 15 20 20 7 15 18 15 9
15 13 9 12 13 9 14 8 6 13 7 19 12 5 20 7 6 20 16 19 8 14 6 17 8 12 7 16 5 18 12 9 7 6 8 14 20 16 6 10 18 13 15 9 11 16 14 18 11 5 7 7 9 14 5 20 15 15 12 10 15 11 9 14 7 10 13 11 7 12 10 12 12 17 15 12 20 14 14 15 6 14 18 7 10 19 5 18 13 14 9 12 5 7 15 20 18 9 6 9 7 15 11 7 19 11 19 9 9 11 18 16 14 5 15 11 15 5 0 13 6 8 9 8 5 14 9 11 11 8 5 11 18 7 16 7 6 11 12 9 20 10 8 6 20 9 5 11 6 6
5 12 17 20 8 12 19 19 7 17 15 7 15 19 5 17 19 16 17 6 7 14 16 6 19 19 19 8 12 16 7 19 19 6 20 7 7 13 15 13 17 12 5 10 18 13 17 14 12 11 8 15 16 5 10 10 12 13 15 8 13 13 16 6 14 18 16 11 15 16 9 13 16 15 19 18 7 10 9 15 12 6 7 10 17 8 17 17 15 11 10 6 8 20 20 5 10 6 15 17 6 16 20 15 5 15 14 16 13 8 19 9 20 17 5 15 5 7 9 0 16 15 10 14 6 15 10 17 20 16 7 15 16 15 5 13 10 16 9 19 15 11 5 12 6 12 11 7 19 12
14 8 9 18 17 10 6 9 16 16 8 9 5 14 14 13 5 14 9 9 11 5 8 12 14 17 9 17 9 7 9 20 20 15 13 14 6 7 14 9 7 17 16 6 16 8 6 6 19 20 6 14 14 11 17 9 9 7 17 14 10 13 6 5 19 12 18 12 11 9 17 6 16 18 7 11 8 14 16 15 18 18 17 10 5 18 11 8 10 5 9 11 10 5 14 16 16 7 11 18 11 18 5 19 13 13 10 6 16 11 13 10 6 11 11 10 6 14 19 8 0 12 16 18 6 10 16 20 19 10 19 18 15 10 19 11 20 10 7 16 15 20 11 15 20 5 14 9 20 7
16 19 12 16 6 7 10 8 7 17 19 15 6 12 5 18 7 16 18 20 16 13 18 19 14 13 10 6 9 14 17 12 10 5 19 19 18 15 20 14 14 5 8 20 19 19 17 13 10 11 16 8 6 12 9 14 11 8 12 5 13 13 10 10 11 11 19 6 5 6 19 17 13 18 9 10 20 20 11 8 15 7 12 9 8 12 16 14 14 18 7 16 6 15 9 19 19 7 11 20 13 15 19 11 5 13 12 17 16 15 6 11 9 18 5 14 8 12 14 6 19 0 18 10 12 9 20 7 16 8 19 14 5 14 13 11 16 7 13 5 9 6 11 13 12 12 12 15 12 12
7 14 5 5 16 18 5 5 14 19 9 18 6 14 13 8 20 18 17 13 7 12 14 11 15 20 12 18 19 7 14 14 20 6 11 7 11 8 6 15 10 19 14 10 6 15 7 14 6 9 14 20 14 6 6 16 19 7 18 10 6 7 18 17 5 7 8 10 14 10 15 14 14 18 8 10 15 7 6 20 10 14 18 16 9 14 5 13 10 19 7 12 20 12 15 13 18 14 14 14 8 10 7 9 10 14 11 14 17 17 11 6 6 20 20 8 16 11 5 5 6 18 0 5 6 13 8 9 12 19 14 14 9 8 20 16 13 7 11 5 14 13 12 17 12 16 15 10 10 11
17 17 5 8 11 14 15 10 9 8 14 15 12 8 5 15 13 6 10 12 20 15 17 9 11 5 8 12 9 15 20 7 16 7 17 8 10 13 20 16 11 10 17 14 14 8 12 19 19 16 5 12 14 16 16 12 9 7 18 15 9 16 17 12 18 12 5 5 19 12 19 20 13 9 18 15 7 5 20 13 19 7 19 11 9 11 9 17 17 5 12 7 9 18 9 16 15 10 7 7 19 14 16 12 12 19 10 17 10 5 15 14 11 8 13 19 10 6 10 6 20 15 16 0 11 8 9 16 18 20 11 9 16 17 8 14 19 15 12 17 15 11 20 5 13 14 10 11 10 5
18 12 16 17 19 9 15 7 5 8 11 15 7 18 13 8 9 17 16 7 18 10 12 10 11 6 7 11 6 13 16 9 9 13 8 12 20 8 14 15 13 6 11 5 10 11 7 14 10 9 9 16 9 7 14 17 16 5 13 19 14 5 19 9 5 17 14 20 7 14 9 6 20 16 15 12 20 19 13 8 10 13 16 13 15 15 5 20 10 14 18 15 18 13 12 15 13 17 12 15 20 6 20 7 6 14 9 17 18 9 17 17 8 16 12 10 17 8 17 20 7 13 5 8 0 19 15 15 6 18 19 8 5 11 18 10 8 5 9 19 11 15 8 15 20 12 5 8 17 9
19 16 14 5 5 16 10 15 12 16 18 8 16 9 5 13 16 19 17 17 7 12 18 11 17 10 6 20 7 18 11 6 13 15 17 17 10 7 5 8 13 12 20 20 18 6 13 17 9 5 6 15 11 10 9 13 14 17 11 15 20 11 15 16 8 12 17 9 20 16 16 17 11 14 18 14 8 8 6 12 8 20 20 17 16 20 20 8 6 15 10 14 14 16 14 18 7 14 19 5 5 10 10 19 17 5 20 14 14 13 8 16 9 12 10 9 13 13 18 15 14 7 20 18 14 0 13 18 17 7 19 19 6 8 18 18 13 7 11 15 14 14 11 9 15 11 8 19 14 5
13 16 20 18 15 13 13 16 11 16 8 18 13 8 17 7 9 20 11 6 6 15 6 8 11 7 7 12 16 14 13 13 13 13 17 8 13 20 5 10 18 6 5 7 9 20 5 18 17 11 17 15 10 13 10 8 10 13 17 5 13 15 7 10 14 8 5 14 12 9 18 17 5 10 20 16 7 12 9 15 8 17 6 13 13 6 16 7 6 9 20 5 16 20 16 9 16 9 13 10 16 19 20 5 8 15 19 7 16 6 16 19 11 10 14 7 17 18 16 7 20 14 12 20 18 11 0 6 19 17 7 6 19 18 19 5 18 7 7 20 13 20 15 8 19 11 13 6 15 13
12 5 10 10 12 6 20 11 13 19 19 18 19 7 13 19 19 20 9 16 5 12 20 6 19 16 10 16 18 11 6 13 16 10 11 19 14 15 5 7 19 13 18 6 19 17 15 18 11 12 20 8 11 18 6 9 20 15 5 12 20 10 11 17 11 12 5 5 11 16 11 9 6 5 6 8 15 9 19 8 7 9 9 14 15 8 13 20 14 11 15 17 5 6 11 18 17 16 19 7 20 6 16 12 17 12 6 17 9 8 5 5 11 8 8 10 16 13 8 20 13 9 17 15 17 19 16 0 19 14 10 10 10 9 7 5 6 9 8 6 5 18 11 8 16 7 12 16 13 18
11 17 18 8 16 13 7 20 16 19 20 10 20 10 17 7 18 7 7 7 10 20 11 8 7 19 15 7 7 9 7 14 6 17 17 7 16 15 5 18 14 12 11 9 10 13 6 10 18 11 6 20 6 20 17 19 18 18 15 20 14 13 19 12 12 15 16 8 7 16 9 10 18 7 11 11 9 9 15 12 11 6 19 16 12 11 10 13 5 15 11 20 14 7 5 14 20 20 8 7 16 13 16 5 6 7 10 18 6 12 6 7 8 13 16 16 11 16 18 13 19 5 17 16 7 20 18 16 0 9 19 9 16 20 15 5 16 16 15 17 5 16 7 17 9 20 11 15 19 6
18 20 12 17 16 19 7 7 9 12 7 18 6 5 14 15 17 19 6 16 9 11 11 18 8 17 13 19 6 20 17 20 9 17 18 10 10 9 16 17 19 18 20 19 18 7 12 11 18 14 14 8 17 7 16 9 5 6 13 19 17 12 7 16 11 20 14 17 14 8 7 10 19 17 15 15 13 5 5 14 7 18 17 15 9 18 13 14 6 7 20 20 17 18 10 9 5 5 8 18 16 6 16 9 17 12 17 19 14 7 16 11 12 16 12 13 10 15 14 16 11 11 5 10 12 17 16 17 10 0 11 11 7 6 10 15 18 19 10 15 11 17 18 14 12 6 13 17 15 12
12 9 16 14 18 13 15 9 17 5 9 6 16 7 10 5 10 15 12 18 6 6 8 7 19 16 18 5 17 10 7 6 15 20 14 8 6 8 15 20 6 17 6 9 5 20 13 17 5 7 19 5 7 6 17 14 20 20 10 9 10 18 18 20 6 16 11 13 6 12 17 11 18 20 11 9 19 19 18 15 20 7 6 13 18 15 6 11 15 11 16 11 7 10 19 14 10 6 17 12 15 5 17 17 14 15 19 20 12 15 5 18 10 16 8 19 12 8 20 20 6 14 6 10 12 11 19 17 7 19 0 9 20 13 6 9 13 9 9 16 18 9 16 8 8 19 13 13 7 16
18 5 16 7 16 8 5 20 12 9 15 11 19 19 15 12 8 12 10 13 17 14 7 5 15 17 19 9 9 17 5 17 20 19 6 20 17 10 10 7 8 7 8 10 14 7 10 20 15 17 18 18 8 10 9 14 7 5 10 5 18 17 13 12 10 6 18 17 10 6 20 6 20 20 20 13 7 7 8 6 15 10 16 20 10 17 18 6 20 18 18 12 10 16 20 5 12 12 12 18 12 15 12 5 10 14 12 18 20 20 12 7 11 10 15 19 18 14 8 16 14 18 7 20 15 12 9 10 12 16 6 0 17 5 5 5 19 7 15 6 11 12 14 5 9 18 16 12 6 17
10 11 15 14 12 6 17 11 9 10 12 17 10 5 5 15 18 8 20 9 8 18 19 7 10 16 6 6 6 10 19 17 17 14 6 10 11 11 20 20 12 10 17 16 12 6 7 14 19 10 13 10 12 13 19 16 8 9 7 16 10 13 12 11 15 19 12 18 10 6 11 12 7 20 13 12 19 5 11 8 17 6 17 15 5 6 17 10 13 10 14 7 20 9 16 5 6 16 5 10 9 15 14 19 14 10 20 13 14 13 15 20 11 5 9 17 5 9 7 13 15 18 12 8 13 10 14 5 8 13 11 18 0 12 5 10 19 13 15 5 17 16 18 8 8 9 18 14 12 16
19 9 8 17 12 7 6 15 9 16 7 7 6 12 12 15 19 10 6 8 16 14 11 9 7 13 18 17 16 7 16 13 14 7 15 15 14 8 11 15 10 18 16 15 7 6 5 12 7 18 11 11 7 15 16 7 19 19 17 18 17 20 16 20 14 12 7 10 10 6 13 6 9 8 11 10 17 10 18 10 6 16 15 7 19 6 12 13 17 14 8 19 10 13 18 8 18 13 20 14 5 14 10 10 6 9 6 11 15 6 7 18 6 9 19 17 16 20 8 11 5 7 10 5 7 18 14 17 15 10 15 14 13 0 17 17 18 15 10 14 15 14 13 9 18 9 5 20 12 19
16 8 11 14 19 7 6 13 10 5 16 17 13 11 13 8 18 16 16 14 8 14 12 15 19 18 17 19 6 11 16 13 15 13 13 13 15 6 8 19 20 7 17 12 12 15 12 19 9 5 14 17 5 8 18 5 8 11 19 15 14 7 17 5 10 14 9 12 12 19 13 12 10 18 10 8 6 14 9 17 19 17 6 10 13 17 17 18 16 19 12 17 7 20 20 17 12 18 14 14 8 17 8 16 17 8 6 8 19 12 19 14 19 5 11 13 20 14 20 14 19 5 20 8 14 19 19 20 19 8 20 19 16 8 0 7 11 13 16 17 12 11 10 9 17 14 14 5 5 19
16 14 14 18 13 19 13 19 15 5 13 6 16 6 9 7 16 17 14 11 7 7 11 7 19 14 7 16 19 16 6 18 13 10 17 6 19 5 15 9 6 19 17 8 6 13 7 12 8 19 10 16 6 7 20 20 5 14 12 17 18 8 17 7 6 19 20 11 9 19 11 11 11 15 8 12 6 12 6 17 8 19 20 20 7 12 11 8 13 15 7 8 6 14 13 19 20 16 10 13 5 7 7 12 9 10 19 19 20 19 13 16 13 7 15 20 11 9 5 19 19 19 12 9 20 9 15 5 6 11 17 18 6 16 5 0 8 8 16 16 16 13 15 19 14 11 18 18 6 17
7 7 18 11 7 18 20 6 18 20 9 12 13 6 14 17 12 11 17 6 12 8 7 19 17 18 13 16 14 5 17 6 7 7 19 12 19 11 7 7 11 5 20 18 16 9 16 12 15 8 11 12 6 16 11 14 7 18 15 11 13 9 5 20 19 10 7 14 6 18 8 13 16 5 12 12 14 9 12 16 15 5 18 17 10 10 14 9 19 6 6 13 18 16 5 11 19 6 9 11 20 14 11 7 19 12 15 16 15 7 20 16 17 8 15 6 13 5 14 13 6 9 15 11 8 9 6 17 17 16 11 13 9 16 12 19 0 14 9 14 12 16 19 16 14 8 16 14 14 9
17 10 10 17 19 9 10 20 16 12 13 19 14 20 20 10 18 8 11 7 11 15 10 13 9 6 8 8 12 9 19 17 9 10 5 5 10 19 15 11 18 5 17 16 17 9 5 19 14 15 18 9 8 17 13 10 8 19 10 17 10 11 7 17 20 19 9 13 10 11 5 12 19 7 6 6 11 17 18 20 8 15 19 9 17 5 20 5 15 19 20 17 14 16 15 12 7 17 17 17 7 13 14 18 16 9 6 17 20 16 14 15 13 9 6 19 15 15 8 15 7 8 8 8 15 17 20 18 19 5 17 15 10 13 13 17 16 0 14 11 8 15 11 10 9 19 14 18 5 6
5 17 6 5 6 8 6 19 7 18 12 16 14 12 9 10 5 14 8 14 9 20 20 6 17 7 19 17 16 15 8 13 14 13 10 18 10 8 14 17 20 15 8 11 12 7 6 8 14 18 14 5 16 19 20 16 10 18 12 17 13 10 9 19 7 16 12 16 15 17 12 18 13 12 7 18 15 14 15 9 18 16 17 19 13 11 17 15 17 9 7 19 11 7 19 5 14 13 5 13 12 20 11 8 13 7 6 10 5 20 12 11 19 8 20 15 5 19 15 6 6 16 18 8 13 15 19 14 6 6 5 15 16 14 18 8 14 15 0 15 9 10 18 15 14 15 19 12 10 15
11 7 11 5 7 15 14 15 12 6 15 9 11 20 7 11 12 5 13 9 15 19 12 16 17 18 14 7 11 9 9 13 13 10 13 15 16 12 18 5 19 17 9 15 14 16 19 19 19 8 15 8 20 6 8 5 14 19 10 14 13 5 6 11 7 17 14 18 20 6 13 12 8 18 13 15 7 11 7 10 7 12 9 6 16 17 13 20 18 14 15 18 12 7 19 5 6 12 8 18 15 13 16 11 16 8 11 13 7 16 10 9 16 12 16 20 17 16 18 6 7 20 9 10 20 5 10 10 19 15 7 20 7 11 14 18 11 8 20 0 20 5 8 12 18 8 19 5 5 5
9 7 7 19 17 8 14 9 12 19 5 11 16 12 6 9 12 9 19 6 20 6 18 20 16 5 5 20 5 14 9 7 10 15 17 16 14 19 17 11 20 7 8 13 14 6 12 18 12 10 10 11 8 17 10 18 13 20 6 13 16 16 10 14 14 11 13 13 20 7 8 10 14 13 15 8 13 5 5 9 5 7 8 11 16 10 14 18 20 9 5 15 16 5 6 12 6 13 18 9 8 19 9 5 14 17 17 13 10 17 18 5 16 13 20 6 20 19 19 10 19 6 8 19 14 10 14 12 16 9 11 6 20 5 16 5 12 10 19 6 0 13 13 5 18 11 9 6 12 10
16 9 5 13 16 10 5 13 10 11 13 11 5 19 7 13 19 14 13 8 16 8 11 16 8 20 6 16 13 20 14 19 18 20 10 12 9 7 10 14 5 7 14 19 9 14 10 17 8 16 6 15 18 6 16 5 20 9 8 20 7 7 17 15 10 12 20 5 7 18 15 10 14 12 11 20 10 17 7 20 19 18 12 5 8 20 6 20 13 11 18 13 12 10 18 10 17 20 5 5 16 8 19 9 11 6 8 20 10 9 5 5 6 10 11 5 20 17 10 17 11 5 10 12 9 5 6 13 8 16 12 13 7 7 6 12 11 11 8 8 16 0 13 13 14 8 5 7 6 7
6 13 8 9 8 12 18 5 18 7 7 17 15 15 7 15 12 18 13 13 13 19 15 8 7 14 19 16 12 17 8 17 6 9 11 14 5 16 10 14 11 14 9 19 17 9 19 16 20 7 15 19 7 19 5 18 20 16 15 18 9 17 16 16 5 11 17 15 13 12 6 14 18 6 8 20 7 12 20 9 15 19 8 14 8 18 9 10 5 8 13 13 11 16 18 11 12 7 13 5 9 17 15 8 13 13 17 11 13 7 12 9 6 11 19 17 9 8 18 14 19 5 6 9 18 9 15 13 17 20 5 7 7 7 12 11 16 15 12 9 15 5 0 7 9 5 20 12 18 16
14 17 5 8 12 15 6 17 9 9 7 12 16 15 16 17 9 12 12 8 14 10 11 8 20 10 17 7 6 20 7 18 12 19 15 5 18 12 11 19 11 14 7 7 8 6 15 13 16 5 20 7 18 5 6 6 16 5 13 18 10 7 20 14 18 8 20 7 12 10 9 8 5 5 10 13 11 16 14 7 9 15 20 10 20 6 17 20 12 6 13 10 10 12 8 19 14 7 17 5 20 13 7 15 20 7 14 7 9 9 10 6 20 16 15 20 13 11 16 6 8 13 9 7 15 5 10 10 5 9 16 8 7 8 17 11 17 17 7 13 8 19 9 0 7 5 19 11 5 6
18 6 19 12 13 17 12 11 17 14 13 11 6 13 17 13 10 20 14 6 5 7 19 15 5 9 9 17 5 11 9 12 17 9 9 11 15 14 11 18 12 20 6 20 10 14 10 15 7 12 10 16 18 16 9 17 16 7 14 5 11 14 20 7 16 20 12 10 5 14 15 5 11 16 19 7 13 12 8 7 12 18 16 16 10 20 16 16 8 7 5 20 9 14 16 18 15 10 9 9 14 6 9 15 12 17 20 12 11 15 6 5 13 11 8 14 7 8 18 11 15 5 12 5 18 5 13 17 10 5 5 8 15 12 17 20 8 6 10 6 9 20 5 8 0 9 19 19 19 17
7 10 16 14 5 9 19 20 19 12 20 10 20 12 10 12 10 14 8 8 16 20 20 12 6 11 10 10 13 11 14 13 11 9 7 7 12 12 9 8 17 19 9 16 14 6 13 12 18 5 14 17 20 18 10 12 5 14 8 9 17 16 7 8 18 20 20 15 6 12 15 12 17 16 18 14 10 6 7 16 13 15 14 7 6 10 13 20 10 5 7 18 5 17 8 11 12 20 18 10 7 10 15 15 17 17 16 8 18 15 10 12 15 16 7 9 15 14 20 5 5 11 13 10 10 20 16 8 12 17 9 14 12 20 11 6 18 6 8 10 9 18 16 19 17 0 9 15 14 9
16 19 13 19 17 18 5 15 6 10 19 7 8 7 17 8 20 12 19 17 9 19 13 18 10 18 13 11 16 18 11 9 10 19 8 15 20 9 18 18 15 6 13 11 13 11 14 5 8 15 16 6 20 16 12 8 14 5 10 13 8 13 6 11 18 14 16 19 15 9 15 16 6 5 10 13 8 9 13 11 18 20 5 5 7 12 11 20 15 11 16 10 15 11 10 10 20 17 6 18 9 19 13 10 13 5 14 15 5 17 17 10 5 10 20 13 5 14 20 13 20 20 12 19 6 17 5 8 8 19 19 10 20 13 6 17 6 14 16 10 12 11 8 8 18 16 0 10 13 15
19 8 8 16 17 13 11 6 11 15 7 14 18 6 11 11 11 19 13 15 8 17 7 19 9 10 19 16 18 12 6 14 14 11 14 6 11 13 9 9 9 10 16 20 12 17 6 15 12 6 20 12 16 10 20 6 15 17 5 14 8 17 5 8 19 6 16 11 18 16 10 13 16 5 9 17 18 20 20 11 17 19 14 14 18 6 11 18 11 19 11 16 8 6 17 14 19 9 15 8 17 16 6 5 14 13 10 14 8 19 5 9 11 19 19 7 10 5 8 18 20 19 16 6 7 15 8 14 20 10 13 13 12 5 12 7 13 10 6 8 9 17 19 10 10 17 17 0 18 18
5 13 16 5 15 18 15 9 13 6 15 12 19 14 18 11 6 20 11 6 13 13 5 17 15 19 15 5 12 6 16 8 18 5 7 7 6 12 15 18 11 18 18 16 5 20 19 19 13 13 20 11 9 8 13 7 19 8 12 7 14 6 10 17 13 20 14 13 12 14 14 7 5 18 9 6 6 7 9 12 17 20 7 14 17 15 11 9 10 10 5 6 13 20 12 12 7 8 20 10 20 8 15 12 10 17 9 5 12 5 18 17 6 5 6 8 12 15 18 15 11 9 6 9 11 13 10 13 15 12 14 19 18 17 16 11 16 13 14 5 9 13 14 20 8 11 5 19 0 5
5 9 11 7 5 18 13 11 5 14 8 12 11 10 5 16 6 7 14 13 5 15 15 15 7 8 10 14 5 12 5 10 18 10 9 5 14 9 10 15 7 15 17 5 8 20 14 6 9 16 18 18 9 13 10 15 12 16 12 15 5 17 13 10 12 14 6 19 5 9 5 11 8 8 6 11 15 8 8 5 7 8 18 10 7 11 14 17 19 19 6 5 8 20 5 19 16 20 20 12 6 10 14 9 17 10 11 20 11 16 10 6 19 14 15 19 13 20 14 7 20 12 20 10 20 11 13 17 11 12 11 5 12 7 16 17 18 14 14 15 18 20 6 16 15 14 15 14 5 0
