100
11 41 17 16 3422
15 69 23 11 2485
11 50 28 17 3291
26 77 32 19 2056
18 34 15 16 1904
20 78 28 10 2295
15 60 22 5 723
20 52 19 16 2104
27 53 29 18 3008
26 76 40 16 1482
24 50 39 17 2929
24 97 22 20 1143
25 94 31 16 2710
24 89 26 19 1993
17 71 37 10 3590
29 64 39 20 1267
19 94 32 18 1277
16 92 31 16 2802
29 39 40 15 2973
10 54 38 8 240
28 36 23 12 2795
13 96 19 13 1002
16 37 28 6 232
21 76 20 12 2755
10 40 18 7 103
11 32 26 13 523
15 53 31 5 1579
28 35 40 12 620
11 30 26 8 1171
20 92 15 14 1837
27 35 23 17 3532
29 49 30 12 382
20 43 15 19 3229
14 96 33 17 1994
26 71 19 15 1061
18 83 35 5 2865
27 47 36 6 1036
11 46 20 10 392
24 59 31 6 1010
17 86 17 13 329
28 59 34 16 1051
23 65 31 5 618
11 79 28 10 455
26 41 22 8 408
10 53 39 12 430
16 33 31 19 1859
19 98 35 17 870
16 85 28 5 2380
28 36 28 10 384
25 76 15 8 2500
21 67 37 16 1262
10 82 18 8 1253
16 32 40 19 245
23 92 29 11 3643
28 39 15 14 98
21 69 38 7 897
25 54 18 16 1604
24 47 39 16 1618
13 62 18 8 329
29 72 35 17 868
13 33 34 20 3183
11 93 24 16 1872
14 77 23 20 2155
25 83 30 14 1616
17 50 30 13 2246
23 40 33 8 291
21 52 32 9 3302
23 38 40 7 3732
30 34 19 14 1599
17 72 29 10 2146
19 44 19 18 393
20 96 22 13 694
15 89 37 12 1655
21 48 29 19 2944
10 79 38 10 1609
26 36 30 13 1658
18 82 37 20 1474
27 72 37 7 3119
17 98 34 11 1649
22 31 25 19 2144
24 52 18 5 1650
16 79 21 8 1597
27 55 23 11 2006
29 47 15 18 1974
18 95 33 10 1913
16 39 26 5 3709
25 98 36 7 3091
28 92 36 15 1881
18 94 29 5 326
29 74 20 17 1045
30 47 16 10 2045
22 89 36 14 638
10 66 32 19 7
21 34 32 17 2311
24 56 36 14 2040
30 47 30 14 314
18 70 24 15 2647
19 80 31 7 2082
30 56 27 9 3268
26 41 24 6 954
0 19 12 13 6 8 8 17 16 11 15 16 7 15 19 16 10 20 19 14 19 9 19 11 13 15 10 8 12 20 11 16 10 16 9 9 12 13 17 17 15 13 15 17 14 7 16 14 17 20 10 13 16 19 20 7 10 15 17 9 5 8 16 10 16 7 18 5 15 12 17 14 20 9 16 15 11 20 8 9 11 15 13 9 18 16 13 7 15 11 12 12 6 15 16 6 9 10 7 18
19 0 13 9 15 8 15 17 12 6 17 20 20 15 7 20 17 19 10 18 17 19 6 8 19 9 8 10 7 17 14 19 5 13 8 16 12 10 5 9 18 7 15 19 6 20 12 7 20 9 5 9 6 6 11 5 15 12 9 16 20 5 9 8 12 8 19 11 6 11 17 15 17 10 8 9 11 10 17 11 14 15 18 9 18 9 17 15 14 8 8 20 13 14 20 13 12 18 9 8
5 11 0 11 11 17 6 9 5 13 20 6 12 9 15 6 11 8 9 10 7 19 14 11 10 15 13 7 18 18 6 19 14 8 13 5 11 18 15 13 17 11 18 9 10 19 19 16 17 20 13 11 20 19 11 20 15 14 7 10 16 20 12 9 14 11 14 8 5 5 11 15 6 15 13 15 19 7 18 20 5 14 9 11 9 10 17 7 19 13 7 20 20 12 9 14 12 11 15 17
18 12 11 0 6 13 12 9 17 18 8 19 17 17 20 17 14 11 12 12 6 7 5 6 17 18 17 12 13 8 16 16 20 7 19 12 13 5 5 20 6 9 9 11 15 12 6 9 14 8 7 9 18 9 6 14 13 20 6 16 15 8 16 8 16 16 13 20 14 9 5 6 15 18 5 16 6 7 18 18 18 12 10 10 6 5 16 10 14 5 6 12 12 17 7 16 8 7 12 12
11 8 5 17 0 7 13 12 6 17 18 9 9 18 9 19 16 6 10 19 18 19 10 20 9 16 9 5 13 10 9 18 13 19 20 19 11 18 18 13 12 16 6 17 5 18 14 5 20 13 13 12 19 19 16 19 12 10 19 14 16 18 8 12 17 8 18 19 19 7 17 19 16 16 10 9 12 10 18 19 20 10 18 13 15 17 14 13 15 5 17 6 11 19 8 8 5 16 15 15
17 10 15 7 20 0 17 12 19 8 5 16 5 14 20 9 6 5 15 17 20 5 20 11 12 15 10 15 14 17 20 19 13 7 11 16 12 16 16 10 12 12 11 19 12 17 13 11 10 5 17 20 16 10 11 10 20 5 9 11 11 5 7 19 11 10 13 17 5 5 16 8 14 6 16 20 17 8 7 19 10 9 19 7 13 9 20 7 14 14 5 11 7 18 9 10 14 19 11 6
15 19 6 9 12 16 0 14 8 11 9 12 5 15 8 13 8 16 7 9 16 9 18 11 14 5 5 15 9 7 6 9 20 18 16 20 14 14 7 9 8 5 7 9 16 9 14 9 7 12 12 15 7 10 18 11 18 6 15 18 20 16 10 8 6 9 17 9 18 12 13 8 7 10 11 7 15 9 12 12 19 17 19 8 15 12 6 16 8 17 5 8 13 16 12 15 18 12 6 9
10 9 10 17 9 8 14 0 18 19 5 8 18 5 8 6 11 18 5 11 17 15 9 10 13 13 13 12 14 14 18 20 20 17 14 17 10 18 14 19 18 15 7 5 13 18 19 7 20 13 10 11 16 8 12 11 18 9 11 17 10 7 14 19 9 7 16 10 12 6 18 6 17 14 12 10 17 12 11 12 13 13 13 10 5 17 6 6 20 11 15 14 6 19 15 10 19 6 11 16
13 19 13 13 6 15 5 18 0 12 10 17 20 9 18 14 7 10 6 18 7 9 5 5 16 11 20 18 15 8 5 7 11 5 5 9 5 14 13 8 5 5 16 13 8 17 10 18 5 12 11 10 18 6 13 8 12 12 6 11 12 10 5 10 8 11 12 14 15 7 11 9 12 8 16 20 10 11 11 17 14 5 7 12 14 16 14 14 6 14 7 20 9 16 14 18 18 8 10 12
9 7 19 7 9 20 5 9 17 0 11 20 16 9 18 11 8 15 15 14 18 9 12 13 20 15 5 6 5 8 11 14 6 19 12 11 12 7 6 5 8 17 8 18 18 5 5 10 8 11 12 7 13 13 8 10 14 11 7 10 5 5 8 19 19 5 5 12 15 7 12 13 8 10 11 7 18 13 20 8 13 9 15 17 12 12 11 20 19 8 20 17 15 6 19 6 18 19 12 18
6 17 13 8 19 14 14 18 12 10 0 12 8 5 13 9 17 18 6 9 6 6 11 6 13 10 10 20 16 7 18 10 8 18 14 12 5 11 13 6 12 11 20 20 19 5 6 14 18 11 18 8 19 19 10 10 14 9 8 10 5 15 6 13 17 15 9 7 12 9 15 15 6 11 6 11 16 6 5 20 17 9 6 18 7 15 10 12 8 13 13 15 20 13 19 11 15 5 5 8
18 18 18 19 13 18 5 13 5 5 10 0 16 11 11 7 16 14 15 6 8 15 14 10 9 13 13 20 13 14 15 19 18 17 7 17 7 9 8 15 17 20 7 18 17 19 13 20 5 20 16 18 11 7 5 10 13 5 14 6 18 14 17 12 18 13 17 17 13 5 13 10 14 5 11 5 11 10 15 13 11 15 17 9 5 6 8 12 18 8 17 14 9 13 11 17 6 18 18 15
7 11 19 9 19 17 20 13 12 18 19 12 0 20 13 11 20 17 5 13 13 14 15 11 18 6 7 8 10 10 15 14 12 11 7 8 13 19 15 9 11 12 8 14 20 20 19 15 14 9 19 19 5 18 17 10 12 15 18 14 19 9 13 16 18 6 10 16 11 18 15 11 13 9 14 12 7 5 20 5 11 5 7 15 10 17 10 14 18 15 9 5 19 5 17 10 10 12 8 19
11 15 12 7 14 6 8 13 18 8 8 11 17 0 11 18 12 20 11 7 9 7 16 11 11 16 20 16 13 10 19 13 7 5 9 15 12 12 12 12 18 18 14 9 14 5 18 19 9 14 15 8 9 17 16 6 18 20 17 7 7 20 19 20 6 10 12 16 17 15 15 13 19 18 18 9 9 11 11 11 8 6 6 18 7 17 19 10 15 17 9 5 5 17 18 9 10 14 9 8
8 10 11 11 11 8 15 6 12 15 6 9 15 6 0 14 12 9 12 12 19 6 17 14 20 6 10 12 7 16 5 20 5 18 8 12 17 15 20 8 12 19 7 12 9 5 20 19 15 19 20 19 14 9 14 20 14 7 8 5 18 8 15 6 14 5 11 9 16 16 9 7 13 8 7 9 12 5 14 10 6 17 16 7 14 20 19 10 6 12 17 13 15 10 19 15 7 14 14 11
7 7 15 20 5 9 16 16 14 20 5 9 16 10 13 0 13 13 9 5 18 9 17 17 8 16 18 15 13 15 20 6 14 17 14 7 7 20 9 10 8 18 13 17 5 19 6 9 11 5 9 19 20 5 12 12 7 14 9 11 19 11 14 20 7 9 20 6 12 13 13 5 6 15 13 17 19 5 16 16 12 13 5 6 16 17 5 12 19 8 19 5 19 15 10 19 15 14 15 13
9 17 14 6 13 15 18 14 10 7 9 14 17 16 20 7 0 13 19 14 8 13 14 8 8 18 6 5 18 11 15 11 19 14 19 15 16 17 15 5 20 12 20 11 19 11 8 17 9 17 17 10 17 15 5 17 18 14 6 14 8 12 13 14 5 6 15 5 16 14 17 18 12 9 6 20 19 10 11 18 20 6 8 7 18 14 18 15 13 11 18 7 8 11 5 19 7 18 10 7
16 18 20 17 13 5 11 5 20 6 9 17 20 18 16 10 11 0 14 17 18 6 18 18 11 17 16 9 20 11 15 7 16 6 8 9 10 19 13 19 8 8 15 5 20 14 13 11 11 14 19 10 11 17 13 6 15 5 16 14 18 14 19 16 13 11 17 10 14 19 16 8 19 17 9 16 20 5 11 14 6 5 7 9 7 5 5 11 10 5 16 16 7 7 20 12 18 13 12 18
6 10 16 12 14 18 17 18 11 10 17 20 13 10 17 17 12 11 0 8 18 20 8 6 8 12 20 10 12 9 16 6 16 5 14 12 11 14 10 5 13 20 20 10 18 10 7 6 11 17 19 7 15 9 7 14 17 13 9 8 17 10 16 9 15 17 7 10 8 13 19 12 12 17 13 10 11 17 15 7 14 20 13 5 18 14 14 13 5 13 13 20 6 17 11 7 18 15 8 13
16 8 15 14 12 9 7 7 18 9 10 9 18 20 16 7 18 15 7 0 7 19 10 18 12 15 18 20 12 16 20 5 13 11 6 15 14 12 16 6 19 14 7 16 18 10 9 8 11 12 12 19 14 16 11 6 10 15 16 15 18 16 20 10 11 14 18 16 11 13 11 19 19 12 20 15 14 15 16 5 19 18 15 5 13 11 17 5 11 6 20 10 16 19 17 20 5 11 12 15
8 11 10 12 12 14 8 9 6 9 5 19 6 12 16 16 6 13 11 20 0 12 10 15 17 12 9 10 14 12 19 13 13 12 18 16 11 18 7 7 8 10 16 17 18 19 10 5 19 9 20 18 7 18 10 14 12 8 7 12 20 13 12 19 16 15 18 18 11 10 8 19 5 15 14 17 7 20 19 9 9 14 11 19 11 18 15 11 12 11 13 18 20 20 12 9 6 12 13 6
17 20 16 15 12 15 19 15 15 10 19 17 11 7 19 14 15 10 20 8 5 0 8 16 15 18 15 13 10 8 10 15 12 14 14 17 15 19 12 8 16 15 8 7 11 15 13 7 19 13 14 7 8 10 5 8 19 12 19 8 16 20 13 7 13 9 15 18 17 11 20 14 18 8 18 17 7 5 20 14 11 6 5 14 10 15 9 20 16 11 13 5 16 15 18 17 18 14 18 5
12 7 14 5 14 20 17 20 20 8 16 16 12 16 8 9 17 16 20 6 14 7 0 10 14 10 9 6 10 7 11 5 13 16 6 14 7 8 13 18 15 11 18 8 10 8 6 20 9 20 14 17 20 8 12 17 16 6 16 14 19 5 5 20 8 10 20 19 18 5 12 6 7 20 5 13 20 13 12 18 8 12 12 8 11 7 6 14 8 13 5 5 13 7 12 17 13 11 9 20
18 6 18 7 12 13 8 14 14 9 10 10 6 8 9 19 20 9 5 11 11 18 11 0 9 12 15 15 16 14 7 17 8 9 13 8 15 17 20 19 14 7 16 16 7 20 8 16 20 17 17 7 17 11 7 13 5 11 20 12 9 15 16 16 5 15 10 9 7 15 11 5 18 7 13 18 18 14 16 15 14 20 18 18 19 7 8 15 7 6 6 19 10 9 16 11 7 7 5 8
11 9 20 6 9 18 19 8 17 11 19 20 7 16 6 12 19 18 7 5 12 19 7 16 0 19 13 14 14 7 9 6 10 7 18 11 5 13 19 13 5 10 10 8 18 8 5 5 19 14 8 15 8 13 19 16 10 13 9 14 5 12 14 18 5 20 8 7 12 6 18 18 19 13 12 7 8 14 20 14 17 19 20 11 7 7 10 17 16 5 11 18 19 20 5 11 7 9 15 16
19 10 17 20 20 16 16 15 10 20 5 14 5 13 11 6 5 14 17 8 12 12 14 6 7 0 17 9 9 8 14 13 6 12 19 5 20 19 10 9 5 17 10 14 15 9 20 16 13 13 8 10 15 16 17 7 16 13 5 12 7 12 5 11 8 13 17 13 7 11 8 9 9 12 12 14 5 18 15 9 14 13 20 17 18 19 17 8 19 16 18 7 20 6 10 12 13 6 9 13
6 7 19 14 18 19 13 7 14 9 18 17 20 12 10 5 12 18 18 13 14 5 14 20 12 9 0 9 11 14 13 15 16 15 7 19 15 17 13 19 7 7 9 12 7 20 9 10 16 11 15 6 15 8 11 9 20 17 6 17 19 14 16 12 14 18 5 6 17 8 6 8 5 10 16 18 9 10 11 10 5 9 16 19 16 9 16 14 9 16 5 8 9 7 12 13 15 17 19 6
7 19 16 20 7 20 20 13 18 10 10 9 10 13 7 13 15 15 11 19 13 13 19 11 17 13 6 0 10 8 20 7 17 15 20 7 11 14 20 7 6 13 11 8 6 5 6 20 17 19 7 14 18 15 6 17 13 19 12 8 8 6 20 12 13 17 16 19 14 13 17 7 19 17 11 19 16 5 18 12 7 7 19 16 6 8 11 8 5 20 5 20 10 18 8 13 13 11 19 13
16 12 18 15 16 8 11 5 20 12 12 13 17 5 18 19 6 18 12 20 15 6 11 8 6 6 20 11 0 8 15 16 10 18 14 12 6 11 19 5 19 6 19 18 16 19 13 7 14 7 11 16 12 15 8 5 11 18 12 8 20 14 5 16 15 10 6 10 16 10 7 5 10 20 15 14 7 14 8 14 7 5 17 11 19 10 9 12 19 8 16 7 8 11 14 19 14 7 20 20
18 9 14 6 5 10 5 11 17 19 16 9 17 14 8 9 15 15 6 6 10 14 14 12 11 18 6 14 17 0 7 9 12 13 13 18 9 5 16 8 5 13 11 17 20 11 13 12 17 15 6 19 20 19 15 20 17 14 8 17 5 7 6 6 7 16 16 5 20 5 7 14 20 8 17 20 5 6 7 16 5 12 10 16 7 10 8 15 15 7 17 9 14 9 16 6 16 19 6 6
9 15 9 9 6 15 18 13 11 20 12 14 7 20 19 13 17 9 19 10 20 13 16 11 15 16 20 18 10 12 0 6 14 11 8 18 19 19 5 10 7 7 5 20 14 10 16 11 14 14 13 14 15 8 5 19 15 20 17 8 14 20 11 8 5 18 12 14 20 7 18 6 8 7 15 16 10 16 13 16 14 11 9 5 12 6 8 18 20 16 13 12 19 8 7 6 14 10 19 6
17 20 8 16 15 5 18 19 18 11 17 7 17 9 15 12 18 10 20 9 20 18 20 17 19 19 14 20 5 14 9 0 9 10 9 15 14 20 12 5 8 14 13 20 5 17 6 14 17 12 13 9 17 14 18 8 17 8 16 8 8 18 13 7 7 18 8 15 17 15 20 20 5 5 7 20 12 20 18 11 18 8 17 15 16 15 20 12 13 6 9 20 20 16 12 7 13 5 8 19
11 19 10 12 18 5 6 13 15 14 5 16 18 8 17 11 13 5 16 11 8 9 7 9 12 15 17 11 9 5 13 13 0 16 17 17 20 10 9 8 14 16 11 12 13 12 20 16 8 8 16 11 14 13 8 11 9 13 8 11 19 5 9 7 15 7 20 16 7 9 16 9 11 20 11 19 18 14 15 9 18 6 12 7 6 13 14 6 14 6 20 20 20 13 14 13 13 18 17 19
11 16 6 9 6 20 18 9 13 10 12 17 15 9 7 8 12 20 10 15 12 8 13 12 11 6 20 18 18 17 20 9 7 0 8 13 8 8 18 17 9 17 6 16 19 13 15 7 11 12 7 6 12 9 17 16 10 7 12 18 9 12 5 6 10 14 17 20 5 10 14 17 14 14 13 9 18 14 9 10 16 11 16 17 18 5 20 12 6 12 15 6 12 17 18 20 11 14 5 19
18 7 13 8 18 12 15 6 10 14 17 9 17 17 6 17 7 8 10 15 18 17 5 13 14 16 10 13 16 14 9 13 5 15 0 16 17 10 13 17 16 8 14 14 18 13 11 8 13 15 11 5 13 6 6 5 10 20 16 10 9 9 11 7 17 17 5 20 6 10 19 11 17 5 12 6 17 5 13 15 16 17 18 9 19 9 6 11 17 9 11 5 8 13 18 5 19 9 10 7
15 13 6 16 12 8 14 6 11 8 6 14 15 18 7 9 11 19 5 18 13 13 15 12 18 10 19 12 12 7 12 20 16 14 19 0 18 12 6 5 11 9 12 14 8 20 18 14 15 15 9 10 20 15 16 10 7 18 14 13 18 20 12 14 17 5 8 20 7 13 6 10 14 8 11 11 11 20 20 14 16 12 11 7 12 14 7 12 7 13 13 9 18 20 7 8 20 16 20 11
10 19 16 19 17 14 19 19 10 19 19 13 20 19 18 20 5 19 6 5 14 6 15 20 9 11 12 15 9 13 9 19 6 16 7 12 0 8 20 18 19 16 16 7 11 14 9 8 16 19 14 18 11 16 19 12 20 8 20 7 16 16 11 13 16 6 7 13 9 14 13 12 12 17 8 19 10 20 20 6 6 5 13 11 11 5 14 12 16 5 12 20 11 6 14 6 6 15 18 16
9 15 17 16 7 8 15 13 14 10 10 18 17 15 7 14 9 17 8 17 5 20 10 18 20 6 20 14 13 20 20 5 5 5 18 9 17 0 8 11 5 8 6 18 5 14 13 15 9 18 7 9 16 6 15 11 8 11 8 8 19 14 14 13 12 7 15 10 12 20 17 13 19 9 10 13 14 15 16 13 14 18 16 16 15 14 10 7 11 16 7 8 19 7 6 17 16 19 20 12
19 6 15 8 10 14 14 13 5 13 11 9 7 19 14 13 17 16 13 7 15 8 18 9 13 15 13 7 9 20 16 5 17 6 20 20 18 18 0 7 18 14 17 10 16 14 12 9 18 20 13 13 8 12 13 5 13 18 20 12 20 9 15 19 8 17 5 13 6 8 13 6 20 8 17 18 6 7 19 20 19 6 17 14 20 11 16 20 19 12 14 7 16 6 7 9 14 11 6 18
7 7 14 10 15 7 20 20 5 8 8 11 12 15 6 10 12 6 14 5 8 16 18 9 5 17 10 13 6 11 17 19 10 10 14 17 13 18 16 0 5 6 9 6 13 16 9 9 9 6 15 9 9 20 20 20 11 17 9 11 5 16 10 14 8 11 14 20 19 17 11 14 14 5 9 14 15 8 6 5 5 14 5 17 15 6 7 11 12 5 18 8 16 9 5 19 12 14 17 20
6 9 18 20 14 17 17 16 7 20 6 15 6 11 10 15 8 16 20 14 9 6 7 7 13 11 13 5 19 12 8 11 16 5 13 8 6 10 17 9 0 9 8 12 16 8 11 19 12 19 14 17 17 14 17 18 16 12 8 18 12 12 17 15 9 8 17 15 5 9 16 20 9 6 7 15 11 13 20 12 15 5 16 16 19 14 17 12 5 7 9 12 12 7 11 16 19 16 6 9
7 8 17 11 17 6 5 18 17 8 11 20 15 8 5 8 19 5 13 20 11 15 10 17 10 7 8 7 5 8 18 17 19 16 7 10 20 6 13 18 9 0 14 18 14 6 6 6 15 6 15 18 17 16 14 11 8 8 10 7 8 13 12 18 14 5 10 17 9 5 16 8 5 9 9 14 16 11 17 8 5 6 19 16 9 14 15 14 11 14 10 14 7 11 15 18 9 11 15 6
7 5 12 17 14 10 13 11 13 6 6 17 7 7 12 16 17 6 16 16 15 15 6 14 10 6 13 16 6 15 6 20 9 11 17 13 12 9 14 7 11 14 0 19 12 16 15 10 7 5 9 6 19 18 6 5 16 16 7 7 5 18 6 20 5 19 12 14 6 8 13 9 13 10 10 20 9 11 12 10 17 11 18 7 11 17 20 14 9 6 6 6 6 11 5 18 17 18 20 7
8 15 6 19 13 20 11 14 15 17 19 11 10 15 15 20 8 8 6 15 8 18 6 6 10 17 20 6 10 5 12 14 11 10 19 18 17 20 19 14 6 19 6 0 10 14 19 9 6 10 20 13 16 7 20 18 19 19 18 13 8 19 7 19 17 15 17 15 14 9 16 12 16 13 19 18 13 12 7 11 13 18 16 14 5 20 8 14 9 5 15 11 9 17 8 10 18 5 14 15
10 16 19 18 7 16 14 13 15 19 10 13 10 19 10 18 12 8 8 19 20 10 11 13 14 9 10 11 13 13 10 11 18 12 18 9 16 15 16 6 18 5 12 11 0 17 14 5 14 19 11 5 15 16 14 10 15 10 19 6 11 16 20 10 13 11 8 14 11 17 7 17 8 10 17 19 17 14 11 17 7 11 10 18 14 13 6 19 15 15 8 11 11 11 18 6 7 8 14 19
14 7 8 15 19 7 11 5 8 14 18 20 17 14 19 20 11 17 5 10 19 12 6 8 18 15 9 7 17 20 18 18 15 5 5 17 11 17 10 12 19 6 6 19 10 0 16 5 20 18 19 10 20 9 17 12 9 12 11 14 17 18 19 8 19 10 18 5 18 7 7 14 18 10 13 6 15 11 20 13 14 7 5 10 12 9 12 13 8 16 12 8 14 5 14 20 20 7 14 12
20 7 14 19 5 10 5 16 13 18 17 14 5 17 13 19 17 7 10 14 5 10 16 18 20 5 6 14 14 6 9 19 19 8 14 7 16 9 6 9 5 13 11 20 8 6 0 16 6 15 8 11 16 14 9 7 5 18 10 5 16 15 6 17 11 11 20 16 6 7 20 6 19 11 7 11 8 5 7 14 10 18 18 12 12 20 15 11 20 8 14 14 13 10 11 14 11 6 16 18
13 11 5 7 15 12 8 18 19 5 11 17 16 20 10 13 13 14 19 7 13 17 12 18 13 11 9 19 11 17 8 6 13 16 19 5 11 11 18 8 16 17 15 6 10 18 11 0 13 19 14 8 12 5 5 8 15 12 8 17 6 12 13 20 16 6 12 12 19 10 19 16 5 7 8 6 17 11 16 7 20 13 8 6 12 13 19 19 18 18 10 15 19 5 7 15 19 20 16 5
18 9 6 9 14 5 5 9 7 10 12 7 19 6 14 14 14 6 8 7 10 7 5 15 9 19 13 11 20 13 19 7 11 13 5 11 8 11 15 13 6 16 5 9 20 19 14 18 0 11 8 17 16 20 14 9 7 13 20 19 5 14 20 6 20 16 11 20 13 20 20 7 7 20 5 11 8 7 18 13 15 14 16 5 16 8 16 12 18 6 7 15 5 12 5 18 13 11 8 10
10 11 14 9 7 16 14 7 13 16 14 8 6 13 9 7 17 10 7 17 19 19 8 5 8 14 10 11 15 19 20 17 9 14 9 10 11 12 10 13 17 5 6 8 8 7 12 19 18 0 7 15 15 18 11 11 6 15 12 13 19 6 5 8 18 11 11 9 19 15 17 18 7 17 19 14 14 12 7 17 5 11 16 17 16 19 10 9 6 17 19 10 6 13 19 10 7 13 10 17
14 20 18 20 15 17 17 12 14 6 8 13 20 13 9 9 19 7 13 7 17 14 17 17 17 9 7 18 7 6 18 18 16 20 19 6 6 19 13 13 12 13 19 13 14 20 19 8 13 10 0 16 13 14 9 7 12 10 5 9 19 16 17 10 15 12 19 20 18 19 6 10 17 18 10 17 20 16 11 14 6 11 10 7 12 10 20 15 20 17 17 6 5 15 6 9 16 20 15 17
6 20 16 16 8 7 18 18 15 15 7 8 9 16 14 12 8 16 14 11 19 12 12 12 20 16 20 20 6 11 8 17 11 12 20 7 10 5 9 19 10 9 5 10 11 14 20 13 20 20 19 0 5 7 12 18 18 11 16 18 20 12 13 5 12 8 15 19 10 12 12 14 17 20 15 17 19 18 5 13 14 19 5 7 12 15 20 15 8 15 11 5 14 11 15 6 20 12 12 11
9 18 10 12 17 18 9 9 14 15 5 19 18 20 6 13 18 7 8 12 14 16 5 6 15 12 11 7 18 14 5 13 12 16 11 12 18 17 8 13 17 11 17 8 19 19 9 10 15 8 5 15 0 7 14 16 5 13 20 14 20 8 15 5 19 17 16 8 6 17 13 17 10 14 9 20 9 11 5 10 9 9 7 7 10 12 9 11 17 10 10 16 5 14 10 14 19 6 17 10
15 12 5 9 5 9 14 6 11 19 8 16 13 7 10 7 14 7 16 13 17 6 19 9 10 5 6 5 11 16 6 7 15 12 13 7 15 16 8 16 9 7 11 10 20 10 9 16 17 5 9 15 5 0 9 16 18 17 5 15 15 9 20 13 8 5 13 14 9 18 11 7 15 19 14 9 11 13 16 9 13 18 7 11 17 20 17 9 5 14 18 6 18 12 15 18 6 7 15 19
5 16 17 6 9 9 8 9 8 7 6 16 9 20 5 9 19 15 8 18 11 7 13 13 16 19 5 20 6 19 5 16 11 15 6 20 9 7 18 10 16 6 5 15 9 13 17 19 16 16 13 7 20 19 0 13 20 12 20 11 11 8 12 8 18 10 15 12 12 9 20 9 15 19 13 19 16 6 5 15 18 17 13 11 18 20 7 9 19 15 5 19 19 10 18 16 14 11 14 7
10 11 18 6 14 20 20 13 6 20 7 16 17 8 5 18 6 5 16 6 5 10 7 17 9 16 19 16 13 13 8 8 5 14 9 7 18 12 16 7 17 17 14 7 11 16 18 16 17 7 8 20 5 9 10 0 6 7 8 11 11 8 20 16 12 10 11 16 18 6 8 13 10 18 12 13 6 5 20 8 6 6 13 19 16 13 8 20 8 11 15 18 7 8 7 6 20 8 8 16
10 12 20 7 15 19 17 12 6 12 19 19 10 18 11 6 20 19 8 17 8 12 13 12 19 13 14 13 20 12 14 18 19 12 14 18 17 19 18 13 6 13 18 11 13 12 18 20 5 13 18 6 17 7 19 16 0 10 19 14 17 8 6 17 6 7 9 12 13 12 10 20 19 9 17 7 11 12 5 13 18 14 10 16 17 20 6 14 11 11 8 14 14 14 14 8 9 17 12 10
6 13 20 11 8 14 8 13 6 9 20 12 5 16 16 15 19 18 13 18 5 8 7 11 8 18 13 20 20 11 19 6 15 16 13 11 5 13 18 14 20 10 13 7 11 6 9 16 20 10 20 9 11 13 11 19 9 0 16 7 17 6 15 20 19 6 17 13 6 16 12 19 20 11 10 18 11 14 5 13 14 9 14 19 5 8 12 5 11 10 6 18 12 15 19 12 13 6 5 20
16 5 18 14 5 15 20 5 5 8 16 8 9 20 19 16 19 16 6 17 5 6 18 19 9 7 5 17 11 9 9 11 9 14 6 8 19 12 17 13 9 11 20 15 18 11 10 5 18 15 17 19 17 18 20 15 18 12 0 9 19 17 20 17 9 19 5 18 18 15 9 17 20 8 15 12 9 13 5 17 11 8 15 9 6 11 12 19 12 11 13 14 6 5 12 11 20 17 18 19
12 6 9 6 15 10 13 9 16 19 15 15 19 16 10 16 14 16 17 8 5 11 6 6 10 17 11 18 13 16 20 17 11 17 17 14 5 16 9 12 18 9 10 9 20 14 5 16 11 20 6 17 19 9 14 12 14 14 6 0 11 6 11 8 6 7 5 16 12 13 18 14 7 19 11 9 7 11 8 10 13 9 17 19 15 17 15 19 9 6 15 11 5 9 16 6 6 14 6 6
20 18 10 8 6 20 14 6 16 5 10 9 5 19 14 16 10 7 5 6 12 8 16 17 16 17 16 7 7 17 10 9 9 14 9 6 9 13 16 18 15 16 18 17 18 17 16 8 12 7 5 12 9 7 10 5 6 15 13 11 0 7 8 19 8 11 16 16 11 6 15 12 15 16 5 15 5 8 5 11 6 12 18 8 11 10 6 16 8 20 9 14 6 12 5 14 11 10 15 18
13 17 10 9 8 6 5 7 13 16 14 9 18 11 17 12 12 13 14 18 16 12 15 13 8 13 15 14 20 10 13 13 19 16 15 9 16 18 10 7 10 7 12 15 7 10 14 8 18 9 13 14 6 7 13 14 17 17 8 8 19 0 10 5 6 9 15 12 6 20 7 7 7 20 17 11 5 15 15 17 12 15 12 6 7 6 8 14 8 11 15 11 6 17 15 7 18 13 8 8
15 9 14 15 13 9 19 20 15 17 20 16 19 15 18 19 15 16 14 20 16 10 15 15 18 9 5 13 15 8 14 17 14 8 8 8 12 18 12 6 5 19 12 6 9 20 20 9 15 13 18 20 16 12 18 15 6 7 20 8 14 9 0 9 14 15 18 13 9 19 13 17 8 6 11 12 11 6 16 7 15 16 17 18 7 6 13 14 5 11 17 14 11 16 8 18 14 7 12 19
16 19 10 5 16 20 15 19 20 18 19 8 6 17 18 11 18 8 20 18 16 12 10 16 10 10 9 19 10 15 9 17 12 11 15 19 13 13 5 18 20 11 15 19 18 5 7 14 13 8 14 16 20 16 8 19 6 15 18 15 16 20 19 0 5 19 5 15 17 8 5 18 19 5 16 17 15 11 10 8 13 20 6 17 6 20 10 7 15 6 8 13 6 15 8 9 11 18 7 15
7 20 14 9 17 6 8 15 15 19 10 6 12 8 9 17 12 6 5 16 14 15 15 17 12 7 17 13 13 20 18 8 15 14 10 19 14 11 15 8 11 19 12 13 9 6 15 6 13 9 11 18 16 9 5 20 14 10 16 8 15 12 15 17 0 12 17 6 6 14 13 11 20 19 18 5 5 18 9 13 10 16 18 17 5 19 10 14 5 12 16 17 16 13 14 15 7 18 19 18
20 8 13 15 8 19 15 18 7 10 16 11 9 17 17 20 7 12 15 7 5 6 19 8 11 7 20 20 16 18 16 8 7 19 13 16 19 13 12 19 16 18 12 14 8 5 10 9 19 13 7 10 13 20 8 19 10 20 9 17 7 18 12 20 18 0 9 10 18 5 20 6 15 5 5 19 11 20 18 13 12 6 12 18 20 11 9 8 14 15 9 6 13 10 7 19 14 20 18 9
15 10 10 17 13 8 10 16 16 8 14 20 15 15 7 14 5 9 8 12 13 8 13 8 9 20 11 8 7 8 11 8 15 17 15 7 17 13 11 8 8 12 6 5 11 8 16 19 20 6 6 14 14 6 18 7 10 11 16 5 9 9 11 10 9 8 0 10 12 14 9 15 14 10 10 16 16 5 15 16 13 13 12 16 10 9 7 14 18 5 17 5 16 7 6 18 20 11 5 18
8 19 19 16 14 9 20 19 12 18 10 12 20 15 7 15 9 19 17 16 19 6 5 12 16 7 20 20 12 7 9 9 19 11 18 10 13 10 11 17 5 15 17 6 8 14 14 14 18 14 6 5 5 7 18 9 7 11 19 6 17 5 5 17 8 10 18 0 16 17 14 11 9 20 12 6 20 9 12 10 11 20 20 20 9 7 7 17 13 17 12 5 18 11 18 19 14 10 14 17
7 18 7 17 10 16 16 17 13 16 19 8 10 18 13 15 5 11 7 14 19 16 8 19 16 18 18 11 10 13 16 10 13 9 6 7 11 8 6 20 18 12 15 8 17 13 10 12 5 10 17 20 8 7 6 12 16 8 8 15 18 6 14 17 19 10 17 14 0 11 13 6 8 5 12 13 7 18 19 8 16 12 16 13 7 17 5 10 8 13 18 11 19 5 17 9 8 7 5 14
6 7 14 7 19 8 16 17 5 19 9 11 20 8 15 6 14 11 5 13 19 9 20 7 15 7 12 8 16 12 8 15 8 5 8 9 15 9 7 6 11 20 11 9 12 20 18 15 10 12 5 10 19 14 17 20 15 11 18 7 14 18 16 19 13 11 18 11 6 0 9 5 13 14 17 20 10 10 10 8 13 6 9 14 19 15 7 14 15 17 6 6 17 18 14 12 15 19 6 6
19 14 13 6 18 17 17 11 12 13 18 20 15 16 6 12 12 20 13 6 13 20 16 20 6 8 9 11 13 11 16 19 13 18 9 7 17 11 7 18 6 12 17 15 13 12 6 12 5 15 15 10 16 20 18 10 10 14 10 20 9 16 19 9 18 20 6 18 6 6 0 15 12 11 6 17 13 16 16 10 12 9 7 14 9 5 14 8 13 13 5 5 6 9 10 15 11 9 7 15
13 20 13 19 18 7 5 11 13 15 20 15 20 18 10 20 12 12 13 12 11 17 11 17 19 13 15 17 5 11 6 7 8 14 16 18 20 14 5 16 16 20 6 8 6 17 13 18 19 6 5 13 18 16 18 6 9 7 8 20 13 14 15 17 13 5 5 20 20 5 8 0 16 13 19 12 20 10 15 20 16 14 13 13 17 15 13 11 9 12 19 20 10 20 18 17 6 10 11 17
7 6 13 7 19 16 12 7 15 15 14 17 14 10 12 8 20 6 9 16 17 9 15 14 18 9 5 5 8 9 20 7 5 18 6 15 19 12 6 18 19 5 18 19 9 11 14 16 12 7 11 20 17 17 20 13 16 10 20 8 13 19 20 20 5 15 6 10 16 19 7 9 0 14 11 5 6 11 13 7 11 11 7 7 13 12 6 5 7 19 9 20 6 8 9 8 14 15 12 14
17 10 16 7 14 18 13 8 8 9 11 18 5 5 18 7 8 13 20 18 9 13 11 10 11 15 15 19 17 17 17 16 19 13 13 7 11 13 6 16 12 19 19 5 18 10 19 16 5 6 10 16 6 6 15 15 15 6 20 13 13 9 12 12 16 5 20 18 17 19 14 6 19 0 15 8 5 18 6 14 15 13 10 6 10 7 15 20 19 12 5 10 20 17 7 12 7 14 14 13
10 19 11 10 11 10 11 14 13 19 18 10 7 11 10 9 8 12 16 8 16 20 11 11 10 18 7 18 13 11 10 8 12 11 10 9 6 11 18 5 17 10 7 18 14 5 10 5 14 13 7 13 10 15 14 18 19 7 6 6 19 11 19 18 10 18 8 6 13 17 5 14 11 18 0 7 8 17 19 15 15 13 15 11 12 7 11 11 12 15 9 11 11 14 7 10 15 8 6 14
13 8 16 13 8 11 8 16 12 5 8 5 15 5 13 11 12 20 10 11 5 15 17 18 15 10 18 6 16 13 13 12 14 8 10 12 10 20 13 8 11 19 11 14 14 11 20 15 5 7 6 16 19 7 6 9 11 16 5 13 17 13 19 12 11 16 7 7 8 9 7 14 12 15 9 0 7 8 5 19 9 10 14 20 18 11 12 12 12 16 16 15 5 6 12 7 5 19 17 5
13 18 19 7 7 18 7 8 5 15 20 16 12 7 20 12 8 13 8 20 9 9 19 8 6 6 5 14 9 19 20 6 14 5 10 16 6 7 14 14 14 6 6 6 15 14 12 20 18 13 19 13 7 6 17 8 20 7 15 17 9 18 17 18 17 20 12 19 9 9 15 20 18 8 7 19 0 19 11 9 14 11 18 12 19 6 19 16 14 5 6 17 20 15 16 12 5 12 17 10
14 6 20 6 15 14 19 7 14 5 5 9 15 9 13 11 12 13 16 15 15 5 14 18 7 19 17 8 18 19 11 6 7 15 14 13 9 5 10 14 11 7 17 10 10 18 17 11 17 6 13 10 6 18 7 20 6 16 16 11 17 16 12 12 5 5 20 6 5 14 20 5 5 18 15 8 7 0 5 14 9 18 5 15 15 13 15 15 9 14 10 16 17 20 20 9 15 15 15 6
8 17 11 18 6 19 5 14 16 11 20 6 15 9 13 11 9 17 11 9 13 14 6 19 17 16 12 20 18 20 13 7 18 11 15 18 7 18 15 15 18 6 9 11 8 14 16 6 14 10 6 10 15 17 18 11 13 18 14 10 13 17 9 19 15 5 5 10 17 14 10 7 19 8 20 18 12 14 0 13 15 19 18 5 18 17 8 11 19 11 13 10 9 14 15 5 8 7 9 11
17 5 16 9 20 16 15 9 20 8 5 18 5 16 5 6 19 12 12 8 15 5 19 6 20 19 8 5 20 7 12 17 15 5 20 5 17 16 7 14 5 14 8 20 14 12 13 14 18 15 10 14 12 17 9 14 10 18 20 7 7 12 10 15 11 17 9 9 17 12 15 9 12 16 12 13 17 15 12 0 17 9 5 20 11 15 11 10 18 14 20 8 7 18 11 12 18 11 10 5
20 5 15 8 16 15 20 11 20 8 17 15 19 13 8 12 7 6 9 19 6 12 11 13 15 13 10 13 11 19 12 17 7 15 6 5 11 8 13 19 16 14 6 15 19 13 13 20 13 17 11 10 6 8 18 12 15 15 17 17 17 14 12 13 11 8 12 14 20 10 10 16 8 18 12 9 20 20 8 18 0 17 17 8 9 7 17 13 10 6 18 15 7 11 11 6 11 12 5 12
8 12 15 13 9 12 15 18 7 15 6 7 12 15 13 16 17 13 5 19 15 20 10 17 13 20 18 11 11 12 15 15 12 11 5 20 12 8 9 13 11 18 13 7 9 13 14 8 7 17 9 8 9 17 16 10 16 9 10 8 20 11 7 11 11 20 18 10 14 15 13 6 19 7 5 6 12 10 18 16 12 0 18 8 18 9 19 15 17 7 15 17 15 19 12 20 16 20 14 10
5 14 9 11 5 18 9 18 11 12 13 15 19 8 14 5 15 5 15 7 19 13 6 17 10 12 9 11 20 7 5 17 8 12 8 8 18 7 7 14 8 13 13 11 5 10 7 12 14 16 15 12 7 7 8 13 20 10 7 10 20 10 6 7 12 20 11 17 7 17 5 13 12 7 9 20 19 12 12 8 17 20 0 16 18 8 10 17 16 9 16 6 19 15 18 11 11 5 14 17
19 7 10 18 5 7 12 9 19 14 7 9 14 12 18 16 20 9 17 7 11 13 5 13 18 14 13 8 9 17 6 14 15 7 14 17 9 19 20 6 6 6 12 18 10 14 20 18 16 7 20 12 17 6 5 18 10 12 5 14 15 9 8 19 13 19 8 9 7 20 14 8 19 13 11 7 15 11 10 12 17 19 17 0 18 13 15 17 5 14 19 14 16 19 15 11 8 17 15 17
9 8 10 9 5 12 5 5 11 16 15 12 15 5 18 9 17 16 16 18 7 6 8 9 17 5 16 8 20 10 18 20 12 18 18 10 18 9 7 12 18 18 11 5 13 9 8 13 7 5 13 10 20 14 20 16 19 7 10 8 9 5 5 16 17 15 13 17 20 16 6 6 15 17 12 18 8 14 18 15 20 11 16 7 0 17 7 19 18 15 20 13 15 9 14 8 19 17 5 20
6 18 17 5 17 18 11 6 19 8 13 15 16 15 9 5 5 19 13 14 5 19 20 10 17 8 11 11 15 14 17 8 11 9 18 6 17 11 5 12 18 14 10 7 5 10 9 13 20 17 12 19 6 6 19 10 8 6 8 5 10 6 16 6 11 8 13 12 12 18 13 15 12 5 19 16 14 11 18 13 7 6 18 13 10 0 17 16 9 19 19 8 7 8 15 15 11 11 9 13
15 20 9 16 6 5 6 10 10 7 6 18 9 18 19 10 15 19 17 14 13 6 18 8 20 17 7 13 14 9 15 16 14 9 19 12 20 16 19 8 19 12 11 18 9 12 13 12 7 17 19 14 18 19 9 9 16 11 9 8 20 5 17 9 7 5 7 7 12 16 7 5 10 5 12 6 9 7 6 6 13 11 13 13 16 11 0 9 5 13 19 5 5 20 13 15 7 11 15 5
6 13 17 20 14 13 6 5 5 6 15 9 8 13 17 6 8 14 17 9 20 10 12 20 6 19 13 14 9 7 19 8 9 10 11 13 18 6 12 19 12 16 6 12 12 7 17 10 6 17 18 12 12 16 17 9 7 12 16 19 9 17 19 14 7 6 16 8 19 18 9 14 9 8 8 15 15 11 12 17 10 6 6 12 8 18 20 0 13 6 20 20 5 7 20 13 19 7 10 20
5 11 10 7 12 6 5 7 18 5 6 16 10 9 13 12 14 8 13 14 10 5 14 14 12 6 8 11 11 9 8 18 16 15 11 15 14 5 12 7 15 17 11 17 20 14 16 15 19 5 11 5 17 18 5 7 17 15 7 7 8 15 17 9 7 5 18 9 5 17 15 11 12 7 7 11 7 17 16 9 16 11 18 20 18 7 16 19 0 20 18 17 7 13 9 20 20 7 8 11
18 18 14 20 16 10 18 8 13 6 8 9 10 13 8 8 13 10 11 11 20 8 11 14 8 6 13 14 15 18 18 9 15 7 12 9 8 14 16 18 13 9 6 7 10 8 11 20 14 6 13 11 11 11 10 17 16 17 16 20 7 6 18 14 19 19 9 5 10 5 8 16 18 18 14 11 20 20 8 19 15 17 13 5 15 12 14 19 5 0 15 19 9 20 9 14 15 7 10 20
17 17 15 13 12 6 20 6 20 18 6 18 5 10 8 5 16 11 15 6 10 20 5 13 14 8 8 10 19 12 6 13 16 12 14 14 11 14 12 19 7 16 20 6 12 13 11 18 14 16 18 17 12 19 19 20 14 5 10 8 15 20 12 20 8 19 20 18 9 14 7 14 20 20 13 19 14 10 14 10 19 7 8 19 15 18 16 9 13 19 0 10 14 15 8 14 9 13 8 16
17 19 6 16 10 18 9 19 16 12 15 20 7 19 19 11 19 16 9 9 19 16 7 12 6 9 10 13 18 12 13 9 15 17 13 16 8 16 12 15 16 13 5 16 11 20 8 10 17 10 5 5 16 5 19 19 15 7 13 14 17 20 6 11 17 6 12 6 7 11 6 13 20 15 7 16 5 15 13 5 9 19 10 16 16 14 17 6 15 9 19 0 11 19 13 20 12 17 8 5
7 11 5 19 7 11 19 7 19 5 6 6 13 15 8 19 11 13 19 12 11 12 5 20 14 18 20 14 11 10 5 12 18 8 12 12 9 17 17 13 5 13 11 7 20 10 13 20 12 10 15 8 9 18 12 6 10 16 13 16 10 18 11 16 11 18 15 7 20 19 14 12 10 15 14 8 16 11 20 9 5 8 17 9 18 7 19 17 5 13 9 6 0 12 19 18 17 6 7 7
12 17 5 19 13 14 20 14 15 12 10 6 15 11 15 20 5 11 17 15 17 13 11 15 8 11 14 16 10 11 15 18 8 12 19 18 17 16 18 6 10 19 14 7 8 6 20 13 20 12 11 18 18 14 7 18 15 10 20 9 19 13 7 6 13 16 12 9 13 5 5 17 15 18 13 12 5 6 9 7 10 10 11 17 12 14 14 5 15 12 14 5 12 0 11 6 7 17 15 10
12 17 10 11 16 18 6 19 18 11 14 6 13 18 19 12 20 20 19 9 13 19 14 5 14 8 18 16 6 5 8 12 10 16 14 8 14 13 20 19 14 19 16 5 18 17 19 5 7 15 14 19 20 7 11 17 14 10 5 11 9 7 10 7 16 7 20 17 11 9 12 16 16 11 6 10 14 7 6 8 12 19 13 20 15 6 8 6 11 6 19 15 6 15 0 19 18 10 6 11
10 17 10 7 14 15 6 18 10 6 11 12 5 8 20 12 16 7 17 20 10 5 20 11 7 18 19 12 9 5 15 10 14 10 14 6 15 14 17 6 11 11 9 5 8 15 7 13 18 19 12 10 6 10 12 10 13 10 15 7 6 20 18 7 16 15 5 5 8 19 19 16 7 10 18 5 8 15 8 8 9 14 14 12 14 7 19 7 19 10 19 5 17 18 9 0 19 7 15 16
16 6 16 6 5 5 17 19 19 6 20 10 5 16 11 20 8 16 9 8 10 5 15 13 12 16 14 13 18 11 19 13 14 11 16 16 5 9 14 14 5 17 17 17 9 15 7 16 5 15 14 6 7 8 5 6 20 7 7 17 7 14 12 10 18 19 11 14 12 12 13 8 12 11 6 9 8 15 5 6 9 19 12 5 13 13 13 18 15 19 13 6 13 10 7 10 0 7 9 16
6 17 6 20 20 11 14 12 5 8 5 7 11 5 10 10 5 7 13 6 14 13 12 8 20 6 14 15 9 5 14 9 9 15 18 16 20 5 7 20 9 8 14 15 10 8 6 14 15 14 10 11 7 14 17 8 17 9 5 9 5 13 14 20 19 18 12 20 14 5 7 17 20 10 15 19 13 7 9 6 13 15 5 14 17 9 6 13 15 13 6 6 15 17 14 20 16 0 10 20
12 18 13 7 13 11 19 5 18 14 10 5 9 5 17 20 19 9 8 16 8 15 12 9 19 12 8 8 18 18 18 6 13 7 19 9 19 20 10 17 14 16 18 11 11 6 15 10 11 7 16 5 16 18 17 10 12 20 9 9 9 20 5 11 13 16 14 17 11 17 18 8 12 8 17 13 15 17 13 13 12 9 6 14 8 18 11 20 14 16 9 13 17 7 12 6 12 15 0 18
14 6 11 13 10 6 18 8 19 10 10 8 7 5 7 14 8 9 6 20 6 5 16 17 17 6 10 10 16 18 18 20 14 8 11 18 19 19 6 7 20 20 14 18 5 16 12 18 7 7 18 6 6 7 12 6 13 19 20 10 18 14 6 9 14 18 7 18 17 15 6 18 17 20 6 5 16 15 7 17 7 14 7 9 8 17 17 13 19 17 16 19 14 18 6 15 17 8 15 0
