50
65 55 19 24 1980
20 94 43 54 200
16 13 12 24 1393
18 96 70 68 590
58 99 96 35 1690
91 55 13 13 1248
63 43 59 81 769
42 33 63 63 1664
22 75 97 36 1729
35 43 33 59 710
93 96 46 44 778
58 15 48 82 536
69 59 59 85 1001
80 20 33 63 1188
24 66 25 37 227
50 28 55 51 769
69 60 35 73 603
72 20 35 20 654
48 83 47 51 1490
30 28 44 91 1401
45 67 46 16 1572
58 84 48 78 850
87 47 23 42 93
61 34 67 70 330
80 51 42 25 1747
22 57 40 22 291
40 43 24 70 866
33 95 10 21 1770
32 75 30 88 653
60 83 19 60 1086
93 13 96 99 375
20 79 85 13 1131
34 87 65 23 520
57 30 88 71 151
22 92 86 28 1648
61 27 45 15 1200
47 69 36 51 134
55 17 39 75 184
10 63 95 24 1244
75 93 44 79 239
45 12 81 18 10
36 32 62 91 85
54 22 24 64 1579
61 29 38 19 1768
12 70 18 66 293
72 47 16 94 365
10 52 26 100 458
99 97 88 78 437
62 71 18 89 1885
43 42 17 36 1225
0 2 13 7 4 17 13 2 16 3 16 20 17 4 12 10 7 10 16 12 14 11 8 8 19 5 7 1 3 8 11 14 17 14 20 15 13 18 9 2 13 16 19 14 13 3 6 13 3 13
1 0 11 12 1 9 7 19 18 11 4 3 7 5 17 17 1 11 9 18 6 4 14 20 19 11 11 3 17 14 8 18 2 2 19 5 14 2 3 20 18 17 9 18 4 10 20 11 14 11
13 8 0 6 3 16 5 9 8 12 1 8 6 6 7 17 17 3 16 14 16 16 9 12 17 7 9 18 11 14 12 4 17 11 16 14 5 20 16 14 16 20 11 11 12 1 1 14 6 5
10 19 8 0 5 19 17 11 5 4 1 20 2 4 8 19 5 19 8 20 19 1 10 2 20 15 7 2 9 17 18 6 14 13 16 14 3 8 2 4 18 8 1 14 13 12 8 9 10 15
10 19 3 11 0 20 1 19 2 4 7 4 3 2 6 11 4 11 10 16 7 13 10 18 14 14 6 18 9 6 3 9 11 20 2 11 2 19 17 7 4 5 20 14 14 12 11 18 20 2
1 2 3 15 10 0 9 1 6 17 17 3 11 17 5 5 16 8 16 19 15 1 11 18 11 1 9 15 11 19 8 7 12 7 7 16 14 18 14 13 8 14 6 6 3 10 5 12 11 4
10 16 15 14 5 3 0 11 12 6 20 17 9 1 1 11 11 6 16 9 19 11 10 13 14 4 17 11 3 13 1 13 10 19 2 9 2 3 14 8 12 9 8 1 9 13 17 18 17 5
8 8 20 9 18 19 10 0 13 14 6 18 19 3 2 10 20 14 5 4 20 14 7 4 3 19 13 7 10 12 18 8 9 8 20 14 8 18 13 17 6 17 19 15 13 14 8 9 15 2
12 10 7 5 18 8 15 20 0 17 1 7 20 19 16 3 8 20 19 2 14 4 13 19 3 7 10 6 6 18 3 3 14 3 13 5 15 13 3 2 5 4 16 7 4 6 7 1 19 20
2 15 15 13 20 1 6 18 4 0 5 2 14 14 5 14 8 1 1 5 12 18 13 11 11 17 6 4 18 19 5 10 14 17 13 2 8 11 20 15 18 16 17 18 18 3 6 11 2 8
7 15 9 4 17 11 7 19 20 8 0 7 14 7 2 10 12 2 1 16 14 6 13 15 19 8 17 3 15 6 1 13 5 11 4 19 6 20 15 5 13 4 6 17 12 16 11 11 8 17
3 19 12 15 10 8 15 13 16 11 20 0 6 7 10 18 5 12 13 14 7 14 16 5 11 16 19 9 15 3 19 20 2 6 12 1 3 5 15 4 11 3 18 10 5 18 6 15 20 5
20 1 5 9 8 5 13 9 11 17 7 15 0 11 19 11 2 9 7 2 3 12 12 18 4 15 6 9 15 9 1 1 20 8 6 15 5 17 7 15 11 16 12 4 3 20 12 5 17 5
6 7 16 2 11 18 12 16 10 11 4 15 13 0 2 7 14 15 14 9 13 8 3 7 4 9 6 11 5 20 20 18 1 15 12 17 12 16 11 13 4 11 19 16 1 15 2 9 17 12
9 14 16 9 14 11 3 13 13 8 2 15 4 6 0 19 16 2 17 9 6 11 9 8 19 12 4 18 18 8 19 11 3 1 16 18 9 15 16 2 19 6 17 8 9 14 13 16 19 1
13 19 19 8 20 16 18 15 3 11 20 2 13 12 19 0 11 14 11 14 20 13 7 17 5 7 8 6 9 17 16 14 7 18 11 7 20 18 14 11 4 7 2 13 5 9 3 15 17 17
2 5 10 7 11 9 4 14 20 19 10 7 9 12 20 17 0 4 13 4 17 16 6 5 10 19 16 6 5 7 7 3 5 18 16 5 18 11 1 4 5 14 11 3 15 7 6 16 16 4
3 8 10 14 12 20 9 18 11 19 16 13 6 9 20 20 15 0 2 6 6 11 19 6 16 17 16 14 14 11 14 20 13 10 19 13 11 11 20 12 3 19 13 4 16 9 11 14 12 12
20 5 12 11 17 8 3 14 16 5 3 20 13 16 7 7 4 3 0 17 10 14 3 15 1 10 8 3 3 4 20 10 20 19 12 6 18 7 14 16 8 6 10 18 11 10 1 15 1 2
4 15 17 8 17 7 11 18 19 9 8 8 17 2 19 5 1 5 15 0 2 3 9 14 13 8 5 9 12 17 14 10 9 12 5 11 16 3 3 17 13 1 2 5 16 17 18 1 13 15
1 12 17 14 12 3 11 2 9 4 5 14 15 18 3 10 6 8 18 18 0 2 20 18 3 5 17 18 16 17 12 6 5 19 12 10 8 14 4 18 8 14 12 10 4 18 3 19 15 10
5 12 13 13 5 10 20 5 10 15 7 16 13 14 7 5 3 13 2 16 1 0 17 1 14 2 7 13 15 17 5 17 8 6 11 12 14 17 15 3 13 4 16 10 9 5 7 18 15 4
7 12 11 3 1 2 16 20 20 13 14 19 10 19 5 19 3 14 1 14 20 11 0 7 19 7 12 18 18 2 2 10 12 7 12 7 13 17 15 17 13 18 18 8 3 17 8 19 2 5
3 20 6 20 11 9 8 9 17 8 17 14 19 3 12 9 13 11 9 7 10 14 2 0 15 5 15 18 13 16 2 2 6 6 10 6 18 11 19 3 2 2 5 19 12 17 11 20 4 5
12 7 18 19 9 14 18 10 10 3 6 14 3 4 17 10 17 8 1 18 18 15 13 9 0 18 8 4 10 1 19 2 18 3 17 14 1 9 5 8 12 18 4 1 10 12 2 16 17 15
20 10 12 17 16 19 6 10 16 2 17 9 12 19 10 2 2 16 16 7 13 15 12 11 7 0 11 1 12 10 8 18 1 19 6 17 5 12 12 10 1 8 2 5 10 4 18 9 3 2
7 14 2 15 7 12 5 15 12 12 10 11 5 14 4 13 18 19 1 18 3 1 15 11 4 8 0 20 1 17 15 11 14 11 1 6 3 1 20 8 15 5 1 3 9 12 2 9 5 6
5 17 2 18 6 15 1 16 18 1 10 17 19 5 16 9 12 14 1 5 1 4 14 18 1 1 13 0 6 1 8 20 12 8 8 4 18 11 1 13 11 13 4 11 12 3 9 14 18 13
12 6 6 17 7 5 8 4 3 16 8 7 6 5 9 2 18 15 15 10 15 11 20 3 15 18 9 1 0 13 2 5 9 8 2 11 1 11 11 16 15 16 10 15 3 14 16 15 18 1
6 13 11 7 3 14 2 12 19 5 1 3 10 5 4 11 19 3 8 16 8 16 17 4 9 19 12 9 16 0 5 3 11 5 4 6 16 10 5 15 18 10 2 20 9 17 12 19 1 10
19 2 6 12 3 2 19 20 1 20 4 2 17 14 5 7 16 17 13 11 11 8 13 2 15 3 20 9 3 6 0 19 12 9 6 8 11 1 8 16 18 1 13 14 8 4 19 13 18 7
15 14 7 11 6 7 10 2 11 18 10 3 10 9 6 10 13 2 8 7 5 16 3 19 7 8 19 16 14 4 13 0 8 15 17 20 9 17 9 4 6 1 19 11 8 17 7 12 9 15
6 4 5 7 13 9 8 5 10 17 6 14 9 2 2 20 13 8 14 13 17 7 20 19 10 13 19 16 2 12 6 11 0 3 17 8 19 7 14 9 19 17 20 18 19 13 15 17 1 14
18 16 5 4 19 5 10 18 8 7 13 3 5 14 18 4 16 10 1 18 4 3 16 7 12 10 18 20 2 17 1 20 7 0 19 19 9 15 2 16 20 14 17 6 20 19 8 14 2 7
14 2 4 10 13 7 14 10 14 11 8 19 10 8 6 11 19 8 16 17 14 14 4 16 7 5 18 14 9 7 19 2 1 8 0 4 9 20 9 11 20 7 14 11 14 7 17 2 16 19
2 5 6 6 14 17 12 7 13 9 20 8 16 12 2 1 19 18 6 12 4 14 12 1 16 12 14 13 7 11 3 12 4 10 16 0 4 13 6 1 10 2 16 15 16 17 8 11 19 5
8 14 9 14 4 18 7 11 11 19 4 14 7 10 13 17 13 5 12 19 16 19 16 3 4 15 13 4 2 11 17 5 10 19 11 17 0 7 17 5 13 5 13 19 8 9 19 13 2 6
2 6 8 3 16 11 9 7 16 13 3 12 9 10 4 4 3 9 15 5 2 20 9 11 5 7 1 12 1 13 17 12 18 9 1 19 8 0 18 19 1 14 20 17 6 2 3 10 15 10
7 9 3 9 3 3 5 14 15 1 13 12 2 5 10 18 4 17 12 1 11 13 11 3 20 4 1 14 11 2 11 7 4 10 19 10 8 20 0 9 5 10 18 2 12 3 6 16 11 10
17 10 17 3 7 1 11 2 9 5 20 15 18 5 7 2 3 2 3 17 9 15 15 10 5 15 1 3 9 9 5 4 15 16 13 2 7 8 14 0 2 2 11 10 5 2 19 15 2 12
3 9 9 14 18 1 1 7 1 1 14 3 12 18 7 17 4 16 4 6 9 15 6 18 1 4 10 11 18 10 11 11 8 13 19 5 1 19 16 9 0 9 4 18 9 1 15 7 18 1
13 20 14 2 5 19 17 19 11 9 4 17 9 19 1 4 9 1 6 8 5 11 18 17 19 16 14 12 11 3 19 11 10 12 14 8 11 10 10 2 1 0 1 12 13 18 3 13 6 15
12 10 1 3 1 5 16 17 7 7 9 16 2 5 2 8 14 17 19 5 18 12 13 3 5 11 5 5 9 17 1 19 6 19 14 15 13 8 19 13 12 7 0 7 4 15 18 4 12 4
15 9 2 6 12 1 12 7 9 16 5 8 6 1 13 19 18 17 6 11 6 16 9 15 17 5 13 4 13 7 10 9 13 1 10 6 13 12 20 11 11 12 17 0 1 17 15 5 4 19
17 2 14 15 7 9 18 18 9 5 15 8 5 7 1 10 6 3 7 7 1 10 1 4 16 19 18 17 6 3 8 1 14 19 17 8 14 19 13 12 3 5 2 10 0 5 4 3 20 2
19 12 11 19 12 14 5 20 6 14 2 20 13 5 3 6 4 20 13 4 7 14 1 1 18 19 17 1 2 15 8 2 9 18 13 7 11 18 2 1 14 14 1 8 18 0 20 14 6 1
8 3 9 3 15 4 14 6 15 2 4 19 8 13 18 9 9 1 12 16 16 17 16 10 4 19 14 8 5 12 14 4 5 8 12 14 13 13 4 15 13 1 9 9 7 6 0 9 11 9
15 4 2 12 20 18 1 20 3 18 9 15 4 16 17 11 16 13 13 5 6 11 14 5 15 10 2 3 1 5 20 15 4 20 17 2 18 20 1 7 17 6 17 17 15 1 8 0 8 8
17 6 18 13 1 10 5 5 2 2 10 20 6 6 11 12 1 18 8 15 12 7 11 7 2 20 2 7 2 8 2 17 18 14 11 6 19 17 18 5 7 20 20 8 2 8 13 15 0 15
14 10 4 5 9 11 18 10 10 19 3 19 9 12 6 4 20 2 5 3 9 7 1 20 7 20 10 17 19 4 10 6 14 12 5 7 20 4 5 16 20 12 1 18 17 3 20 19 18 0
