50
8 10 8 7 108
9 9 2 6 111
5 10 8 7 96
9 1 3 5 101
5 1 4 3 112
2 2 8 1 97
10 8 2 10 95
5 10 6 7 92
6 5 3 9 110
1 7 4 3 100
6 3 2 1 110
6 4 7 6 91
2 3 10 6 88
3 9 3 6 112
10 8 2 8 95
9 4 5 10 102
6 6 5 5 110
5 8 8 10 100
3 7 6 4 96
3 2 1 8 91
7 3 4 5 90
2 8 2 4 103
5 2 8 9 107
7 1 10 6 90
5 3 5 1 101
2 6 2 9 110
1 10 2 7 105
4 1 3 9 109
7 2 7 8 95
1 4 8 1 91
6 10 5 9 99
6 7 1 7 103
2 8 4 3 109
10 9 4 8 101
2 10 8 2 108
2 8 8 2 96
1 8 2 3 89
3 8 5 8 97
1 3 5 2 90
1 2 5 2 97
8 4 1 2 93
1 3 3 2 109
8 5 9 2 97
5 6 1 7 110
2 10 1 3 98
5 4 1 8 96
2 5 7 7 96
4 5 5 2 105
6 3 4 2 110
8 2 8 5 104
0 1 5 3 5 1 4 2 0 4 0 2 2 2 4 2 5 5 0 5 1 3 2 0 2 0 2 4 0 4 3 1 2 5 5 4 1 4 1 4 1 3 5 1 4 5 4 1 2 0
4 0 2 0 1 4 4 0 3 0 4 4 1 1 0 2 2 5 4 2 0 2 3 1 1 5 2 4 3 4 3 2 4 2 5 2 1 1 5 3 4 5 0 3 4 1 0 4 1 3
3 1 0 1 3 2 2 5 0 5 1 4 1 2 2 2 4 0 2 5 0 0 1 3 0 1 2 3 1 5 3 5 2 0 4 5 2 1 3 1 2 3 2 0 1 4 0 2 5 5
5 2 1 0 4 5 5 1 4 5 0 2 0 4 0 1 3 5 2 5 2 2 0 2 5 3 4 4 1 1 0 4 3 4 4 1 1 2 1 5 5 2 0 5 4 5 2 4 4 5
5 2 5 5 0 4 5 3 3 2 0 5 0 2 1 0 5 2 3 4 0 0 0 5 0 0 0 5 4 1 0 1 2 5 4 4 5 0 3 4 2 2 0 2 5 0 2 2 0 5
2 4 0 4 0 0 3 1 4 1 3 2 4 4 1 2 2 5 1 1 0 3 4 2 2 1 4 2 5 2 2 1 0 3 5 2 1 3 3 0 0 0 5 2 0 2 4 1 2 4
1 1 3 2 4 5 0 1 1 3 1 4 4 2 5 5 3 4 4 1 5 2 1 3 3 3 4 0 4 5 1 2 4 4 5 0 1 3 4 4 0 2 3 2 4 0 2 4 1 3
0 3 0 3 3 0 2 0 1 1 2 0 5 3 0 2 3 5 4 3 2 5 3 0 0 2 3 5 5 1 4 0 2 1 4 4 0 4 0 2 4 0 2 2 1 2 4 5 2 5
2 1 4 0 1 2 2 1 0 0 5 5 4 3 2 0 5 2 1 5 4 2 0 5 4 2 2 0 1 5 3 3 3 2 5 3 1 2 1 4 2 5 3 3 3 0 1 0 4 2
3 3 3 0 0 2 1 0 4 0 5 3 1 0 3 4 3 3 1 5 0 5 1 4 0 2 0 4 0 1 1 4 0 4 5 1 3 1 2 1 0 4 3 4 3 5 2 5 2 3
0 0 2 2 4 3 3 1 4 5 0 3 4 4 5 3 2 5 4 3 5 3 2 2 2 0 5 4 2 1 4 0 0 0 1 1 4 4 1 4 0 5 2 2 3 4 1 3 4 4
1 2 4 0 0 1 1 4 1 4 1 0 2 3 3 1 0 2 3 0 2 1 1 0 1 5 0 5 2 5 1 3 0 0 4 5 4 2 5 5 4 1 5 2 0 5 3 3 2 1
1 1 2 0 5 4 1 3 0 5 3 0 0 3 5 3 0 2 1 0 2 5 5 3 3 4 5 1 4 2 4 0 2 2 3 3 1 2 3 5 1 0 4 1 0 0 4 0 0 2
0 5 3 1 3 2 3 2 0 4 0 3 4 0 2 0 0 5 4 1 4 3 4 3 0 1 2 0 4 5 2 3 5 1 1 3 3 1 2 2 5 0 3 3 1 2 3 4 0 0
2 3 0 1 4 5 1 4 4 1 0 5 3 3 0 3 3 0 5 0 5 1 4 1 3 0 4 1 4 2 2 4 2 3 5 0 0 3 3 3 5 0 0 2 1 1 3 5 2 4
2 5 3 5 2 1 3 4 3 0 1 0 2 1 5 0 3 5 3 4 4 0 2 2 1 1 4 5 3 4 0 4 1 2 0 1 1 1 5 0 5 5 1 1 3 2 1 2 1 4
4 2 0 4 1 5 1 4 2 3 4 0 2 0 5 2 0 4 2 2 1 4 5 2 4 2 3 2 5 4 4 3 4 3 1 5 4 0 1 0 2 5 4 4 5 2 1 2 3 2
0 4 2 0 4 2 3 2 0 2 2 3 0 1 0 5 3 0 2 0 3 1 3 5 0 5 0 3 2 4 5 4 1 1 2 4 3 0 4 4 2 5 0 2 1 4 4 0 3 3
1 0 4 0 0 0 3 0 5 5 1 3 2 4 0 3 2 3 0 0 4 0 0 3 4 0 3 3 2 1 2 2 0 4 0 4 1 3 1 3 0 3 5 0 5 1 4 0 5 1
3 3 2 3 0 5 1 0 0 3 4 3 5 2 2 5 0 1 1 0 3 4 1 3 0 0 5 4 5 3 2 5 0 5 2 0 5 1 2 2 4 5 2 5 0 4 4 3 3 1
4 3 4 4 3 1 0 5 3 2 4 2 1 4 0 0 3 1 0 1 0 4 3 5 4 1 1 2 3 0 4 2 3 2 2 5 4 5 3 0 2 5 5 1 1 5 4 0 4 0
2 1 0 3 3 1 0 3 4 3 3 2 4 5 3 5 3 4 3 0 0 0 2 4 4 1 0 5 4 1 0 5 3 0 3 1 2 0 3 2 3 5 1 4 0 0 1 0 2 4
2 4 1 1 0 0 3 1 1 3 2 3 3 4 3 1 0 5 2 5 5 2 0 0 3 1 0 4 1 4 3 2 2 4 4 0 4 3 5 2 3 5 4 0 2 2 2 2 2 5
1 3 1 2 4 0 3 2 1 2 0 1 4 5 2 3 2 3 2 5 3 0 0 0 5 0 3 4 2 1 0 5 4 0 5 4 1 5 5 2 3 5 5 2 4 4 5 0 5 1
3 1 1 1 5 4 3 0 2 3 3 4 2 0 4 3 4 1 1 2 3 4 0 2 0 2 4 5 2 1 0 2 4 5 1 4 3 1 0 3 0 4 5 2 2 0 3 0 5 1
1 2 4 3 5 5 2 4 1 5 0 4 4 1 1 4 1 2 5 1 0 5 4 0 5 0 0 0 4 5 3 2 0 0 2 2 1 3 5 5 3 3 5 0 4 5 2 1 3 2
5 5 3 4 0 3 1 2 0 2 0 4 3 0 0 1 2 2 1 4 0 4 0 3 4 3 0 1 0 1 1 1 2 3 3 5 1 0 5 3 5 5 5 5 3 2 2 0 4 3
5 4 4 5 3 5 2 5 5 0 0 0 2 1 3 4 3 3 5 5 2 0 3 2 1 1 1 0 5 4 4 2 0 0 3 5 0 2 1 1 3 5 2 1 0 5 2 5 5 2
3 3 5 4 0 2 0 2 5 3 4 1 2 4 3 4 5 4 0 0 2 3 0 2 0 0 3 1 0 4 0 0 1 4 2 3 0 4 1 4 5 2 5 2 0 0 4 1 5 2
2 0 4 0 1 1 1 0 2 4 4 1 2 4 0 5 3 1 5 3 5 2 4 1 1 4 1 2 5 0 1 3 4 1 1 5 4 5 5 2 5 4 4 2 4 1 4 0 2 2
1 0 5 3 1 5 5 0 2 2 2 3 4 2 2 3 2 4 2 3 3 4 4 2 5 4 2 3 1 3 0 4 5 5 5 4 5 1 1 5 4 5 5 1 1 5 4 1 1 5
5 0 5 1 0 0 1 4 1 4 0 2 0 3 1 2 1 5 4 5 4 0 4 4 3 5 4 0 3 0 0 0 0 2 5 4 5 0 5 5 4 1 1 2 1 3 4 4 0 0
5 0 2 3 1 3 3 5 2 3 5 1 3 2 5 5 1 4 0 1 0 4 4 3 3 4 5 3 4 1 2 0 0 4 5 1 2 1 1 3 5 4 3 1 4 4 1 0 3 4
1 0 1 0 1 3 0 4 1 4 0 3 5 0 1 1 0 2 0 4 3 2 4 2 0 4 5 3 3 3 2 3 5 0 3 3 2 2 4 1 4 4 0 3 0 5 5 0 3 2
1 4 2 3 0 1 5 3 3 2 4 3 3 4 4 0 0 2 1 1 2 4 5 4 0 2 4 2 5 3 3 1 2 3 0 3 2 1 3 5 0 3 5 5 3 2 2 2 0 3
3 1 0 4 0 4 2 3 5 5 0 5 2 3 3 3 3 0 1 2 4 4 3 4 2 1 4 5 5 1 3 4 0 5 2 0 5 3 4 3 3 4 4 4 1 3 4 1 3 2
4 5 4 4 4 4 2 2 5 5 4 4 5 4 3 0 4 3 1 4 4 4 0 4 5 4 1 4 5 1 2 0 2 5 5 5 0 2 2 2 3 1 4 3 1 2 3 0 5 3
5 3 1 1 1 2 4 3 2 0 5 4 1 0 3 3 0 0 5 3 2 0 0 4 0 4 4 2 5 3 2 4 4 5 1 1 5 0 0 4 0 4 1 1 1 5 3 4 0 0
5 4 3 2 2 4 2 0 1 2 0 0 0 0 0 4 5 3 1 0 3 2 2 0 4 3 3 5 3 1 5 3 0 2 0 2 3 0 0 2 4 4 1 4 2 0 2 2 0 3
3 1 5 1 4 2 5 4 5 3 5 4 5 0 0 5 2 3 4 2 1 2 4 2 0 5 1 2 1 5 4 1 1 2 1 5 0 5 3 0 1 3 3 1 4 4 5 2 4 1
0 2 3 1 4 2 4 5 1 5 4 5 0 1 3 5 0 5 0 1 1 2 2 1 4 4 4 0 2 3 5 3 0 3 3 2 0 2 5 1 0 3 4 3 5 1 0 4 0 3
3 0 4 3 2 2 3 0 1 5 5 3 0 4 0 4 4 1 2 4 4 2 5 3 5 5 3 4 0 0 4 2 0 4 4 5 1 5 4 3 0 0 2 4 5 2 0 2 4 2
1 5 2 5 1 1 3 2 4 5 1 1 1 3 2 5 4 0 0 1 1 5 3 4 3 3 5 5 1 4 3 1 2 5 5 2 1 3 5 1 0 2 0 5 5 1 0 5 4 5
1 2 2 0 0 2 1 1 0 2 2 4 1 2 1 1 3 0 2 2 5 0 0 3 4 0 1 2 3 1 0 2 4 2 2 2 4 5 1 4 4 0 3 0 2 1 0 0 4 2
2 5 1 4 5 1 5 1 4 1 3 0 2 4 3 0 4 4 5 0 4 3 5 1 2 4 3 4 1 1 5 5 0 3 4 2 2 3 5 5 1 5 3 5 0 2 4 0 2 0
3 0 0 0 5 4 5 3 4 3 4 0 4 4 4 1 2 4 2 1 1 1 2 2 1 4 0 2 0 4 1 3 1 5 2 3 5 2 4 0 2 3 4 4 4 0 4 1 5 0
3 0 0 2 0 4 3 2 1 5 3 0 0 1 5 5 2 1 3 5 1 0 0 1 3 1 1 0 3 5 2 3 5 3 3 5 4 2 3 0 2 0 0 4 1 2 0 4 4 3
3 5 3 2 1 5 1 2 0 1 3 0 3 2 1 0 2 3 0 3 3 0 5 1 1 5 3 0 0 5 5 2 3 2 2 5 2 2 1 3 1 0 4 4 3 5 2 0 0 3
4 0 2 5 2 1 4 0 3 5 3 3 3 4 0 0 2 4 3 4 0 2 1 0 0 2 0 4 0 2 0 0 5 1 5 1 0 3 4 5 1 5 2 4 2 1 2 5 0 4
0 0 2 5 0 4 3 0 5 0 0 3 1 1 2 4 1 3 3 4 1 1 5 2 4 0 5 5 3 4 2 4 4 2 2 0 1 1 5 1 0 2 2 0 2 3 0 2 5 0
