100
14 9 17 3 214
6 7 9 1 208
5 7 18 17 216
5 18 8 3 193
5 3 18 10 214
1 15 9 14 209
6 7 10 20 221
14 3 7 8 201
18 14 12 9 193
10 1 6 19 205
15 20 2 15 186
7 20 2 7 186
3 9 13 9 181
10 4 17 1 184
20 8 9 3 209
18 11 2 2 205
20 15 14 13 183
5 4 12 15 225
10 9 13 8 198
2 18 16 18 176
8 5 11 8 178
14 17 10 5 206
11 2 12 5 203
7 16 15 1 182
17 18 13 16 201
5 5 1 1 187
19 19 14 13 176
16 14 16 5 187
4 10 11 1 179
6 8 18 8 225
13 15 14 15 203
4 6 4 1 185
18 20 15 13 208
3 13 8 13 201
5 19 20 18 224
15 12 11 5 189
20 7 9 4 199
17 10 5 11 222
6 9 12 8 175
6 15 4 5 223
17 8 17 11 182
19 2 19 7 208
6 2 18 12 219
5 9 7 8 195
20 7 16 11 194
19 1 4 19 217
4 16 13 15 209
20 11 5 1 225
5 18 20 14 204
6 6 18 13 185
4 5 19 13 199
10 14 13 14 218
7 9 14 14 197
7 14 9 16 196
19 3 2 18 184
14 5 19 1 225
5 16 6 6 175
18 3 9 19 182
9 5 5 16 182
11 7 18 15 223
16 12 8 9 179
11 17 14 16 179
15 16 6 9 223
20 20 10 20 185
16 10 6 3 179
17 8 14 7 186
13 6 17 20 180
15 20 9 2 181
13 12 16 7 183
9 1 9 16 179
12 19 4 16 213
10 10 15 18 224
12 13 17 7 198
5 3 13 4 198
4 20 11 17 196
14 3 6 10 223
2 2 20 20 176
12 1 5 16 194
8 8 8 15 193
10 7 20 10 223
9 1 3 18 192
2 7 9 19 196
11 1 18 4 209
19 6 17 16 188
8 1 7 8 188
8 14 1 10 196
1 10 17 7 210
7 11 11 4 220
2 6 18 17 175
17 12 3 10 203
2 5 3 9 218
1 11 8 10 182
10 1 17 9 223
13 17 10 14 215
11 1 7 16 199
18 7 2 17 200
14 19 18 11 203
15 15 9 8 190
14 13 10 10 179
9 13 15 10 221
0 9 4 10 8 2 10 1 0 9 0 10 4 6 4 4 6 10 6 2 0 0 4 1 1 8 3 5 2 3 10 10 1 0 2 7 8 2 2 5 0 1 7 2 5 10 9 9 9 1 1 0 7 5 4 9 0 0 9 8 7 8 4 5 10 0 1 2 2 6 6 9 6 10 1 9 1 3 10 10 0 9 6 6 0 3 10 8 10 10 10 4 5 2 10 1 3 8 1 7
1 0 5 5 7 7 3 3 4 10 6 8 8 2 1 10 10 4 3 1 9 2 10 3 8 4 6 0 8 2 7 3 10 10 7 8 7 0 2 5 8 2 8 4 7 9 3 4 10 5 4 0 0 5 1 7 8 7 4 2 8 1 0 6 2 7 7 5 3 4 0 3 9 3 8 5 2 4 10 0 3 1 8 10 5 10 2 10 3 4 3 1 9 7 4 1 4 3 8 10
4 0 0 5 0 5 7 1 4 2 9 10 7 3 5 5 3 8 0 10 6 5 9 8 6 1 10 7 2 7 5 1 2 9 0 9 2 7 1 9 3 10 4 4 10 9 8 0 1 3 5 6 7 0 9 2 7 7 6 2 1 2 8 10 4 2 8 3 9 9 2 1 5 3 10 1 6 3 8 5 10 3 2 9 5 4 7 7 5 9 5 8 0 3 0 1 7 8 10 4
8 9 1 0 8 4 0 0 5 4 1 8 0 7 0 4 3 9 7 6 2 0 3 1 5 8 4 5 5 2 5 8 1 9 5 2 7 6 0 0 1 9 4 1 8 1 0 4 10 3 2 1 0 9 5 5 9 6 7 9 7 9 4 6 10 4 6 0 10 10 2 9 6 0 4 1 10 7 10 4 2 0 10 4 4 4 1 1 6 3 5 5 0 3 5 10 10 5 10 5
4 3 3 2 0 5 4 9 7 1 2 1 4 5 7 2 4 4 4 1 10 3 7 9 7 9 3 9 1 5 7 10 1 3 10 1 10 5 2 5 2 3 7 4 8 7 2 0 10 1 6 10 2 3 7 6 1 3 7 4 9 4 5 7 9 5 8 4 9 3 10 10 3 2 0 2 6 5 10 0 4 4 1 2 10 1 10 1 1 10 4 8 0 0 3 0 6 3 8 1
4 9 2 4 9 0 0 9 9 9 5 1 8 4 2 7 2 9 1 2 0 4 1 3 4 3 10 10 4 2 5 2 9 7 7 1 4 5 10 7 3 0 8 0 7 8 4 9 2 10 0 1 1 4 0 3 1 4 9 0 4 2 5 5 6 4 3 8 0 0 9 10 6 5 9 3 8 10 9 4 9 10 10 6 5 8 10 1 3 1 8 8 1 10 7 10 1 9 4 0
5 0 3 0 0 8 0 8 0 1 1 2 1 1 2 8 10 1 4 7 6 8 10 0 1 9 7 4 6 10 3 5 5 5 7 6 8 0 5 8 10 1 9 10 5 9 10 7 5 0 3 0 6 4 1 6 3 0 6 3 4 2 5 6 4 4 5 1 8 2 6 7 9 7 3 4 1 9 6 10 4 8 3 8 10 8 9 7 3 7 5 6 10 0 0 3 0 10 0 5
3 6 0 6 0 2 8 0 9 4 0 7 9 9 9 4 5 1 1 6 5 2 0 7 0 3 5 6 1 9 7 7 6 2 5 3 6 1 5 10 4 7 1 4 5 4 2 7 2 1 8 7 5 3 8 3 10 1 9 2 6 3 6 10 4 2 6 7 0 7 6 9 7 10 3 10 4 3 8 10 6 1 6 1 4 9 0 0 5 10 1 2 1 0 4 8 2 3 8 0
8 2 0 1 1 4 10 7 0 6 4 6 3 0 4 5 10 6 5 8 9 5 8 4 6 7 3 7 0 1 2 10 9 6 6 0 0 2 0 3 10 6 2 0 2 10 8 2 10 4 2 0 4 10 1 2 5 3 3 1 9 6 3 10 2 9 5 0 8 8 6 0 1 7 1 1 2 5 2 8 2 9 2 9 10 4 8 2 6 0 8 5 1 3 9 6 4 9 10 1
2 8 5 6 9 5 4 0 7 0 2 8 6 7 6 6 2 9 3 8 6 2 7 0 5 5 10 10 1 10 6 0 3 4 7 8 4 9 1 6 3 1 2 1 2 3 0 8 9 10 2 0 10 2 3 6 3 8 8 10 4 4 8 9 8 10 9 5 9 6 8 5 3 6 7 10 7 7 4 8 7 2 1 9 7 6 10 5 2 2 4 3 2 8 7 10 0 7 3 3
4 6 0 0 4 7 1 4 4 8 0 5 2 7 7 3 8 0 1 2 0 9 4 3 7 8 10 10 8 6 3 4 2 3 8 3 0 5 7 9 3 9 2 5 4 2 3 8 4 4 6 10 7 2 10 0 2 0 8 5 4 0 6 1 5 4 0 3 6 9 1 5 1 5 3 8 1 0 10 0 9 8 4 2 9 0 6 1 2 8 4 2 1 8 8 0 6 4 6 2
6 9 3 7 6 1 4 5 5 0 5 0 5 5 3 9 6 0 4 5 6 8 6 5 5 9 0 2 3 0 7 1 10 6 5 2 3 2 6 2 7 0 7 6 0 6 2 2 9 5 8 3 3 10 7 4 10 2 8 8 2 7 7 8 10 5 10 3 9 5 1 1 7 3 2 7 1 2 5 5 6 6 1 3 6 5 3 10 9 4 8 2 6 10 1 5 9 9 7 4
4 6 9 10 10 4 6 1 3 1 7 6 0 7 6 1 2 8 0 4 8 6 7 6 7 2 5 8 10 0 6 10 5 10 0 0 4 3 5 7 2 6 4 1 1 3 8 6 4 4 6 9 8 7 2 8 4 7 5 0 5 8 7 5 1 7 1 4 9 0 2 1 0 1 1 3 6 6 3 9 4 3 6 8 8 10 7 8 3 4 9 9 10 7 2 5 6 1 9 8
0 3 4 1 4 2 2 0 10 1 8 9 10 0 2 3 9 0 0 0 6 6 5 0 6 5 1 6 3 4 9 6 9 0 6 4 7 3 1 10 10 3 1 6 0 3 4 6 10 6 6 6 5 1 9 3 7 5 5 5 5 8 8 10 7 1 9 0 0 5 6 5 1 7 2 0 5 0 10 10 10 2 8 4 3 8 2 4 0 7 2 5 3 2 0 5 1 7 6 10
7 5 1 8 8 2 2 6 9 9 2 4 2 10 0 2 8 6 3 3 9 9 0 8 7 5 2 1 2 7 9 6 8 4 1 3 7 7 8 10 10 7 6 7 0 5 2 1 7 2 1 6 8 0 4 0 3 4 10 9 4 2 5 9 7 3 10 4 4 8 8 1 5 10 10 5 9 4 3 10 1 1 9 9 10 8 1 5 4 5 1 4 10 1 6 5 5 8 6 3
8 10 6 6 2 8 10 6 3 9 4 4 5 8 5 0 9 4 5 4 10 9 4 2 2 3 10 5 3 9 9 8 4 9 4 10 3 1 3 6 0 9 9 10 7 9 3 1 6 2 10 2 2 6 6 4 5 7 3 1 4 2 0 8 1 9 4 10 1 2 4 3 0 8 9 0 7 1 7 10 1 0 2 3 9 6 7 6 6 4 2 8 9 5 7 0 3 0 2 6
4 8 1 10 8 6 0 5 1 5 1 2 5 1 7 1 0 1 8 3 7 7 10 10 10 1 7 4 0 3 1 2 6 0 6 4 5 1 0 3 3 1 3 8 9 4 4 2 8 0 6 1 0 6 2 5 0 8 0 8 6 2 5 8 3 9 6 9 4 6 7 10 6 10 8 4 2 2 7 8 4 7 10 10 6 7 6 10 9 9 0 6 5 10 5 10 0 3 9 2
3 2 9 4 6 2 0 2 6 10 6 0 5 10 3 0 9 0 4 2 4 7 2 10 5 3 2 1 10 3 6 3 3 3 9 4 1 8 0 0 0 6 6 7 4 10 8 3 10 8 6 1 3 5 1 0 6 3 4 6 6 6 0 1 2 9 6 3 7 8 3 5 3 0 10 2 6 1 7 3 8 5 7 5 5 5 10 7 7 1 3 2 0 9 6 0 3 8 10 10
7 3 5 5 5 6 2 1 10 6 5 2 1 9 10 10 10 3 0 1 6 2 0 2 3 1 5 1 0 2 8 2 5 6 7 6 3 0 8 5 0 6 4 7 6 0 8 9 5 9 2 2 10 8 8 1 9 8 1 5 6 3 0 8 5 10 1 1 7 3 5 2 1 0 5 6 7 9 5 2 2 8 3 10 3 2 9 7 6 6 6 8 3 8 4 3 4 3 7 10
10 10 0 9 3 6 8 8 8 1 4 6 0 5 8 5 0 1 9 0 2 9 1 2 2 7 4 1 3 9 0 10 7 1 6 9 10 2 1 0 0 1 8 0 0 9 3 7 6 9 5 3 0 3 4 10 0 6 9 0 6 8 8 6 7 8 8 8 7 1 6 6 3 4 0 3 7 3 7 0 8 5 5 3 1 8 2 8 8 4 5 9 4 9 5 8 5 6 10 8
10 3 1 4 2 4 3 5 0 6 0 2 10 6 7 10 7 9 4 10 0 2 4 10 0 5 10 10 8 4 5 5 1 8 5 5 8 6 5 4 9 8 9 8 9 0 10 4 2 9 4 0 7 0 4 4 7 2 0 9 8 10 2 1 4 5 8 0 10 5 5 9 4 7 9 3 10 4 4 6 10 6 8 0 3 0 1 3 9 8 2 7 10 7 5 9 0 4 1 9
0 2 10 4 7 10 4 3 9 8 8 8 9 7 3 9 6 7 3 10 0 0 9 6 0 6 8 5 3 1 8 0 5 4 4 2 2 9 3 9 6 3 0 2 1 4 2 4 1 8 6 6 0 8 6 10 5 9 10 8 10 3 7 8 10 1 6 8 5 10 3 2 4 6 5 0 9 10 5 7 0 1 0 5 8 4 7 10 5 10 6 8 10 0 8 1 8 0 3 4
8 6 5 7 1 8 7 1 10 7 6 0 7 4 10 3 3 2 4 7 4 0 0 7 4 4 1 0 7 8 0 10 9 4 2 9 1 0 6 0 2 9 4 6 8 5 8 0 4 7 10 5 7 8 8 10 7 6 4 2 2 7 2 5 1 7 4 2 5 9 7 1 4 1 5 10 8 7 8 9 10 0 7 0 1 0 9 6 4 6 10 9 0 8 0 1 8 8 5 7
1 6 10 8 1 10 1 10 7 8 8 1 2 4 7 1 10 4 3 10 7 7 1 0 3 1 4 2 2 9 2 6 9 9 4 9 7 7 2 7 6 2 2 7 9 3 2 8 0 5 2 1 3 9 5 10 5 2 1 0 5 4 8 1 3 3 9 7 5 2 10 2 8 1 10 5 7 5 8 4 0 6 1 4 9 10 3 10 6 6 7 10 2 0 9 8 2 10 1 6
2 3 2 10 10 8 3 2 8 0 0 1 8 9 10 3 1 1 5 4 5 2 8 5 0 0 9 3 2 1 3 0 7 10 10 0 9 2 3 0 9 8 6 10 6 0 8 2 8 7 8 4 4 6 9 9 1 5 10 7 9 9 4 2 2 6 10 6 2 9 0 3 0 0 3 10 7 9 7 10 4 1 5 5 1 10 6 2 3 9 3 9 6 9 3 4 3 5 0 9
10 8 0 6 0 9 9 10 4 2 3 5 2 0 4 5 5 4 2 4 3 7 9 0 10 0 6 0 9 0 4 2 5 7 4 1 0 7 0 5 10 3 8 2 7 7 10 1 5 7 3 8 8 6 2 6 6 8 8 5 3 0 5 9 1 5 3 6 5 8 1 5 7 10 4 8 9 5 4 1 0 9 5 2 8 8 10 9 3 3 9 7 9 2 1 2 2 7 4 2
4 0 3 0 2 10 9 9 2 0 10 10 0 7 7 4 3 4 6 1 3 1 8 8 1 9 0 1 1 9 6 5 5 0 10 8 4 10 10 9 2 6 6 3 2 3 2 8 0 4 9 5 0 2 4 8 8 5 5 0 7 3 6 7 4 4 0 1 2 8 2 8 1 3 7 5 6 0 10 4 2 5 6 2 8 6 6 0 6 5 0 7 5 0 10 0 9 8 1 7
1 9 9 10 5 8 8 3 1 2 10 4 3 4 3 6 3 5 0 0 10 3 8 6 6 4 7 0 3 7 9 5 8 0 10 2 7 1 0 9 0 3 5 2 1 6 4 8 0 4 7 8 0 5 3 3 0 1 2 5 9 7 3 6 0 0 6 3 1 0 3 7 9 8 1 9 5 5 3 3 4 4 4 0 7 5 10 3 0 5 9 4 0 5 2 3 4 7 9 5
2 9 9 4 8 4 0 10 9 8 6 3 5 10 9 8 4 2 5 5 3 0 5 2 9 9 5 1 0 0 4 2 8 4 2 4 6 1 7 6 5 10 4 3 8 5 10 10 0 9 7 0 2 1 3 2 6 1 0 6 4 0 6 1 9 8 2 3 6 9 9 4 4 7 4 9 0 10 4 4 8 5 1 10 6 6 9 10 6 2 4 7 6 5 7 5 4 4 5 7
2 5 7 2 5 3 1 3 4 9 3 4 8 0 8 5 9 4 6 9 6 4 6 2 0 3 1 2 3 0 6 9 4 3 8 6 4 7 8 1 2 4 10 9 4 2 4 6 9 7 1 6 3 6 5 5 0 0 9 5 1 7 8 4 2 9 6 10 8 8 10 2 4 4 8 4 3 10 7 5 8 4 1 6 9 4 1 8 2 4 0 8 6 9 9 6 2 3 4 5
1 9 5 1 1 3 7 5 8 4 7 7 5 6 4 4 6 6 0 3 8 5 8 0 5 10 4 1 3 9 0 0 4 0 2 2 3 6 8 9 7 4 4 6 2 1 1 2 7 8 4 8 9 8 8 9 3 5 10 1 0 7 9 0 8 1 2 9 5 3 4 8 4 8 8 8 1 2 4 2 1 8 8 8 6 8 0 5 8 5 8 4 2 1 5 1 5 2 5 1
10 5 0 10 6 5 10 0 1 6 9 7 6 1 0 0 8 7 5 1 9 4 2 6 3 2 8 7 4 0 2 0 7 8 0 7 4 5 2 7 5 4 6 2 8 3 5 10 4 8 6 4 5 8 0 7 1 7 6 4 7 5 9 1 6 1 4 7 4 6 8 5 10 3 9 1 8 2 2 2 5 5 3 3 4 0 0 8 3 2 1 10 2 9 0 2 8 5 6 7
0 5 4 7 8 4 10 6 8 7 4 7 4 10 9 1 9 7 9 9 3 5 0 8 10 10 5 8 7 1 3 9 0 0 6 1 0 10 5 1 2 1 3 9 1 5 5 3 10 10 1 8 2 2 3 7 2 1 3 9 10 8 10 2 7 5 8 1 8 6 1 8 1 7 3 1 9 3 8 5 7 3 0 9 7 7 7 5 1 0 3 8 7 10 6 10 0 3 1 10
9 7 8 6 5 3 8 8 4 1 9 5 3 5 0 1 0 8 7 6 7 10 4 8 6 1 9 2 5 6 3 5 3 0 6 8 5 6 1 9 10 5 1 1 2 2 2 4 0 0 0 5 2 0 4 9 10 5 3 2 8 9 7 7 0 4 2 3 8 8 5 4 8 6 9 4 2 6 10 2 4 9 5 8 7 0 4 6 5 2 5 0 1 4 1 5 1 0 2 10
3 2 4 6 10 8 6 10 7 7 2 2 7 5 6 6 1 4 10 3 9 7 4 3 2 3 7 3 1 7 1 9 8 4 0 0 7 9 4 4 6 4 10 9 0 6 10 4 9 7 1 5 2 9 7 8 7 1 1 8 10 2 5 1 8 10 7 9 10 1 0 7 9 7 7 9 9 3 6 9 9 6 5 8 1 9 0 7 0 9 9 1 10 2 8 9 0 6 9 6
5 6 7 4 6 8 10 10 9 3 0 1 9 3 5 7 7 2 9 4 7 6 4 0 0 4 8 4 8 0 10 9 5 8 2 0 2 4 5 6 10 6 7 9 8 9 8 2 10 6 6 8 6 2 6 1 9 9 3 3 5 9 3 7 6 0 1 7 4 9 10 0 10 0 3 8 2 10 7 10 3 5 7 7 6 9 6 1 2 2 7 4 5 10 1 3 4 0 6 9
1 8 10 7 1 8 3 2 6 5 8 6 9 9 9 10 6 3 5 10 10 4 10 0 10 5 1 5 4 7 5 9 9 6 9 2 0 2 10 3 5 5 9 4 5 2 7 9 10 1 5 0 0 1 1 0 1 3 6 4 0 4 8 5 5 2 10 9 4 8 3 1 2 2 1 4 8 8 9 3 8 7 5 10 8 6 6 2 3 7 3 7 6 0 4 6 3 10 6 7
3 8 10 2 1 2 4 5 8 2 7 6 5 9 0 9 3 2 6 9 5 10 2 9 9 7 4 3 10 4 4 5 1 6 8 2 6 0 3 6 7 3 9 1 7 0 8 2 7 5 6 0 1 5 0 8 5 5 3 2 5 0 9 3 1 0 9 5 1 1 4 8 7 0 7 5 3 4 8 1 4 5 1 8 1 10 4 10 6 0 3 5 6 0 0 3 0 8 10 4
9 4 6 4 2 8 0 6 2 6 6 0 5 8 9 2 4 5 3 6 9 0 3 6 1 2 0 7 9 8 2 8 7 3 9 9 4 8 0 4 4 6 4 9 10 0 10 7 3 2 9 10 8 2 1 0 5 8 4 2 1 9 1 10 2 7 1 9 7 2 2 5 4 7 0 0 6 0 3 8 10 8 2 0 4 4 10 6 2 1 1 8 5 10 2 6 2 4 1 6
4 7 10 0 10 7 9 7 7 5 9 8 3 4 5 10 3 9 1 7 1 10 5 7 0 1 10 6 5 8 4 7 10 0 0 5 5 6 4 0 3 1 2 0 1 6 0 2 2 10 4 1 4 4 4 2 0 3 7 7 0 5 8 6 9 10 4 4 4 8 8 6 0 2 6 4 8 2 7 1 6 10 0 2 3 9 3 9 8 2 8 0 5 3 5 7 2 7 1 4
2 0 3 2 3 10 9 3 6 10 2 5 8 6 7 1 6 3 4 0 10 3 0 6 6 8 5 8 4 6 0 3 4 9 6 7 3 2 0 8 0 8 4 3 4 7 9 8 0 6 9 9 5 4 5 4 1 5 4 5 7 2 1 8 9 9 2 4 5 0 6 2 0 10 4 1 4 10 5 4 1 10 1 9 4 5 5 2 0 5 4 2 8 7 6 8 6 9 8 5
2 0 8 2 1 2 10 3 1 10 10 3 1 10 8 7 8 10 5 4 9 3 3 3 6 1 7 2 5 1 2 9 8 7 4 1 5 8 9 10 7 0 3 2 10 7 1 0 0 10 10 1 5 1 4 2 6 7 10 1 10 8 6 8 9 1 9 3 9 4 3 5 10 0 4 2 8 10 10 4 3 0 8 7 0 7 5 9 0 9 1 10 4 8 3 9 2 10 1 8
2 9 0 5 9 1 3 3 5 5 4 4 4 5 7 3 2 5 3 5 0 9 5 2 10 8 6 0 5 2 7 2 9 9 0 1 2 5 6 4 3 1 0 2 10 1 2 0 2 1 8 1 1 4 10 5 7 2 4 7 6 1 4 6 2 1 8 7 2 10 9 1 9 6 8 10 1 1 0 5 3 1 8 7 10 0 2 6 9 5 9 10 4 7 6 7 10 1 0 10
8 3 2 4 2 0 6 9 9 5 1 7 2 7 8 10 1 9 3 8 1 1 3 7 3 6 4 7 5 3 3 4 1 4 8 5 10 5 8 3 8 1 1 0 7 8 10 9 3 1 7 0 1 7 4 9 5 1 0 2 3 4 5 7 9 6 10 2 2 7 4 9 3 1 1 10 3 3 7 10 10 0 10 2 2 1 2 4 1 10 0 2 2 6 8 3 9 4 6 6
9 6 6 10 3 2 3 1 1 8 0 0 1 4 8 0 2 7 2 8 8 7 0 4 3 6 9 0 8 9 3 1 0 9 5 3 3 3 8 0 3 10 8 5 0 5 2 10 3 7 1 7 10 5 8 9 0 0 5 6 7 0 10 6 2 9 6 2 8 2 8 9 0 9 10 7 4 6 4 8 1 6 4 10 3 1 2 10 2 4 1 4 3 2 10 6 3 4 10 7
2 4 9 1 3 1 8 1 9 2 6 9 0 1 4 8 7 9 1 2 7 5 7 3 10 8 0 8 2 4 3 2 4 5 8 10 0 6 8 1 4 5 1 10 8 0 6 6 0 3 2 2 5 5 2 5 5 3 4 5 10 3 2 6 8 6 1 5 9 6 8 6 6 5 3 2 1 5 4 4 2 9 4 6 7 1 4 10 4 10 9 8 2 7 6 2 5 4 8 5
2 0 0 2 10 2 0 0 10 8 9 3 4 8 8 2 4 6 2 1 8 4 0 7 2 3 0 2 8 8 0 0 8 6 7 10 2 3 10 7 5 3 3 6 0 10 0 0 6 6 5 0 9 4 4 8 8 8 10 5 7 4 3 8 2 4 8 5 9 10 10 1 4 10 3 4 7 1 2 10 0 0 10 3 6 2 7 0 5 8 3 8 2 4 1 5 10 9 3 8
6 1 3 10 2 1 5 8 6 3 5 6 8 3 2 1 8 9 0 10 7 8 4 6 4 5 5 4 0 10 1 8 7 2 7 4 5 6 6 6 2 2 10 4 8 1 7 0 2 4 2 3 6 5 0 8 10 5 3 7 8 9 9 6 10 7 7 7 0 5 5 1 4 6 3 7 9 9 10 1 0 3 1 0 3 6 10 7 5 7 9 5 6 6 6 10 10 8 8 4
6 9 0 4 6 4 8 0 1 9 9 9 10 2 3 9 10 9 0 1 6 0 10 6 0 5 10 9 2 7 3 5 7 0 3 9 9 4 2 10 8 7 10 0 9 10 7 5 0 7 9 1 0 0 5 2 9 4 10 10 3 3 1 9 4 4 6 0 10 2 4 2 7 7 4 7 7 1 0 5 2 0 3 4 10 0 7 8 9 4 6 6 0 5 9 3 8 7 10 3
5 3 4 6 4 10 5 6 8 10 3 7 10 6 10 2 9 6 7 7 1 5 7 7 8 7 6 1 0 0 1 6 9 10 5 0 3 5 4 10 2 4 7 7 7 9 9 5 5 0 9 8 0 1 2 3 1 9 5 9 6 7 10 10 1 9 9 1 9 7 1 9 4 5 2 4 3 1 7 2 6 3 7 4 1 0 5 5 0 8 8 2 3 2 4 7 4 10 10 0
9 4 2 0 4 10 9 4 2 8 8 4 1 6 7 3 5 1 7 10 0 4 0 8 0 0 2 3 0 10 5 2 2 6 2 3 7 0 4 7 9 8 7 10 7 6 8 5 1 2 0 5 8 1 10 4 4 10 6 2 5 10 3 2 3 10 0 9 10 4 0 5 4 9 10 3 1 3 1 7 10 6 3 0 4 8 4 2 3 3 1 2 5 3 10 1 10 7 10 3
4 9 1 3 3 6 2 5 7 0 9 2 0 9 10 4 8 5 8 1 0 9 2 3 0 10 3 2 2 5 10 10 7 2 2 8 4 4 1 2 2 2 1 2 10 3 0 2 1 7 8 0 1 5 2 2 10 6 4 10 1 4 8 0 1 2 3 10 6 8 8 0 3 0 4 7 5 2 6 10 6 9 4 2 2 2 5 1 8 4 6 5 8 8 2 9 4 5 7 8
2 0 2 6 9 7 4 5 0 0 7 0 5 6 9 10 2 5 10 5 3 9 7 1 8 3 7 0 6 10 3 5 2 8 5 4 0 3 8 6 5 3 4 3 2 1 9 10 7 3 4 7 0 9 8 2 9 3 9 6 2 0 7 6 4 7 1 2 3 1 7 1 6 3 7 4 9 10 0 6 6 5 8 3 7 3 10 10 3 0 10 8 6 2 4 0 10 0 7 0
6 6 2 4 3 8 3 5 5 6 9 1 7 5 6 10 5 4 3 3 2 5 3 6 3 10 8 8 5 6 5 6 0 8 8 2 2 1 4 3 6 4 2 6 7 1 8 10 5 7 10 7 6 0 10 10 1 4 6 0 2 5 8 8 3 5 3 9 2 7 2 8 8 10 9 5 6 2 8 1 7 8 6 9 10 3 4 4 0 2 1 2 2 9 6 0 2 9 1 1
6 5 2 0 6 3 6 8 6 9 3 1 10 5 8 8 7 10 5 0 5 0 4 3 2 3 5 6 9 7 9 9 6 8 10 1 6 3 8 9 3 2 10 0 10 4 1 4 9 1 8 8 4 4 0 6 10 1 5 8 1 7 10 7 9 10 10 3 1 6 9 1 6 2 4 1 4 6 4 8 5 9 4 9 4 8 10 0 0 8 4 2 10 6 1 6 7 6 1 8
2 10 3 3 5 0 2 6 3 0 5 0 7 5 1 9 4 4 1 5 7 0 4 8 2 6 1 3 3 4 5 2 5 7 4 5 1 10 9 4 10 9 0 1 9 6 9 9 0 5 3 1 10 3 3 0 3 4 0 4 4 3 4 1 10 10 1 10 2 5 1 8 2 8 5 5 7 9 2 5 5 10 8 10 5 5 5 4 10 1 6 7 0 3 1 0 2 6 3 3
2 2 0 2 4 8 0 3 1 3 5 5 5 2 4 5 9 3 9 4 3 2 1 5 4 0 0 4 6 10 4 6 2 6 1 3 10 6 7 0 0 1 3 9 7 0 4 10 8 5 7 2 5 3 3 7 0 5 6 7 1 1 3 10 7 10 3 5 10 1 8 8 3 7 4 10 0 1 0 5 7 10 10 5 1 5 7 9 4 3 5 4 4 9 3 2 0 3 10 0
2 2 6 3 8 7 3 10 9 3 8 8 10 3 0 0 5 7 1 5 1 1 3 1 8 9 8 8 3 8 7 4 7 5 8 2 7 2 0 5 3 0 6 2 0 1 5 5 9 2 5 4 6 1 2 9 1 0 0 6 6 2 6 7 1 5 5 1 1 4 3 1 10 5 2 7 0 9 8 0 1 10 9 7 3 6 10 7 8 7 4 4 4 10 3 0 8 0 10 9
8 10 9 8 1 7 5 2 3 1 5 3 3 0 3 6 1 4 8 3 7 6 5 9 5 8 0 8 7 10 4 5 1 3 5 1 3 6 6 1 10 0 7 2 5 7 10 9 6 1 6 1 7 6 9 4 3 10 0 2 8 5 9 8 0 3 0 0 3 6 8 7 3 2 1 2 4 9 3 8 7 5 8 4 9 2 0 7 2 7 9 6 4 8 10 2 8 2 10 1
3 3 9 1 7 3 10 7 6 6 0 4 10 5 4 10 9 4 3 2 8 4 2 2 10 7 9 7 0 6 3 9 10 4 6 6 1 1 7 9 8 9 9 4 1 1 3 0 4 5 7 3 7 0 6 4 3 6 7 0 3 1 9 7 7 8 3 2 5 8 3 4 4 7 9 0 2 0 10 5 5 8 2 2 4 1 0 8 0 4 3 1 6 6 2 0 1 2 7 4
8 8 6 8 3 9 7 8 3 4 2 3 5 6 8 0 2 5 2 6 7 2 5 7 6 4 6 4 2 3 2 9 1 6 0 4 4 6 1 10 4 9 5 8 4 6 7 10 10 10 1 9 8 1 2 7 6 2 1 6 0 7 6 10 1 1 5 10 9 6 3 3 2 3 2 0 5 4 3 8 7 5 0 8 3 6 0 9 1 3 5 3 4 3 5 0 0 8 7 0
8 2 4 10 4 10 2 8 6 4 4 7 3 10 2 2 3 7 9 3 3 9 8 4 10 10 5 4 6 10 3 1 7 6 3 2 2 5 2 7 8 7 9 3 1 0 7 1 9 1 7 4 8 9 7 0 1 8 2 2 6 0 10 9 3 10 6 8 8 8 5 1 1 8 1 5 7 6 5 2 2 9 0 8 6 5 1 5 0 6 4 8 8 6 4 6 3 7 10 0
2 1 10 8 6 7 2 10 6 7 10 0 8 9 7 0 5 6 8 4 10 8 9 4 0 10 6 7 1 5 3 3 10 4 3 9 9 10 5 7 7 3 1 5 3 5 0 8 10 9 6 4 1 0 8 9 0 9 6 5 8 10 0 2 10 0 0 0 7 7 10 8 2 4 7 5 4 4 0 5 5 3 5 7 9 4 1 4 0 4 7 10 9 7 8 6 5 4 6 2
8 4 9 9 5 1 8 8 9 6 4 1 5 0 4 8 6 7 5 0 0 1 0 3 3 9 8 2 10 2 9 8 2 0 4 2 6 0 9 0 7 3 0 3 9 10 2 10 9 10 7 7 10 7 7 7 2 2 9 9 10 5 9 0 10 1 6 10 4 0 2 9 2 5 8 0 8 1 1 0 6 10 9 5 6 6 10 6 2 6 7 9 9 4 7 0 8 0 7 5
1 1 2 8 7 6 3 6 5 9 0 9 5 10 9 6 5 2 2 7 3 7 0 7 2 9 7 8 6 8 7 9 7 3 10 1 8 8 4 10 4 6 10 1 5 9 4 4 4 10 6 7 3 3 2 5 6 9 3 2 6 7 2 8 0 1 3 8 7 6 1 9 10 8 2 7 10 5 2 9 8 0 10 6 0 10 10 4 8 5 2 6 9 10 10 2 10 10 7 7
4 1 7 4 5 7 6 2 3 9 7 5 0 6 9 6 1 2 6 10 7 4 0 8 1 9 4 7 9 7 2 4 4 8 9 8 4 9 1 8 10 7 1 2 0 7 4 6 5 2 0 9 0 6 7 2 1 6 1 7 6 2 7 8 0 0 4 9 8 7 8 10 7 5 8 4 0 2 9 8 0 10 0 9 0 8 9 8 2 5 7 10 7 2 3 8 2 2 3 10
3 4 1 10 4 2 1 0 9 6 9 0 4 0 1 3 10 7 6 7 2 10 8 9 4 9 1 9 10 0 3 0 6 4 6 5 9 6 4 8 9 10 8 9 8 0 7 8 4 7 1 1 6 10 7 9 2 7 8 3 9 1 0 8 9 7 0 8 0 5 4 3 2 10 0 6 9 0 5 10 1 2 0 8 6 3 2 8 9 7 2 4 5 2 3 7 5 10 9 10
7 8 10 1 9 1 9 7 3 8 10 6 9 4 0 7 0 9 2 0 8 10 7 1 2 3 6 3 4 10 3 7 0 5 6 8 7 10 6 4 6 8 4 9 5 7 9 7 0 6 10 4 3 10 8 5 0 10 5 2 9 8 3 8 6 3 1 0 4 1 9 5 10 8 10 0 4 0 8 2 2 8 3 7 0 5 3 9 1 5 1 10 4 3 10 10 3 6 7 9
0 6 0 1 7 4 1 4 10 6 4 0 2 2 7 8 0 7 4 9 2 3 1 7 5 5 7 1 2 8 8 7 9 1 4 1 10 5 0 5 7 2 7 8 3 7 6 2 5 8 3 2 3 8 4 3 2 3 6 10 10 1 0 0 4 4 8 1 0 8 7 6 7 8 6 8 8 4 10 10 10 10 0 5 0 10 0 1 0 6 5 0 10 1 4 6 6 8 1 9
8 7 9 7 9 9 7 1 9 3 6 4 1 10 9 3 8 9 5 3 9 4 1 1 2 8 9 8 7 6 8 4 7 3 5 3 5 1 6 8 10 0 1 6 4 5 10 9 8 4 1 0 2 1 4 5 8 1 9 2 9 3 2 3 2 6 10 8 2 0 1 1 5 3 2 7 6 2 8 4 1 6 2 9 1 0 2 2 8 7 6 5 3 8 8 0 4 9 5 3
2 8 9 9 0 1 7 1 5 3 1 10 1 2 6 9 10 7 1 10 8 1 8 10 3 1 7 10 8 3 6 6 6 0 8 5 3 3 1 6 5 5 10 10 8 0 2 1 7 2 10 2 1 4 8 0 6 4 5 7 9 6 5 6 4 6 2 6 6 9 0 8 3 4 9 3 2 10 5 10 6 10 3 3 2 5 6 9 1 9 3 9 1 8 3 10 1 5 2 6
7 9 8 4 6 1 5 1 7 3 7 1 8 3 5 2 6 10 5 2 3 5 1 8 1 0 5 9 7 6 5 10 2 9 9 10 3 8 7 2 4 4 10 6 4 7 7 8 4 10 7 10 5 3 8 3 6 1 7 6 10 9 0 9 8 9 0 6 5 4 2 0 0 3 2 8 5 10 10 8 10 2 8 6 7 0 6 1 2 10 8 5 3 3 1 10 3 10 7 6
2 8 8 10 9 5 4 7 0 7 9 1 5 8 7 9 3 3 6 1 10 6 7 4 5 9 1 10 10 2 9 0 0 7 6 5 5 2 2 3 0 3 1 1 8 5 6 10 3 4 2 10 5 4 5 2 9 3 4 7 4 8 1 8 8 8 6 3 1 2 8 5 0 0 8 4 10 0 5 9 4 6 10 2 1 8 2 7 3 4 0 5 5 6 3 1 1 5 10 8
1 3 7 10 4 2 7 0 5 5 3 5 6 2 0 7 10 7 10 3 8 7 1 1 2 3 3 5 6 2 2 3 2 3 1 8 10 8 4 8 9 3 1 6 4 8 6 8 8 8 2 7 1 3 0 5 3 6 6 3 6 3 0 0 10 7 3 6 6 3 9 3 8 0 1 0 9 1 4 5 5 3 3 1 1 5 1 9 3 5 6 6 5 0 2 3 1 4 10 4
7 5 7 5 0 9 10 6 2 5 3 4 0 10 10 10 10 7 1 8 7 4 3 2 3 1 0 8 7 1 9 9 9 9 6 10 0 7 7 7 7 1 1 0 2 6 1 2 1 9 0 0 1 7 8 3 6 2 0 7 1 3 10 8 4 5 10 8 3 9 7 6 8 7 0 7 8 1 7 2 2 3 4 1 0 3 7 5 1 8 3 4 7 10 9 1 2 2 10 3
10 4 0 8 3 3 1 10 4 1 10 9 7 3 10 1 8 1 3 4 1 8 8 2 0 4 7 10 0 8 3 10 3 8 2 6 6 10 4 7 6 0 5 8 5 7 9 1 2 6 0 9 5 6 2 8 8 5 5 5 6 7 5 6 4 2 7 9 2 4 2 4 5 7 7 0 9 3 2 0 9 5 8 3 8 8 3 0 4 3 9 6 7 8 10 7 7 3 6 6
10 6 4 2 0 8 9 7 9 5 7 7 2 4 0 1 1 9 2 0 4 4 9 9 1 9 10 6 5 8 4 6 5 9 5 7 6 0 10 2 7 10 4 2 4 5 5 7 5 9 8 1 4 1 10 6 7 1 5 6 5 10 2 3 1 7 0 3 6 4 8 6 1 8 2 4 0 5 7 4 4 7 0 3 2 5 3 0 9 10 6 1 3 0 4 1 8 5 1 6
1 9 2 7 6 1 10 6 6 2 8 1 7 1 0 1 6 9 10 4 0 2 5 5 8 4 3 9 3 3 0 8 8 6 1 5 0 7 1 3 9 3 9 8 5 6 5 9 1 2 6 3 1 8 5 8 6 1 4 0 6 6 6 1 1 5 4 1 3 0 3 5 3 3 2 4 0 0 6 9 1 9 5 2 5 4 8 6 9 8 8 8 2 6 10 8 0 2 9 9
7 10 7 4 6 8 4 10 0 6 5 3 8 2 2 8 1 7 7 1 0 6 5 2 1 3 10 3 7 8 4 10 6 1 6 3 8 9 2 4 4 5 10 6 7 10 9 2 1 1 8 3 0 9 0 4 0 5 2 8 9 6 2 1 10 3 6 9 7 4 6 2 6 4 7 5 0 6 0 9 2 4 5 6 8 3 6 7 7 7 4 0 3 3 8 8 4 2 7 0
4 8 2 3 8 10 4 6 10 1 6 5 9 6 3 3 5 6 4 7 8 10 3 0 3 6 2 10 7 2 2 5 6 1 3 0 3 7 5 1 7 0 3 6 1 3 9 10 2 2 2 4 10 8 3 9 10 10 0 2 1 5 4 7 9 7 3 4 7 6 8 1 0 3 4 1 8 7 4 0 0 9 8 6 5 3 9 9 3 3 7 8 3 2 10 6 3 0 0 3
9 6 0 7 2 3 1 9 10 0 0 3 4 1 7 9 4 4 3 6 7 4 6 0 3 1 1 10 9 2 8 7 1 0 5 1 8 2 10 1 8 4 5 4 3 2 5 0 8 0 0 10 4 2 7 2 4 6 6 6 2 4 6 10 8 3 3 0 1 8 7 7 5 5 4 3 1 2 8 1 0 9 9 3 3 1 3 5 5 7 5 10 3 9 10 7 3 4 8 6
6 6 4 2 1 4 7 1 5 7 0 1 5 5 0 9 4 8 6 5 9 7 9 4 0 6 6 5 2 1 3 8 4 2 4 7 6 5 2 0 5 3 5 4 10 7 6 2 1 8 3 1 7 5 9 2 2 6 10 1 0 4 5 10 2 10 7 5 0 6 1 9 0 7 10 3 0 9 1 9 7 0 0 0 6 1 3 1 7 6 6 2 2 1 5 9 10 10 9 5
1 8 5 8 10 3 4 3 3 6 6 0 4 10 6 0 10 4 9 3 0 9 5 9 10 9 9 4 5 1 7 2 10 10 4 9 9 10 9 1 5 1 5 8 1 0 9 4 6 6 0 0 1 8 9 7 5 1 4 2 3 6 4 0 5 3 0 8 5 9 7 3 9 6 1 5 1 1 6 3 3 5 0 7 2 6 4 10 2 5 9 8 10 1 1 6 6 0 9 1
4 4 2 10 10 9 3 0 8 0 4 0 4 4 0 1 1 9 6 10 0 6 8 3 7 9 0 5 1 6 2 7 5 3 7 1 7 7 6 10 0 10 6 7 2 2 6 1 8 9 7 1 4 10 8 10 5 10 10 3 3 3 10 8 5 5 0 4 2 9 6 1 1 6 8 0 1 0 7 7 4 10 8 0 5 3 6 0 9 9 10 7 10 10 5 6 10 4 7 10
7 1 6 2 0 8 9 2 7 4 3 7 8 5 1 4 2 4 9 1 3 10 7 8 6 2 0 5 5 5 0 2 4 8 9 9 8 6 8 4 4 5 6 10 3 3 6 9 1 6 6 0 1 1 1 9 2 7 1 1 5 4 1 3 10 3 7 5 7 4 3 3 1 7 10 0 9 0 2 10 0 6 6 9 0 8 0 5 9 8 10 7 6 0 10 8 6 5 5 10
3 6 7 8 8 1 9 8 0 0 1 2 6 8 3 7 9 7 4 3 6 0 0 6 4 1 2 7 1 0 1 1 9 4 10 3 1 7 4 0 2 9 10 6 7 7 4 8 5 8 8 7 1 2 1 1 8 5 0 1 6 10 1 10 1 10 8 6 9 4 7 8 5 7 6 0 5 7 5 0 7 2 1 9 3 0 8 9 5 7 8 4 4 4 7 0 0 2 1 2
9 2 6 6 6 9 3 5 6 6 0 6 5 0 5 5 4 4 5 5 4 6 6 8 9 9 0 6 0 4 10 5 2 7 8 0 3 10 10 2 4 3 6 4 7 6 4 3 2 10 6 9 0 9 1 0 0 3 1 0 6 10 6 7 1 9 8 5 9 3 9 2 0 10 0 5 4 3 2 5 7 5 8 1 0 1 0 0 8 9 5 1 6 6 8 6 6 5 6 2
7 3 4 3 2 2 8 3 6 2 4 3 6 4 10 10 0 9 7 7 1 1 4 7 9 6 10 2 0 0 9 5 1 7 6 6 10 2 6 1 3 7 7 2 10 4 5 0 5 3 9 5 1 7 6 6 5 1 9 1 0 5 5 10 9 1 3 8 4 0 6 0 5 4 6 0 6 8 4 3 3 4 8 10 4 6 2 0 7 9 3 0 5 0 2 5 10 9 7 9
6 3 7 0 6 7 10 3 2 2 8 6 6 1 0 0 10 4 4 10 6 8 8 5 9 8 7 0 10 7 8 7 9 9 4 6 3 9 6 8 1 1 4 5 8 7 4 7 10 1 2 6 3 6 7 9 0 10 0 3 4 3 10 4 8 2 6 4 3 0 0 5 2 7 7 8 9 0 8 8 6 4 8 3 4 7 6 4 0 2 1 9 0 9 2 0 6 10 7 3
9 4 7 3 3 9 3 1 5 1 6 4 5 7 5 10 5 3 9 0 4 1 5 10 2 1 4 3 5 8 2 6 9 6 10 9 7 7 5 7 0 9 3 6 1 10 8 0 6 3 6 6 10 1 7 8 3 5 6 6 4 3 8 8 5 9 10 6 5 7 1 5 3 8 8 10 6 7 4 6 3 6 10 3 9 0 8 3 6 0 8 3 7 4 2 7 1 4 9 1
8 5 1 8 5 4 7 10 8 10 8 7 2 2 0 10 6 9 7 9 3 8 6 4 4 6 1 3 4 9 0 8 7 1 2 0 10 3 7 4 6 2 6 8 10 5 6 0 2 6 3 0 4 2 8 10 1 2 7 0 6 10 5 4 3 10 0 0 2 6 8 6 3 3 4 4 2 5 5 5 0 2 7 9 0 2 0 6 8 5 0 8 0 0 1 7 5 6 9 5
1 7 1 9 9 2 10 2 4 6 1 5 4 7 0 0 10 2 9 4 0 1 5 3 1 9 2 10 2 6 7 2 5 10 7 0 7 0 0 0 9 9 9 7 3 2 7 3 3 5 10 3 3 0 0 5 6 10 10 10 6 0 8 5 9 5 3 0 5 0 6 10 5 3 0 10 0 10 9 7 2 1 7 8 0 1 6 10 0 7 4 0 10 1 7 2 9 0 9 0
3 9 0 3 3 10 4 3 10 3 10 4 6 7 7 1 1 6 6 3 4 2 9 9 4 6 10 3 9 6 8 10 4 3 7 3 4 10 10 9 5 8 4 7 1 2 6 7 10 2 4 10 6 5 4 1 7 0 4 9 3 6 7 9 8 9 10 3 9 8 3 2 9 7 9 4 6 2 4 6 4 7 0 4 10 6 6 5 9 2 3 6 0 10 0 0 9 5 3 8
5 7 0 2 8 4 1 6 5 8 9 6 7 3 1 8 4 8 10 0 3 4 8 4 3 0 9 4 5 7 8 9 10 3 7 3 1 6 2 7 2 2 1 10 0 5 2 10 8 7 6 4 10 2 2 9 6 6 3 4 6 8 8 4 0 9 3 10 0 6 5 8 4 5 4 3 10 6 8 5 8 10 7 5 1 1 7 2 10 9 6 3 2 0 6 2 6 3 2 5
4 4 1 2 8 8 1 2 0 8 2 9 2 3 6 5 10 6 9 1 1 5 9 10 9 3 1 8 10 6 3 8 0 5 10 5 4 4 0 8 0 1 6 10 0 1 10 4 8 3 3 3 1 1 6 7 5 0 1 10 2 2 4 5 1 7 6 6 0 5 2 5 1 2 10 1 0 3 5 5 6 1 7 7 9 8 7 2 9 8 5 5 5 5 0 4 4 1 4 3
8 0 1 10 7 10 1 1 4 9 9 4 9 1 7 9 0 1 0 4 9 9 3 8 10 5 5 9 2 5 2 1 9 1 0 7 3 9 7 5 5 6 5 8 9 3 10 3 2 9 2 8 5 5 9 5 9 3 5 5 3 3 8 2 2 1 2 1 2 6 2 7 9 1 3 6 2 1 3 8 3 6 1 2 1 4 6 10 5 5 7 4 3 6 7 0 4 4 9 7
9 2 0 7 1 3 2 2 0 7 5 1 4 5 7 7 9 3 2 7 2 9 10 8 1 4 0 7 8 7 6 0 8 1 3 8 6 6 7 8 3 10 2 10 5 9 10 5 4 2 4 10 0 7 6 4 7 9 6 3 1 1 2 2 10 4 6 8 10 7 0 4 8 5 1 10 8 1 5 6 1 5 10 6 7 2 7 7 10 3 5 5 8 0 10 1 0 6 5 8
1 3 7 6 2 10 6 0 0 5 8 6 7 0 1 1 7 2 9 9 7 5 10 8 6 0 6 0 9 2 4 9 0 6 2 7 0 10 10 7 8 2 8 7 2 10 2 4 6 2 3 0 1 4 9 5 1 10 9 0 2 7 4 10 8 9 9 1 10 10 0 8 8 0 6 10 0 9 5 0 2 9 1 10 3 6 6 1 5 9 6 8 9 7 7 1 1 0 8 8
1 10 1 8 0 1 8 9 4 7 8 5 10 10 9 9 0 7 5 9 9 9 6 6 4 0 8 0 2 3 7 5 3 7 6 4 6 1 2 7 8 2 5 1 10 3 0 4 4 8 2 3 4 2 7 2 10 8 3 9 5 9 9 10 9 6 3 9 0 6 9 10 8 1 9 6 1 2 7 1 9 6 6 10 9 9 4 0 9 9 10 4 6 5 4 0 6 0 0 0
4 10 7 1 10 8 1 9 1 3 6 2 6 3 9 10 5 0 1 0 7 8 8 4 2 4 9 3 3 10 3 9 6 2 0 4 1 8 5 2 2 5 5 1 3 7 2 10 0 3 1 1 2 2 9 3 2 3 2 0 3 10 5 7 6 4 1 10 8 9 8 4 5 9 1 9 9 5 1 1 8 1 8 0 2 10 4 4 0 4 3 6 2 7 10 8 3 6 4 0
