150
3 12 9 4 1
1 18 5 20 0
12 1 3 18 4
7 16 2 9 0
7 4 19 10 2
11 20 1 13 6
7 7 19 14 7
4 17 4 20 6
10 8 20 20 6
12 1 16 5 17
14 9 4 15 2
1 19 13 14 7
6 5 14 6 6
10 19 10 15 6
6 14 16 7 19
6 9 7 9 9
12 12 7 19 21
6 1 7 10 9
13 10 3 1 24
12 16 19 8 12
6 2 7 4 21
6 10 14 1 25
7 16 6 14 9
16 6 3 17 17
3 2 2 9 11
2 6 15 11 20
17 20 9 13 1
1 4 1 1 14
8 4 4 12 9
8 20 20 9 35
6 19 17 18 23
10 5 11 14 6
20 4 13 17 15
4 7 17 5 8
20 17 4 1 39
11 11 16 6 30
19 16 5 15 26
12 19 10 14 0
16 19 6 13 47
16 4 1 6 42
19 7 20 9 50
16 4 1 18 26
12 16 16 18 6
1 13 10 3 16
10 11 11 11 32
7 10 18 18 6
14 11 15 4 41
20 4 19 8 67
1 15 16 5 22
20 5 20 17 69
5 18 15 10 34
9 2 3 3 18
4 6 10 9 49
16 3 18 9 63
4 20 13 1 47
15 19 13 4 61
18 5 11 14 70
10 5 14 14 32
18 2 2 9 72
16 17 2 16 51
7 3 17 16 2
9 16 13 6 1
9 7 4 17 44
10 6 1 18 63
14 20 5 9 60
13 3 19 15 74
18 19 16 1 76
2 14 9 11 19
17 15 18 11 2
3 5 8 2 2
17 15 11 13 78
10 6 6 13 12
15 11 16 3 56
17 5 13 15 58
3 15 18 8 43
3 5 13 8 20
4 16 9 8 79
17 16 8 18 46
11 10 5 10 67
11 15 8 11 46
11 14 20 5 76
14 14 19 4 78
11 6 5 9 86
9 13 2 16 78
18 15 9 14 29
16 12 15 9 55
14 6 1 13 29
6 16 3 19 29
20 17 15 17 18
7 20 18 8 41
5 12 9 19 66
16 9 4 14 18
6 12 4 5 50
7 1 3 6 79
4 16 18 16 37
10 12 20 12 43
7 18 20 3 75
2 13 5 2 49
11 8 10 6 92
2 15 3 15 40
11 17 14 12 15
1 20 15 7 97
13 7 14 9 66
10 16 7 3 107
10 14 16 13 97
10 10 19 3 61
14 20 20 19 92
2 4 2 9 103
3 9 12 1 57
11 19 9 8 27
14 15 3 4 123
2 8 4 20 10
8 17 14 3 40
10 3 10 12 114
1 18 18 11 93
4 19 18 6 22
2 9 6 19 99
13 13 15 18 5
14 10 16 1 109
14 15 19 15 127
6 1 5 12 50
11 3 16 13 95
5 8 18 7 32
10 14 17 2 130
10 5 13 1 39
8 1 16 4 44
2 16 18 3 89
16 20 20 19 36
15 4 12 11 61
2 8 16 16 38
11 16 6 13 52
2 9 4 17 28
8 15 9 3 13
19 7 20 5 22
18 17 12 11 14
5 20 15 5 78
6 5 16 19 59
18 19 18 10 121
10 18 1 16 111
16 15 17 7 130
10 5 12 17 93
14 9 19 10 122
15 4 20 6 17
14 19 1 17 142
12 4 17 7 48
6 8 3 1 1
2 11 19 7 120
8 20 16 5 134
7 6 5 20 73
4 14 18 18 35
4 5 10 4 4 1 10 10 4 10 6 2 1 7 8 4 10 7 10 1 10 5 9 5 7 4 5 9 5 4 10 4 4 9 3 9 7 1 10 2 5 8 7 5 10 7 1 5 8 3 2 4 3 1 10 3 4 5 10 9 9 3 6 7 3 8 3 8 9 6 10 9 1 10 5 4 4 8 9 4 9 8 5 1 2 7 6 10 8 9 9 5 4 5 1 2 1 9 5 8 8 3 9 9 4 6 6 4 7 5 6 2 4 8 3 4 9 10 1 2 6 7 5 6 2 3 4 2 9 1 4 8 2 3 10 3 2 10 8 2 2 3 5 6 6 4 8 3 2 6
4 5 2 1 10 5 6 2 5 6 6 3 5 2 6 3 6 9 2 8 5 2 7 8 7 10 3 4 2 1 5 6 4 2 8 1 1 8 6 2 8 1 9 10 4 9 10 3 8 6 3 7 2 7 9 4 1 3 9 8 9 9 1 3 3 3 7 7 10 8 2 1 4 6 7 3 1 2 2 3 6 1 9 4 1 6 3 5 8 3 7 6 8 9 8 9 5 10 4 9 2 10 3 7 4 3 5 2 2 8 1 7 3 1 5 10 1 4 7 7 2 4 7 8 3 3 1 10 2 1 10 2 6 10 7 3 8 10 8 8 5 6 9 2 2 2 8 5 5 2
2 8 8 3 1 1 5 7 9 3 2 9 2 3 9 9 7 7 3 1 5 9 10 1 6 8 3 3 8 9 8 8 2 3 4 4 6 2 3 8 9 7 7 3 7 9 3 9 7 4 1 3 8 9 1 6 7 10 8 8 9 2 4 4 9 8 3 4 7 8 4 2 6 6 2 3 7 3 6 4 4 8 3 6 8 2 4 1 6 6 10 9 2 3 1 1 2 5 7 10 7 1 9 3 9 5 6 5 1 6 7 10 1 1 3 2 1 2 6 10 5 5 7 7 2 9 6 6 2 6 4 9 7 7 9 7 3 3 10 6 9 6 9 1 9 4 8 6 5 9
5 9 4 1 10 5 2 2 4 8 4 9 9 2 2 2 3 9 8 9 7 5 4 4 4 2 1 10 2 9 8 10 10 6 8 5 6 7 9 4 2 2 10 1 10 10 8 5 1 1 10 9 4 7 2 7 2 3 2 10 10 8 1 8 9 4 4 8 1 7 6 6 10 7 9 9 6 7 8 4 3 2 1 9 3 6 2 1 5 2 5 6 8 1 9 2 3 8 5 1 10 6 2 3 1 5 2 2 7 2 7 3 8 9 2 7 4 8 10 4 3 5 5 2 3 3 2 2 9 5 4 3 1 5 8 2 8 8 5 9 9 9 10 7 10 6 4 7 2 6
4 9 6 7 4 1 9 2 4 4 4 4 1 3 3 8 6 4 5 5 7 2 7 2 7 4 4 6 4 1 6 7 8 8 6 3 3 2 4 5 3 9 7 1 6 2 4 1 7 6 8 5 7 7 6 5 2 2 7 1 9 7 1 5 3 7 1 8 9 7 5 1 1 6 6 7 9 2 2 2 9 3 9 5 7 5 5 8 7 3 10 2 5 8 8 6 10 10 7 9 4 10 8 6 9 10 9 4 6 1 6 5 3 9 5 2 2 8 3 2 5 3 4 10 2 10 9 6 1 2 2 10 7 5 1 1 4 3 3 7 9 7 2 10 6 5 8 4 6 9
3 5 9 2 3 4 3 9 1 6 7 2 9 10 10 3 6 7 6 8 3 6 8 9 10 4 3 3 4 2 3 8 8 8 1 8 8 7 3 1 4 4 2 4 8 4 10 3 2 3 10 8 8 1 9 8 1 2 6 7 7 9 10 9 9 3 10 2 7 8 4 3 2 6 9 3 1 6 10 3 9 2 9 5 10 5 8 4 10 4 7 7 9 10 10 8 6 9 1 1 10 2 9 7 1 1 1 5 3 9 4 1 3 7 4 10 3 10 7 6 4 4 4 6 1 6 5 10 1 9 3 7 8 8 9 7 4 6 9 6 6 6 4 9 9 8 4 1 9 6
1 5 8 9 8 10 4 9 5 4 2 10 2 5 2 5 8 6 7 1 3 10 1 6 4 5 8 3 3 9 9 3 7 9 1 10 4 9 10 8 2 3 3 7 6 7 2 5 5 6 2 2 2 1 1 4 1 8 7 2 6 1 9 7 3 7 7 10 2 1 4 7 4 1 4 6 1 6 7 8 8 6 8 4 4 1 10 7 3 1 2 1 5 8 1 1 5 8 1 10 2 1 8 5 7 9 9 7 10 9 1 7 7 5 7 10 4 4 2 5 7 8 8 4 9 4 10 8 10 10 7 3 8 7 10 1 4 9 1 8 2 7 3 10 10 9 1 1 7 2
5 7 5 9 5 5 1 5 3 5 6 7 10 4 1 7 5 2 7 2 9 6 10 6 1 10 2 2 4 4 4 3 8 6 4 9 9 1 3 2 1 1 6 10 9 6 5 4 9 6 8 3 5 4 8 6 5 3 6 4 9 6 9 8 4 2 6 6 8 8 9 2 1 6 8 9 2 5 6 3 10 10 7 9 1 4 7 5 10 7 10 10 6 10 1 10 4 2 4 10 8 7 7 4 9 8 8 10 4 10 3 6 8 2 10 9 3 9 9 9 9 9 7 7 7 6 10 10 8 9 7 1 7 6 6 9 4 9 10 8 3 9 1 2 8 1 7 8 5 6
3 8 8 9 6 2 9 1 8 10 6 6 8 10 2 8 4 5 8 6 4 10 7 7 3 10 6 9 2 8 7 10 8 2 4 6 2 3 1 2 7 1 8 8 1 5 3 7 6 8 6 1 10 4 9 2 9 2 6 6 10 5 5 10 7 5 6 9 6 7 4 4 1 6 9 4 10 4 5 10 7 4 5 2 1 8 4 2 5 10 1 4 2 9 4 8 7 4 8 5 1 5 4 10 6 1 5 5 2 9 10 6 3 2 8 10 6 3 1 2 7 9 7 4 5 3 2 3 10 5 8 10 2 10 4 4 10 6 10 7 8 8 2 4 2 8 4 7 10 3
3 6 6 7 7 7 1 5 1 4 5 6 9 9 4 1 3 7 3 2 10 2 2 10 10 5 6 4 3 3 5 4 3 10 8 2 10 6 4 2 6 6 9 5 8 3 6 6 9 6 10 3 1 4 5 7 2 4 7 3 9 6 3 2 6 5 4 3 4 7 2 1 2 3 3 9 4 2 3 7 9 2 7 8 8 5 4 3 6 3 7 5 8 9 5 3 9 9 3 10 3 1 9 6 3 4 3 3 9 2 5 9 1 5 3 9 2 10 8 10 2 6 6 5 10 1 5 4 6 6 10 10 7 10 8 8 3 4 5 8 4 1 9 10 6 7 8 2 3 4
4 9 8 3 4 1 7 6 7 7 2 9 3 7 3 10 10 2 8 6 4 7 2 5 6 6 5 3 6 8 7 2 1 5 6 9 9 9 7 4 10 1 8 6 7 2 8 10 8 8 6 1 3 5 9 2 6 5 1 4 5 10 3 6 3 6 5 10 1 10 7 1 5 6 7 9 1 5 2 7 9 9 1 6 2 7 4 3 7 10 9 1 1 8 10 2 10 4 8 7 6 2 9 1 2 5 5 3 4 1 1 9 6 10 5 5 9 10 8 4 9 10 7 8 10 6 10 6 7 9 4 2 8 8 7 1 8 9 3 4 8 1 1 1 8 4 4 9 4 6
4 3 2 5 8 2 4 3 6 6 5 10 10 8 2 10 6 1 3 10 1 6 4 5 6 6 8 9 4 4 9 1 9 8 7 7 1 5 8 7 7 6 3 7 7 7 1 2 9 2 2 8 9 9 8 5 6 5 5 9 1 1 2 7 9 7 4 6 1 4 6 8 1 9 3 10 3 3 1 6 2 4 3 9 6 3 5 2 5 7 4 3 8 6 5 3 6 3 6 8 3 4 10 9 5 5 4 1 8 1 8 4 9 6 1 2 8 7 8 6 2 9 8 5 6 7 8 10 4 8 9 8 8 2 6 5 1 1 6 5 2 4 4 10 4 1 7 1 4 1
5 6 10 8 6 6 4 4 5 10 7 5 7 10 6 2 9 3 4 6 7 10 7 6 1 2 1 5 7 10 7 7 6 7 10 10 4 7 7 7 2 8 9 4 3 4 9 3 7 3 8 7 3 3 8 7 2 8 1 10 1 9 5 1 5 6 4 2 9 6 4 8 10 5 5 2 6 1 8 1 10 3 4 7 10 1 5 6 1 10 7 2 6 10 10 1 7 9 8 7 5 10 2 5 4 6 1 10 4 8 8 10 4 10 3 9 10 2 3 6 6 3 3 8 9 7 9 6 7 1 8 6 7 10 9 4 9 2 1 8 7 6 5 10 1 10 2 3 2 7
3 6 9 7 2 6 2 4 5 9 7 2 2 7 7 8 2 1 7 9 6 8 8 4 1 9 10 6 7 7 8 2 5 1 2 2 10 2 6 9 10 3 6 2 4 10 7 2 7 9 7 3 5 6 4 1 6 2 9 8 2 7 6 10 5 5 7 3 1 5 2 7 6 6 8 8 9 9 10 4 9 7 3 2 8 1 7 6 9 1 10 1 4 9 5 5 5 9 6 8 9 9 4 4 3 1 2 4 10 5 8 8 1 10 4 3 1 10 7 3 7 6 1 7 2 2 6 10 1 10 2 3 6 8 8 1 2 10 9 6 1 2 2 4 7 5 4 7 10 8
3 5 3 4 1 7 7 7 9 6 10 10 4 2 9 8 5 4 4 7 4 3 10 2 5 7 8 9 8 2 10 10 2 9 4 2 2 10 8 9 1 7 7 7 8 7 6 3 8 5 5 5 3 10 3 4 3 6 7 6 8 1 1 4 4 10 1 5 8 5 5 4 1 8 2 1 9 3 2 1 5 5 10 5 6 8 8 1 9 5 8 9 8 10 8 9 5 7 4 4 7 2 6 1 7 10 8 7 6 9 6 4 5 7 7 4 1 2 2 6 9 6 10 4 1 10 3 8 3 4 2 5 9 8 5 5 10 1 1 9 2 1 6 8 6 6 6 5 9 10
1 1 7 6 7 8 5 7 9 7 6 1 6 6 2 1 8 5 6 10 10 5 9 6 6 6 10 5 10 6 2 4 3 4 10 6 2 1 5 1 10 2 2 3 3 10 9 10 6 3 10 9 10 10 2 10 8 7 3 2 6 3 3 3 5 6 6 2 6 3 8 6 1 1 4 9 1 5 7 8 5 2 1 8 8 2 10 4 9 4 5 3 5 7 1 2 6 7 10 5 7 7 6 9 3 4 6 10 8 5 3 5 3 9 3 5 3 7 10 8 6 8 9 1 6 8 2 10 7 7 5 7 10 3 4 3 2 2 8 9 10 6 6 1 5 6 5 3 8 9
1 10 7 8 1 5 7 9 9 4 3 1 10 3 9 10 5 2 4 8 8 10 4 8 10 6 5 7 4 6 3 3 6 7 3 6 10 8 5 10 9 4 3 6 3 6 8 3 7 2 10 3 4 9 6 6 9 4 3 8 6 8 8 4 7 5 9 10 5 1 10 9 2 9 10 2 6 8 10 9 3 9 6 2 9 1 3 7 8 3 2 3 3 9 9 2 3 10 8 3 1 2 5 4 2 7 2 8 5 8 10 2 4 6 8 8 8 8 2 7 4 6 9 7 7 4 2 2 3 5 6 4 6 6 7 5 8 8 2 1 3 3 2 9 4 6 8 3 2 8
5 5 4 9 4 6 3 3 5 8 3 9 6 10 5 10 7 5 6 6 3 8 8 5 5 1 6 8 1 9 9 2 7 6 6 6 3 10 5 7 8 9 2 4 1 6 8 6 10 6 8 7 1 3 1 5 5 7 3 2 6 10 7 4 1 2 6 10 7 1 1 3 4 3 8 9 1 2 10 7 10 8 8 6 10 6 4 3 9 4 8 6 9 3 5 4 6 4 8 9 5 5 1 6 7 1 7 3 2 3 7 3 4 5 6 4 10 10 9 10 7 8 1 6 9 10 7 3 1 10 6 2 2 7 3 9 2 2 4 7 8 9 7 4 3 7 1 6 3 2
3 5 10 5 2 6 3 1 3 7 6 7 9 9 10 10 5 5 2 4 1 7 1 4 4 8 3 3 9 4 9 5 2 5 8 5 3 8 4 9 4 10 3 2 1 3 2 10 10 8 9 2 3 10 5 4 10 10 2 5 5 7 4 1 8 8 6 1 9 9 5 4 6 7 8 7 5 8 10 6 2 2 8 6 10 9 4 7 4 7 10 5 10 1 4 6 10 6 9 5 9 3 10 5 3 3 2 8 8 1 4 9 2 2 1 6 6 9 8 10 3 8 5 4 8 6 4 5 10 3 2 4 7 6 6 10 9 4 9 1 4 4 2 7 5 4 5 10 3 6
2 10 2 10 6 1 9 10 4 1 6 10 8 6 2 6 9 5 7 5 3 6 5 3 6 5 7 1 7 4 7 9 4 3 1 5 10 10 9 9 6 4 7 7 8 2 5 4 5 5 7 4 6 4 4 7 5 5 9 6 4 6 3 7 2 6 9 4 8 4 2 4 4 9 4 8 10 1 3 6 9 2 9 7 8 1 9 8 7 2 4 9 2 8 4 1 1 5 8 1 10 7 2 10 9 10 10 4 9 9 7 7 3 8 2 8 8 9 2 4 4 8 9 7 2 9 3 8 8 6 1 6 4 5 3 7 4 1 1 4 7 1 6 6 7 1 9 8 4 10
5 2 10 8 7 9 7 7 2 7 8 4 6 1 10 2 9 10 3 2 1 4 7 2 7 2 3 9 3 6 9 2 8 2 5 4 9 10 6 1 4 5 4 3 6 6 10 2 6 5 5 8 6 6 9 1 9 10 10 6 1 2 4 6 10 2 1 1 6 1 4 9 8 8 9 8 5 9 10 7 4 8 3 1 5 9 4 4 7 2 2 8 3 9 7 1 6 1 2 2 6 4 8 7 8 4 7 10 6 5 1 3 1 7 7 6 6 2 5 4 8 9 4 8 6 9 8 5 1 7 9 9 9 5 9 6 10 4 8 7 5 8 6 5 10 1 10 10 7 6
2 3 6 1 6 6 9 10 2 9 8 2 4 5 10 6 2 2 5 6 6 9 1 6 6 2 9 9 1 7 10 8 10 6 7 5 5 4 8 10 5 5 10 8 2 1 2 1 5 4 6 1 2 1 10 5 3 1 5 7 5 8 8 9 9 10 6 4 4 5 4 1 6 7 9 4 10 8 8 10 8 6 9 10 5 4 6 4 6 6 4 3 4 2 6 3 10 6 7 8 7 1 1 4 2 3 10 6 5 3 5 2 6 5 6 2 7 9 9 4 4 8 7 10 2 9 5 1 1 2 8 10 10 9 5 3 2 9 7 7 3 10 7 2 2 4 8 2 6 1
2 7 9 9 7 3 2 8 3 4 9 8 5 6 8 10 3 6 6 7 4 7 8 9 9 10 9 9 10 10 9 3 5 6 8 9 7 9 6 1 1 1 2 9 6 6 2 1 7 9 4 8 3 1 4 2 9 10 6 1 3 9 8 2 6 9 2 1 5 9 6 1 2 5 2 5 8 6 4 8 7 5 3 6 9 9 6 5 2 6 4 1 6 10 9 6 3 7 1 7 1 10 1 10 2 10 10 9 9 7 9 9 2 1 4 7 4 4 10 8 4 8 1 6 10 4 9 10 1 9 4 7 6 1 7 1 1 4 8 2 3 9 3 4 8 7 5 5 9 9
3 1 6 5 3 7 9 4 6 7 2 4 4 10 6 1 10 3 5 7 6 7 1 6 1 5 4 3 4 8 1 9 3 8 9 5 6 6 4 9 9 8 1 4 3 3 10 1 5 6 6 6 3 6 1 4 8 7 8 3 10 10 1 4 7 8 2 3 1 9 8 5 3 3 9 9 3 5 6 10 1 9 8 1 1 9 6 8 2 6 2 1 10 1 3 8 10 3 3 1 6 8 3 1 7 3 6 10 4 5 3 7 4 8 2 9 10 9 8 8 3 5 2 2 2 10 3 1 10 7 3 5 2 10 4 4 7 8 7 3 2 5 3 9 6 9 2 4 10 1
4 2 9 4 7 9 6 1 9 5 8 7 1 10 10 8 9 4 10 10 4 1 5 9 7 9 8 1 9 7 6 3 2 2 1 8 7 4 2 5 1 3 4 3 1 1 4 8 10 10 7 7 6 5 3 6 9 8 3 5 8 6 8 4 9 2 7 6 8 7 1 6 5 8 2 2 7 5 4 3 4 4 6 9 5 2 7 6 4 1 1 3 4 3 6 6 4 4 9 6 1 6 8 7 6 9 1 3 1 10 1 10 5 8 9 4 8 7 5 4 6 9 6 3 2 6 9 5 10 1 3 8 2 8 9 4 6 1 9 10 10 7 4 7 9 1 4 1 8 10
3 8 2 2 6 1 9 6 3 6 7 10 10 4 7 5 2 8 6 2 1 4 7 1 7 3 6 1 8 2 10 8 6 1 7 9 9 5 1 2 1 3 7 5 8 1 6 10 1 2 1 10 2 8 9 8 10 4 3 4 10 7 2 1 5 8 2 9 5 7 3 5 1 3 3 2 9 10 4 6 6 1 7 7 8 7 6 7 9 5 10 5 10 1 8 2 8 8 5 6 3 3 3 5 6 9 5 8 1 3 5 8 5 8 4 10 6 5 10 1 2 8 1 3 5 10 8 9 4 10 3 7 8 8 5 10 7 7 6 1 7 4 9 9 5 2 7 6 5 10
3 3 5 9 5 4 4 2 5 5 7 3 5 2 10 1 4 8 5 2 6 3 10 10 2 10 3 10 1 8 1 4 6 3 4 4 4 8 2 4 1 10 7 3 8 6 5 6 2 9 2 7 8 9 10 10 9 7 4 3 2 2 10 5 1 1 3 7 7 5 5 1 7 10 9 9 7 7 8 10 9 1 2 6 1 7 3 4 3 1 4 2 9 7 4 7 7 8 7 10 5 9 1 8 7 10 3 6 4 1 4 8 6 2 4 7 8 2 8 8 2 3 10 4 5 6 1 4 9 7 8 2 9 7 1 3 6 7 8 2 4 9 3 2 5 10 10 10 9 4
4 10 3 3 10 9 4 5 10 10 3 2 7 9 5 10 3 8 3 4 6 9 1 5 1 5 9 6 8 10 3 3 8 9 1 6 3 5 1 2 10 7 8 7 8 9 8 4 6 1 5 7 3 2 8 9 8 8 4 4 4 5 9 4 8 8 8 7 3 5 8 10 3 4 3 1 10 6 3 9 4 7 1 5 2 2 4 1 4 4 7 6 6 3 1 3 9 10 10 8 3 8 8 10 4 7 8 10 6 2 2 8 10 7 4 4 2 4 4 5 3 2 2 4 6 8 2 7 7 2 4 7 2 3 10 1 6 8 6 1 6 8 4 4 8 10 7 10 5 4
4 7 3 3 8 5 4 7 3 9 9 5 4 5 4 10 4 8 4 7 2 9 10 2 1 5 1 4 9 7 7 9 4 2 8 9 8 6 7 6 5 10 5 1 7 4 6 9 10 1 8 4 8 8 6 10 7 7 6 4 6 7 5 10 1 8 8 4 9 5 1 3 9 7 10 5 9 6 7 3 9 2 10 3 7 3 7 7 9 4 3 8 10 8 7 8 5 5 3 8 3 6 6 8 10 2 9 6 7 7 10 1 9 5 7 9 9 3 10 6 9 5 9 4 4 4 2 7 10 4 5 5 5 9 10 4 9 3 2 6 5 3 6 6 9 1 6 5 6 1
2 6 10 8 9 4 4 9 1 2 9 5 7 7 7 9 2 6 4 4 3 5 8 1 2 5 3 6 6 7 10 4 1 4 1 9 9 10 3 6 1 8 6 3 4 3 7 6 6 2 6 7 4 10 8 4 3 7 2 9 1 9 4 1 6 1 5 8 5 4 9 3 1 1 8 1 4 10 2 6 2 6 7 2 5 10 9 1 4 8 4 3 3 1 6 3 7 9 4 4 6 4 8 5 5 9 1 5 3 3 1 1 4 2 8 4 2 5 1 4 7 9 10 3 5 10 2 8 3 8 9 7 5 3 2 9 1 6 5 4 1 8 3 9 9 8 9 5 2 2
1 7 7 3 4 6 8 10 1 3 8 8 10 1 9 6 8 3 9 4 6 1 5 6 4 9 2 6 4 4 10 6 5 1 5 6 2 6 6 9 3 7 10 3 2 10 4 6 10 6 3 10 4 9 5 10 5 10 2 7 7 4 7 10 9 10 7 2 4 4 5 8 6 2 7 1 5 8 8 7 4 3 4 1 3 6 8 4 6 2 6 6 8 1 3 2 4 7 10 9 4 4 7 10 7 4 5 3 2 1 1 6 9 2 5 4 3 1 6 10 9 10 8 7 9 1 7 7 1 3 2 5 3 10 8 10 6 6 9 7 10 7 3 10 8 1 8 1 4 4
4 9 1 5 7 9 2 10 3 4 5 1 4 10 2 8 2 6 7 10 1 5 4 5 6 6 4 6 3 8 7 8 10 5 4 4 8 9 4 3 4 9 7 8 6 8 7 9 10 3 8 3 6 1 9 8 8 1 10 7 6 3 8 2 9 6 5 4 5 7 8 8 10 9 1 2 5 6 6 3 4 2 7 1 10 3 8 1 7 5 2 5 5 6 10 9 8 8 7 2 3 1 8 6 7 7 2 3 2 2 7 4 2 3 4 1 8 5 6 7 9 5 9 3 10 6 6 9 4 6 5 2 2 3 1 7 10 1 8 10 3 10 6 4 9 2 4 4 1 10
2 6 2 7 1 1 2 1 4 6 7 8 6 9 4 2 6 8 9 2 3 5 4 9 5 5 10 6 10 7 1 1 7 10 5 10 7 10 6 6 7 5 8 1 6 7 5 8 1 5 10 10 6 6 7 10 1 1 5 5 1 10 6 9 3 7 3 4 7 6 4 5 10 6 1 6 5 8 8 1 9 2 4 2 2 10 2 10 7 10 3 4 9 4 8 10 5 3 2 8 7 3 4 8 1 8 6 6 8 2 6 9 10 5 1 7 1 8 9 8 3 6 10 1 3 10 5 5 5 10 7 4 9 1 10 9 5 4 1 2 4 2 8 4 1 4 9 7 3 7
2 2 10 2 6 10 10 9 4 6 3 5 9 6 9 6 8 3 10 1 8 9 3 7 9 2 1 10 1 5 4 2 2 9 5 7 6 6 6 1 10 10 3 1 1 5 5 8 10 2 2 5 3 4 8 5 4 5 4 5 4 6 7 3 8 6 5 5 2 10 4 3 10 3 5 4 6 2 2 9 7 5 1 6 1 4 4 4 3 10 9 9 6 10 7 6 2 7 10 5 6 2 4 1 4 4 6 1 3 4 4 9 9 8 10 5 10 5 9 3 2 10 3 7 1 9 1 2 10 1 8 4 10 5 8 1 3 5 2 10 2 7 1 9 1 7 5 1 7 9
3 1 8 2 5 8 3 9 4 7 6 1 10 1 4 1 5 7 5 3 1 2 6 10 7 2 9 7 7 3 10 9 5 3 10 9 8 6 2 9 7 6 3 9 8 3 2 8 2 10 2 10 3 10 9 5 9 7 8 8 4 2 2 9 10 8 5 6 2 10 2 7 7 7 6 9 5 8 5 3 8 4 6 2 4 7 5 5 2 4 2 2 1 9 9 10 8 10 10 7 2 2 9 8 5 7 6 5 8 5 8 9 6 2 7 8 3 10 7 9 9 6 3 3 7 4 1 6 1 9 2 1 5 7 3 4 2 7 1 5 7 9 10 1 5 2 5 4 9 4
5 1 1 9 6 9 4 5 5 2 9 2 5 8 7 7 5 3 10 4 8 8 9 3 9 7 8 4 1 4 8 6 1 6 8 5 6 5 8 4 5 2 3 2 8 6 3 4 3 5 1 6 10 7 7 10 5 4 6 2 7 9 3 7 3 4 9 10 7 7 4 2 1 3 2 4 8 5 4 1 6 8 2 1 7 5 1 4 10 1 4 3 5 3 2 7 6 10 10 6 5 3 10 1 6 1 3 1 4 3 7 6 7 4 5 5 7 5 3 8 5 7 5 1 1 8 6 8 5 2 2 10 3 9 3 6 4 6 8 7 3 6 5 7 3 4 8 7 9 1
2 8 6 4 5 6 1 3 3 5 8 1 10 2 4 8 6 4 9 4 8 7 8 10 4 9 10 8 10 9 1 3 2 7 3 4 6 3 1 8 4 8 3 3 3 6 7 9 8 9 9 4 7 6 9 1 9 6 3 9 8 5 4 9 2 5 4 2 4 3 2 10 7 5 4 8 2 1 2 8 7 8 2 7 5 10 9 6 6 9 3 5 4 5 2 9 3 4 4 7 9 5 5 2 4 7 6 10 9 4 6 2 5 7 2 4 9 9 6 7 5 7 8 1 1 5 3 4 6 3 6 1 10 4 7 10 4 9 3 10 10 5 3 8 7 2 3 7 2 4
4 7 4 1 7 5 7 3 6 2 10 4 4 10 9 4 3 4 3 2 9 6 3 1 4 10 6 1 6 10 5 1 4 4 7 4 9 10 3 9 9 3 4 9 6 6 6 1 8 10 4 3 6 6 10 5 1 7 1 7 3 6 3 10 10 8 6 10 8 6 10 8 5 4 4 1 9 1 10 9 8 8 9 1 4 10 3 4 5 7 10 10 3 1 2 6 4 9 8 2 1 5 2 9 6 5 8 9 7 5 6 6 10 4 1 10 8 10 9 9 2 10 9 2 2 2 3 8 1 2 8 10 4 6 9 2 3 1 4 6 9 6 3 3 4 10 3 8 6 10
4 2 7 8 10 8 7 4 9 7 3 9 10 9 10 1 7 3 3 10 7 6 7 9 8 2 8 7 6 6 6 2 6 3 4 7 3 6 2 4 3 6 8 3 5 7 1 8 6 2 1 5 3 6 4 6 3 4 9 1 10 7 10 10 7 1 1 1 10 1 8 5 8 9 1 1 3 8 3 7 6 8 10 4 6 6 6 8 2 5 2 3 6 6 5 8 4 7 10 8 7 4 2 6 4 10 4 5 5 5 4 7 7 9 9 2 1 7 9 1 10 4 1 8 3 3 6 9 6 8 5 8 5 10 4 9 8 5 9 4 7 7 10 3 3 1 4 1 10 8
1 4 1 9 2 9 10 1 7 10 10 3 7 7 5 5 10 6 9 5 2 4 4 2 1 7 6 4 8 9 2 7 9 3 6 7 4 8 5 3 1 3 9 4 2 7 10 6 3 7 2 9 2 6 3 8 9 9 3 4 6 6 8 1 6 7 5 2 3 1 4 8 5 4 5 9 3 6 3 4 1 6 5 5 6 6 8 8 10 6 6 1 10 7 7 5 9 9 7 3 6 5 9 7 7 8 8 6 6 10 10 6 4 1 3 8 4 3 3 10 10 1 10 4 10 9 2 4 9 6 6 10 3 5 7 2 8 10 9 4 10 9 8 8 2 1 5 7 8 2
5 9 9 8 9 6 6 3 10 5 10 5 10 10 6 7 5 7 9 7 1 9 4 8 10 3 6 6 1 1 4 8 6 7 7 10 5 10 3 4 6 4 2 8 5 7 2 1 7 10 3 5 8 8 8 7 6 10 7 6 9 6 9 10 4 9 1 3 4 4 10 8 8 5 5 7 8 2 10 2 1 9 1 4 1 3 9 3 5 3 4 6 6 7 3 7 7 1 10 4 5 10 8 9 8 4 6 5 9 10 1 7 4 10 3 5 4 8 10 10 4 9 4 2 2 10 9 9 7 4 10 9 2 7 10 2 4 9 2 8 3 9 6 6 6 9 2 6 8 10
1 8 7 3 8 5 8 10 6 10 3 10 7 2 3 10 9 8 9 4 2 9 7 8 1 8 6 3 1 6 10 2 8 9 1 4 2 5 7 8 8 4 5 10 2 8 1 8 7 7 10 10 2 4 1 4 10 2 1 6 9 10 4 5 8 2 4 9 5 6 3 2 1 1 2 1 3 8 1 2 10 9 2 1 7 9 8 3 6 5 3 8 8 10 4 6 1 9 9 2 4 3 9 3 4 6 6 10 5 7 9 5 3 1 7 9 8 2 1 9 8 6 4 4 2 1 2 8 1 6 4 10 5 10 7 6 1 2 6 10 3 10 1 7 1 9 7 9 10 4
3 4 7 6 7 6 2 1 9 9 5 5 10 3 9 7 3 5 4 2 3 5 10 6 8 8 4 10 4 7 1 3 4 1 4 4 10 7 8 5 6 2 8 9 3 9 10 10 4 8 5 10 4 9 5 5 9 7 7 3 7 1 9 7 9 5 7 1 10 2 7 6 5 1 3 10 8 1 4 8 8 4 3 10 6 6 3 2 8 3 4 9 3 6 7 9 4 2 3 3 8 8 2 10 7 10 7 7 2 6 10 5 10 4 8 10 9 6 8 4 2 8 3 4 5 6 7 5 4 3 8 10 7 5 6 4 1 4 5 3 1 7 4 7 10 1 9 2 3 8
2 8 6 4 9 4 10 5 2 8 7 2 7 5 7 3 4 5 5 2 2 8 6 7 1 1 4 7 4 5 7 3 7 10 7 4 5 10 7 2 10 10 2 1 9 5 8 10 5 9 1 7 4 4 2 2 7 8 1 8 4 6 10 5 5 1 9 10 4 5 3 6 2 4 4 10 7 3 5 7 8 8 4 10 2 10 9 3 9 10 2 8 9 4 2 3 10 5 9 6 3 2 8 5 7 1 1 8 1 8 10 6 8 5 7 4 8 9 10 3 6 2 8 5 5 4 10 6 8 9 9 8 2 10 2 7 6 4 1 4 3 5 10 1 4 8 10 7 7 8
3 7 5 1 6 5 7 10 5 2 7 9 10 9 5 3 4 7 4 9 1 10 5 1 2 2 6 2 7 7 4 6 7 2 8 6 6 6 7 6 7 1 2 1 1 2 5 1 3 8 5 4 6 2 9 9 10 5 3 7 9 6 9 1 1 9 3 7 3 7 3 6 9 9 9 7 10 9 6 4 3 3 7 10 5 10 7 10 5 4 5 1 9 7 8 8 1 10 2 9 9 2 7 7 3 7 5 2 9 1 6 4 2 4 9 1 3 8 7 3 4 8 5 9 7 10 6 9 5 8 10 7 2 6 5 8 10 6 5 6 2 1 6 5 2 4 1 8 4 7
2 7 8 8 8 8 7 9 8 7 3 1 4 1 3 6 4 4 10 6 7 2 8 3 3 4 3 5 3 8 9 3 2 1 6 9 8 7 8 3 8 9 5 5 9 7 7 6 7 2 6 7 5 6 2 4 10 1 5 4 3 9 10 7 6 6 6 3 10 5 4 5 3 5 2 7 3 1 6 4 5 8 9 10 5 7 2 10 2 4 4 10 3 8 3 1 6 3 9 5 9 8 7 6 3 5 6 8 1 2 1 10 3 6 4 10 7 5 2 6 2 2 8 5 9 7 3 10 4 1 3 1 6 10 10 5 10 1 3 2 10 3 2 5 6 1 9 6 9 5
1 4 5 1 10 7 6 1 9 4 1 4 6 9 1 1 2 10 10 1 7 1 1 10 4 4 6 7 5 2 6 8 7 6 3 2 5 9 2 6 5 3 7 1 3 6 10 4 4 7 1 4 6 3 10 7 9 1 1 7 4 10 4 10 7 10 3 1 9 7 6 1 1 8 9 8 6 3 6 1 5 8 4 9 3 9 5 5 2 7 3 3 4 3 1 2 3 1 7 4 1 4 6 2 5 9 3 5 8 5 4 3 3 4 5 5 1 7 4 3 3 3 10 1 1 9 3 3 1 9 3 5 1 10 7 6 4 1 4 6 10 4 4 2 7 3 2 1 8 3
3 1 5 1 2 3 10 2 6 5 4 6 2 9 7 7 2 1 8 5 1 6 1 8 9 6 5 4 8 2 5 10 7 7 9 8 1 9 3 4 3 6 5 9 1 10 3 8 10 4 2 6 8 3 2 10 9 1 5 6 5 9 8 10 10 4 5 5 9 6 5 9 9 10 9 6 9 3 1 7 4 7 1 9 10 2 8 5 6 3 9 1 7 1 6 4 4 9 8 9 10 5 4 7 5 7 7 7 8 4 6 10 4 10 7 4 1 8 1 1 10 8 3 8 10 4 5 3 10 10 10 1 1 8 3 1 8 6 9 1 7 8 3 9 8 2 10 3 2 8
3 1 6 5 6 2 2 5 3 1 1 4 10 10 9 3 6 2 7 4 3 8 5 3 9 8 6 3 6 5 7 10 6 4 4 2 8 6 8 5 2 2 9 7 9 7 4 1 5 8 7 3 6 10 9 6 3 1 8 10 7 3 3 7 1 6 5 3 1 1 7 5 6 5 4 9 9 7 6 4 4 6 2 5 4 6 6 6 4 1 1 2 1 10 7 1 5 7 4 7 3 4 4 3 5 2 2 6 1 3 3 4 6 3 3 10 2 5 2 6 3 8 3 9 10 9 3 1 2 3 5 2 1 2 3 8 9 6 6 8 4 1 6 1 4 3 8 4 2 2
3 6 10 3 4 1 8 9 4 2 10 1 2 4 9 3 8 2 1 1 6 3 1 6 7 7 7 3 7 10 2 4 4 5 9 3 10 4 4 1 6 3 6 10 7 9 1 4 1 8 9 8 10 7 10 8 9 4 8 8 4 5 9 3 7 7 3 4 1 9 1 6 2 4 2 4 10 4 8 8 8 9 2 7 3 5 2 9 10 7 6 9 3 8 4 9 2 1 5 4 8 2 7 9 8 5 4 7 8 7 6 6 8 6 2 4 8 8 6 2 7 7 10 6 3 10 4 3 5 10 5 1 5 7 9 3 10 9 5 8 2 7 8 10 8 3 1 5 5 2
3 7 10 4 3 10 7 5 3 1 1 4 2 10 9 2 8 6 3 1 10 8 1 2 8 1 7 5 4 1 9 7 4 2 9 8 8 3 4 6 9 7 7 4 10 2 10 9 8 3 6 3 10 8 7 2 6 6 7 8 10 4 8 5 8 9 2 10 5 1 2 9 2 8 3 1 5 5 7 3 6 4 3 6 5 4 10 9 7 5 3 8 9 9 3 5 9 5 9 3 7 3 5 10 5 10 9 6 7 8 5 6 10 2 5 7 10 5 3 7 4 7 4 2 8 7 9 4 8 5 10 6 2 1 4 7 9 3 3 3 10 4 3 6 9 4 1 4 8 6
4 8 7 1 2 4 4 3 9 2 3 8 10 2 7 4 6 2 7 2 5 6 3 5 7 9 2 7 2 7 8 7 3 2 8 9 10 9 6 6 9 8 8 3 8 9 6 9 9 9 4 2 10 7 7 8 4 8 8 3 5 2 1 8 3 3 2 5 9 3 9 4 5 4 5 9 3 10 1 7 7 10 8 9 8 7 3 10 7 1 5 4 2 7 9 2 9 4 9 10 5 10 3 3 6 7 6 2 4 4 8 4 8 5 10 4 10 6 9 8 7 4 8 4 2 8 10 4 6 5 9 10 10 2 1 5 10 1 9 7 5 1 1 9 2 2 1 3 9 7
4 5 6 3 8 7 10 6 3 6 10 6 6 1 3 4 2 4 1 9 6 7 1 7 7 8 7 4 10 5 3 6 5 5 2 10 5 4 1 9 5 4 4 10 2 8 7 4 1 9 6 8 6 8 2 9 8 2 3 2 10 2 8 1 5 10 1 3 2 6 8 4 6 4 4 10 4 8 9 2 9 9 7 6 1 4 8 5 4 4 3 4 4 1 3 1 7 8 7 9 2 2 3 8 1 9 6 1 7 7 7 3 9 4 2 2 2 2 7 5 7 1 1 9 5 4 3 7 2 9 4 10 4 8 7 6 3 5 2 6 9 8 1 8 5 6 2 10 5 6
2 8 4 8 4 3 8 9 8 7 7 5 6 7 1 5 2 6 2 7 3 10 2 5 1 3 5 3 6 3 9 6 2 2 5 2 3 7 3 10 3 8 10 9 6 6 3 1 7 10 2 7 4 7 1 1 7 3 4 9 5 10 4 1 6 4 7 7 2 10 8 10 9 5 6 10 10 7 2 9 5 6 4 2 2 3 9 4 2 1 4 5 8 10 6 6 2 10 5 7 6 9 5 6 4 3 10 5 9 2 9 8 2 8 7 2 5 10 1 10 6 9 6 6 7 2 5 6 6 3 9 10 9 6 8 2 7 5 4 8 4 9 7 7 2 8 7 6 9 10
5 2 9 4 9 5 9 7 7 5 9 2 9 4 2 1 1 3 3 9 3 9 5 7 10 1 2 4 10 7 9 4 5 3 10 5 6 3 5 9 1 5 8 6 10 6 1 8 2 1 6 5 8 2 6 6 10 3 4 1 7 6 1 6 7 6 8 8 1 8 7 10 2 4 1 3 3 10 2 2 10 5 9 6 1 2 9 6 6 4 8 7 10 4 7 10 7 5 9 5 10 3 4 8 10 6 3 9 8 8 2 9 3 5 4 9 7 2 4 5 6 4 9 3 5 7 3 10 1 4 9 6 7 6 6 4 10 5 3 9 7 9 2 9 9 1 8 9 5 2
5 6 6 7 1 7 8 10 5 6 4 3 2 8 8 4 6 4 2 1 3 5 1 1 3 1 10 7 2 8 6 7 6 8 5 9 1 10 6 1 7 5 10 9 3 2 10 4 5 6 6 2 9 4 2 2 6 8 9 1 5 4 7 7 6 9 5 3 7 3 4 7 2 8 3 9 10 10 5 4 4 9 9 8 4 2 8 7 8 3 3 1 6 5 7 4 10 10 6 9 2 4 8 3 8 5 2 4 3 2 2 6 5 7 9 8 9 7 5 10 6 5 10 9 4 4 6 6 1 10 6 9 3 4 4 3 3 5 9 3 10 10 1 3 8 4 3 4 2 6
2 2 9 4 2 7 10 9 3 3 9 2 4 10 1 9 1 2 9 6 6 3 10 8 1 9 6 10 10 9 2 7 7 6 2 10 6 7 7 9 3 5 9 3 2 10 8 8 6 3 5 6 7 5 5 8 5 1 8 6 4 3 2 6 1 2 9 3 9 4 10 3 9 6 10 7 6 8 7 6 10 7 6 1 8 10 6 9 10 6 7 2 6 8 7 4 8 10 4 6 4 8 10 10 6 9 5 7 10 3 4 2 1 1 4 10 1 2 7 3 4 6 3 4 6 3 4 8 4 3 6 2 9 3 10 4 1 2 7 10 3 2 5 8 2 1 8 5 10 1
3 8 8 6 5 9 8 9 3 5 4 4 8 6 9 9 5 3 5 5 4 2 8 8 6 4 6 6 9 2 10 5 9 10 2 7 7 4 9 3 8 10 3 9 9 9 3 9 4 5 7 10 3 4 2 3 4 6 4 7 4 8 6 5 4 8 2 10 3 7 9 7 5 3 4 10 8 9 7 2 8 10 4 9 10 2 3 1 8 4 1 4 6 2 6 9 3 7 7 1 7 10 10 3 10 10 2 5 8 8 2 6 1 5 5 10 6 4 6 10 1 5 9 5 7 9 8 9 6 9 2 10 8 3 2 2 4 1 7 6 10 1 9 3 3 2 8 1 1 3
1 10 2 7 1 1 7 9 10 1 7 2 9 7 10 2 2 10 7 7 7 2 8 5 8 6 8 9 8 1 2 2 4 2 6 7 5 10 7 5 6 3 2 8 10 5 10 7 8 10 8 7 7 7 10 9 3 1 2 6 3 5 10 3 7 2 10 6 2 2 10 1 8 5 5 10 5 5 3 10 5 2 6 1 4 2 1 5 10 7 3 5 2 8 1 7 1 3 5 1 7 6 6 5 9 9 4 9 10 6 6 8 4 2 4 10 10 5 9 2 7 3 2 1 3 2 3 10 10 7 1 9 10 9 2 9 5 1 1 5 3 1 8 5 2 1 2 6 9 10
5 9 2 7 5 4 5 6 10 6 2 3 10 1 8 7 5 1 5 3 10 4 5 6 7 5 9 3 6 3 5 10 3 3 4 6 8 4 9 8 2 6 3 1 1 4 7 5 8 9 9 7 7 4 9 8 9 4 2 2 4 7 4 7 5 6 1 9 3 9 10 2 2 8 1 9 6 5 7 1 8 4 10 5 6 2 9 2 2 10 7 8 4 9 7 5 4 10 8 4 2 5 5 1 7 3 5 5 7 9 2 10 2 9 4 7 7 3 5 5 2 4 9 3 7 3 10 4 2 7 10 2 2 10 6 3 1 8 6 6 5 7 5 5 2 1 8 7 5 10
2 5 10 8 5 9 1 10 5 5 7 10 7 7 8 8 6 5 2 6 8 5 3 5 9 10 4 1 1 3 10 3 7 8 9 4 5 1 3 1 7 6 7 2 1 1 9 1 10 7 1 3 5 6 3 7 7 7 8 1 7 9 4 10 9 9 3 3 9 9 6 6 6 6 2 8 2 9 4 10 8 5 2 4 9 4 10 9 2 6 4 10 1 6 3 2 1 7 1 10 6 10 2 4 5 1 5 1 4 9 9 2 1 8 3 1 1 8 10 2 6 2 3 1 8 8 2 10 1 5 5 1 4 7 10 9 6 8 1 5 6 9 2 4 5 7 2 7 4 10
4 3 10 1 10 10 7 10 7 2 7 2 8 1 4 3 3 9 2 1 10 10 3 10 6 4 3 1 2 1 5 9 4 9 1 5 9 6 4 3 6 7 10 10 2 4 5 2 4 3 5 5 9 2 7 2 9 6 5 3 6 3 8 3 2 3 9 10 10 3 9 6 4 4 8 9 2 4 10 9 7 7 7 3 9 5 9 5 4 8 3 4 10 7 3 7 8 2 3 6 7 3 3 3 5 2 5 8 3 6 10 2 5 1 3 3 7 8 1 9 10 7 8 5 7 5 9 4 2 6 5 1 10 3 3 1 8 4 2 2 3 10 5 9 4 7 3 7 9 1
2 8 3 8 1 10 2 2 4 10 4 10 10 3 2 2 10 6 5 3 7 2 1 2 9 9 7 5 6 2 4 1 6 8 2 4 9 10 10 1 5 2 8 6 3 2 3 10 5 3 1 8 6 10 4 7 9 10 3 1 3 8 9 9 8 2 2 5 5 3 4 5 5 5 3 1 4 7 1 9 6 3 2 3 6 4 1 9 3 3 10 10 10 9 7 7 9 4 7 4 9 5 1 3 2 1 1 7 3 1 4 7 9 2 7 9 9 5 7 3 4 1 9 4 9 7 1 4 9 10 8 6 9 8 3 8 4 10 5 5 1 6 6 8 7 1 10 4 8 7
5 10 7 8 5 4 6 5 8 5 10 9 2 8 10 1 4 5 10 8 2 10 4 4 1 4 9 10 9 2 9 4 1 9 10 3 1 2 4 5 1 8 5 7 3 2 9 8 3 4 9 6 5 2 10 10 8 1 5 3 7 3 2 7 8 2 6 7 1 2 7 5 6 3 8 9 1 9 7 8 2 6 1 10 10 1 5 3 7 1 7 1 2 4 10 1 5 7 4 2 8 6 7 5 1 3 4 10 2 7 6 4 1 6 7 4 7 8 3 4 1 1 1 5 1 4 3 7 9 6 6 8 8 9 2 8 9 4 7 3 7 5 7 1 7 1 7 4 1 5
3 1 4 9 6 9 6 3 2 5 9 5 5 5 9 1 7 9 9 9 3 9 2 4 3 9 7 4 1 7 8 3 3 10 2 4 2 7 7 10 8 2 9 8 3 7 6 1 7 9 4 9 7 1 4 7 2 2 5 7 8 5 7 6 8 4 8 9 5 3 10 2 3 8 2 5 2 9 7 8 3 1 2 7 4 4 9 8 6 4 5 4 1 3 4 3 3 7 8 7 3 6 3 1 9 1 9 1 2 10 3 2 6 8 9 3 1 2 6 5 7 1 5 6 1 2 6 1 10 2 7 4 7 7 2 7 3 2 8 5 2 5 6 9 1 5 8 2 2 8
1 3 3 6 5 6 1 3 6 1 7 10 3 7 10 6 1 2 1 5 7 3 10 4 10 1 1 7 1 8 8 9 10 5 4 9 4 4 9 4 6 4 2 10 5 1 8 6 5 9 1 4 9 9 9 8 4 9 1 3 4 10 8 7 6 4 2 7 7 4 8 8 10 5 2 5 5 3 6 4 2 4 9 7 10 2 10 3 2 6 10 3 1 9 3 4 10 5 6 3 5 1 3 7 8 10 2 9 3 5 5 7 2 3 10 2 4 9 5 2 5 4 8 9 4 1 1 4 6 3 8 3 2 9 8 6 2 6 2 2 8 10 1 2 3 3 1 1 10 8
5 3 5 10 1 1 2 3 6 9 5 7 10 10 2 3 6 5 10 7 1 3 7 8 4 9 1 5 5 1 2 4 8 7 9 9 3 5 5 4 7 9 2 7 10 7 10 5 1 9 6 9 8 8 5 3 10 3 7 7 5 10 7 10 2 5 4 1 2 3 1 9 7 2 9 2 7 3 2 1 3 8 9 4 3 7 9 7 6 6 9 5 8 10 5 5 6 1 7 3 4 8 7 5 5 5 6 6 5 4 2 7 6 4 1 3 10 8 5 4 2 10 9 6 4 8 3 5 3 7 3 2 6 5 3 3 8 10 9 5 2 3 4 10 7 5 3 4 9 3
2 1 6 3 6 1 3 5 2 7 3 9 4 5 5 7 8 3 1 8 7 4 8 8 8 4 7 10 9 10 4 1 4 9 4 4 2 2 5 3 1 6 7 6 10 5 5 1 7 1 9 10 3 3 1 8 2 4 5 10 5 9 6 9 3 6 9 2 8 4 7 8 1 7 4 8 1 10 7 6 10 9 6 7 1 10 5 4 9 3 4 4 8 8 5 3 1 3 2 5 1 4 5 6 10 10 2 10 3 9 3 1 3 9 10 7 3 8 6 5 10 5 8 9 2 2 9 2 2 4 2 4 5 4 6 5 9 7 4 7 6 3 2 4 7 8 6 4 9 10
1 4 4 2 10 10 4 1 10 9 5 9 6 1 3 10 1 9 1 10 6 6 5 1 7 8 8 2 3 1 8 1 8 2 8 6 7 7 3 2 2 4 6 2 2 10 4 9 5 1 3 10 4 9 5 2 7 7 5 10 8 6 5 6 5 2 2 8 4 9 2 3 2 2 5 6 6 6 2 2 1 9 4 4 7 5 4 3 3 1 10 7 1 10 6 6 8 10 6 4 4 3 7 3 8 7 8 9 3 2 7 9 2 3 1 2 3 7 3 6 9 4 4 2 2 6 8 5 1 9 7 3 1 2 10 3 7 2 4 7 5 6 9 8 1 3 7 3 5 10
5 1 4 9 3 2 6 4 4 2 5 8 2 8 1 5 10 6 6 8 8 5 3 1 1 10 4 1 10 6 4 4 3 6 4 7 5 2 1 3 5 1 10 6 2 3 2 4 4 6 7 8 4 10 10 9 10 5 4 9 2 9 5 4 9 9 1 7 7 7 1 8 1 10 4 7 6 2 7 1 2 4 5 3 1 2 8 2 4 8 6 10 9 6 1 1 9 6 9 4 10 4 5 9 3 2 10 10 3 10 1 7 3 4 9 7 6 5 3 4 6 2 10 8 8 4 8 1 6 2 4 4 7 4 5 2 5 6 1 4 9 7 7 2 1 1 2 4 4 8
3 2 1 1 4 5 10 5 3 3 5 2 3 9 1 6 3 1 7 10 3 9 4 8 9 6 6 3 5 10 10 2 3 8 1 9 1 1 3 3 2 2 1 6 3 1 8 10 4 10 7 1 2 8 5 4 1 4 8 9 6 5 3 6 6 1 8 5 1 3 1 8 8 3 10 5 9 7 6 10 6 1 1 3 9 8 2 10 9 10 4 6 10 10 9 6 8 10 7 10 3 10 4 3 10 2 1 1 4 5 10 10 6 4 9 1 3 3 1 8 5 4 1 2 7 5 9 8 1 2 1 6 8 5 8 5 8 5 6 1 4 4 1 2 8 4 5 4 1 2
3 9 4 2 5 4 3 1 5 4 3 9 7 5 8 10 7 4 10 1 4 10 8 6 1 8 7 9 1 10 6 7 5 2 4 2 6 2 7 3 5 3 6 9 9 7 9 2 7 9 9 1 3 4 7 8 3 9 10 1 2 10 5 6 10 2 4 2 8 2 3 3 2 2 5 2 3 5 6 1 3 8 5 3 4 4 8 1 6 4 7 3 4 2 8 2 2 7 8 7 6 10 4 7 2 2 9 3 2 5 1 5 5 4 4 9 10 8 8 8 9 1 8 10 7 3 6 4 3 10 5 1 5 6 7 3 4 2 10 5 2 9 3 4 10 1 5 10 8 8
5 3 6 3 1 7 4 6 6 9 7 9 6 6 4 10 3 4 4 8 8 1 10 5 5 5 6 5 8 2 4 1 3 7 10 1 1 4 7 9 4 4 9 8 7 2 4 1 4 7 3 10 4 1 1 7 4 8 10 1 9 1 3 6 4 6 3 2 9 9 5 1 10 8 4 8 8 3 3 1 4 3 9 6 9 1 9 4 2 2 2 6 9 10 10 10 6 1 6 3 10 8 9 2 3 2 1 3 10 9 7 9 6 8 1 9 10 10 1 1 4 5 3 9 7 9 7 9 10 5 5 1 5 1 6 9 4 4 5 7 1 2 4 7 9 10 8 2 10 2
5 1 6 2 5 5 1 5 1 1 6 7 1 3 5 4 4 10 4 1 8 8 4 5 9 2 2 9 7 2 4 4 4 9 1 3 5 9 8 2 8 7 10 2 7 3 6 5 3 2 9 6 4 10 8 5 1 9 1 5 10 7 3 9 8 10 4 8 8 9 5 9 5 9 3 2 3 2 10 1 2 5 1 1 3 4 6 8 1 7 5 10 5 8 6 5 3 6 5 7 9 4 7 9 9 9 8 7 1 4 1 8 6 2 7 7 3 2 1 8 7 6 2 4 2 3 3 5 2 8 6 5 8 4 7 4 7 2 7 4 5 7 5 9 2 8 8 5 8 2
5 1 2 4 10 9 2 6 3 10 4 1 5 9 5 9 6 2 10 4 8 4 5 8 1 5 10 4 7 9 10 9 9 8 10 1 4 5 4 6 2 9 10 2 1 5 7 2 4 2 4 4 1 6 3 7 6 4 8 3 10 10 8 5 7 3 1 4 3 10 6 9 1 5 4 5 4 2 6 6 7 1 1 7 4 3 1 3 3 8 4 10 3 6 7 8 10 2 10 10 9 9 3 4 1 2 5 6 10 2 5 10 6 2 10 6 3 8 4 6 4 3 1 5 1 6 10 8 2 2 10 7 3 10 3 10 4 1 4 1 7 4 10 7 3 2 3 3 5 2
3 4 7 7 1 3 9 6 5 8 6 4 3 10 4 2 10 10 8 4 8 6 3 9 10 8 3 10 4 2 3 6 2 8 1 2 4 3 10 6 8 8 1 7 3 10 2 9 10 8 5 7 7 5 9 2 2 8 7 7 5 8 5 3 10 10 8 4 5 9 3 8 7 10 3 10 4 9 6 9 6 7 3 3 2 5 1 5 2 8 7 1 5 7 1 3 6 6 10 1 5 7 4 4 7 7 10 2 7 8 4 10 6 4 4 8 9 3 7 1 9 5 3 9 2 6 3 6 4 4 4 2 6 8 10 3 4 1 9 1 6 5 2 7 3 6 4 1 6 4
1 9 7 2 5 3 6 7 2 2 5 9 2 7 1 5 6 4 8 2 2 8 3 6 9 7 7 4 4 3 1 10 5 3 3 8 7 7 10 6 3 5 2 10 5 9 6 10 8 4 5 5 3 9 5 9 8 7 6 10 9 10 4 4 4 3 10 9 7 5 10 1 6 10 9 7 7 2 1 10 9 2 8 4 10 8 4 8 3 4 6 10 2 5 3 6 5 10 6 10 10 2 6 2 7 3 9 9 7 2 1 3 8 5 7 4 6 10 2 2 3 6 2 6 5 7 5 6 1 3 3 6 7 2 2 1 9 2 3 9 2 6 3 10 8 7 8 6 1 1
4 7 10 9 9 5 3 1 7 2 10 9 6 6 2 6 8 3 3 1 8 8 10 8 9 4 1 5 5 9 10 9 5 8 7 5 9 6 6 8 7 1 8 2 5 6 6 5 7 5 5 1 9 10 2 3 7 3 4 8 8 4 3 9 3 2 4 9 5 3 4 3 9 9 8 4 5 9 8 2 10 8 5 5 6 2 2 3 8 6 7 5 2 3 5 9 5 6 10 2 6 2 9 9 6 9 10 5 9 9 2 9 1 9 2 9 3 1 8 1 2 10 6 2 1 3 5 3 9 1 6 1 2 4 9 5 7 7 5 9 8 6 4 2 7 7 10 6 5 8
3 4 3 1 8 10 7 8 2 9 3 9 6 9 8 4 4 10 5 5 6 4 5 3 3 5 10 2 2 2 9 3 3 1 9 5 3 4 8 7 3 6 8 3 4 9 6 3 4 3 4 6 7 10 9 7 7 3 9 8 2 9 5 4 6 3 10 8 7 3 6 3 5 1 5 5 3 4 1 2 1 7 6 2 7 6 10 10 1 8 7 7 5 6 10 9 10 4 10 1 3 6 5 9 1 5 6 10 6 10 8 2 8 1 2 6 10 8 3 9 7 1 7 5 6 2 4 6 8 5 4 6 6 9 2 4 10 1 2 1 8 9 5 10 7 4 9 6 8 3
2 7 6 5 3 9 2 2 10 9 9 3 2 8 8 6 3 2 1 5 3 9 10 9 10 7 5 9 4 7 2 3 2 9 10 5 9 8 2 2 6 1 5 2 7 7 1 5 9 3 4 8 10 8 6 5 10 9 1 10 6 2 8 7 9 1 7 5 1 8 8 10 10 5 8 5 10 8 3 4 1 8 10 7 1 1 2 10 2 10 2 2 6 9 5 10 3 2 3 5 1 3 9 7 9 9 7 4 4 4 9 7 3 9 8 4 9 8 6 5 1 6 6 5 3 4 4 3 5 5 9 1 4 2 6 2 2 4 1 2 8 3 3 1 1 6 7 7 7 1
2 1 5 4 2 5 10 9 2 3 1 4 2 2 5 10 3 4 5 4 7 8 10 8 9 2 9 1 8 6 1 5 6 4 6 9 3 4 9 4 10 2 7 8 6 3 2 9 4 7 3 8 2 2 1 1 4 7 8 5 10 4 3 2 8 6 4 4 5 9 1 6 1 8 4 3 2 10 3 10 10 8 1 7 7 1 1 7 9 4 6 9 3 1 2 9 1 10 10 10 3 8 1 2 3 6 5 10 3 10 7 1 2 5 8 7 6 6 8 6 1 5 3 3 1 8 6 2 10 8 9 8 8 6 6 9 10 3 6 4 2 1 8 9 2 4 10 9 10 4
5 7 3 5 3 9 9 10 4 3 1 4 9 5 3 3 2 9 2 1 8 10 3 5 10 6 10 4 8 7 8 7 10 4 5 5 5 1 8 10 8 5 9 1 4 4 1 10 9 9 9 2 10 6 5 2 10 3 3 7 1 10 8 6 5 4 8 5 10 5 8 4 2 6 3 9 10 6 3 2 4 8 8 9 4 6 7 9 3 5 9 9 8 3 5 8 1 3 9 7 10 8 9 4 10 6 1 2 2 4 7 1 1 6 5 7 2 5 9 10 5 1 7 9 3 5 9 3 2 7 9 2 10 5 9 4 6 1 8 8 2 3 8 5 2 9 4 10 4 10
2 1 9 3 5 8 7 4 7 2 6 10 1 8 5 8 7 6 3 4 1 2 9 5 7 2 2 1 3 9 1 9 5 3 8 6 8 8 9 2 4 10 7 8 8 2 6 2 5 7 6 4 5 9 3 6 6 7 9 10 9 4 10 6 6 6 8 2 8 9 10 4 1 1 1 6 8 4 7 3 2 6 2 8 9 8 5 4 5 4 4 6 2 3 3 6 10 10 6 4 8 10 7 7 10 5 2 8 3 6 1 8 6 5 4 6 5 6 3 10 5 9 3 10 2 4 2 9 5 1 3 3 5 3 7 7 10 5 2 7 4 4 6 6 1 3 8 3 6 8
1 2 7 10 4 1 9 4 9 9 5 7 8 9 9 8 6 9 1 4 9 7 10 7 5 7 4 9 3 7 8 1 6 3 8 2 4 6 4 6 2 2 9 9 10 3 9 6 5 5 6 1 10 4 8 10 3 9 5 9 1 10 2 6 8 1 4 1 6 3 8 5 1 6 5 8 1 2 3 7 6 1 10 10 4 1 7 2 5 10 3 9 8 7 7 6 6 3 4 7 7 2 1 3 4 3 4 2 7 10 5 6 1 6 6 3 7 1 7 5 4 1 1 9 3 8 9 6 3 9 4 8 4 3 7 10 7 9 10 3 5 7 9 4 5 7 1 7 1 9
1 10 3 8 4 10 9 1 6 2 10 3 8 5 7 6 7 10 1 7 6 2 2 1 6 1 4 9 5 4 2 7 2 10 1 6 3 1 6 4 1 2 1 7 10 6 6 4 10 4 7 2 6 5 7 7 10 2 9 2 6 3 10 5 3 9 7 5 9 8 8 7 4 4 3 1 8 7 4 7 4 7 4 5 3 4 10 6 7 8 7 3 3 8 3 5 8 10 5 9 10 4 6 6 6 5 3 9 4 9 5 5 8 6 2 9 7 7 10 4 1 9 5 9 3 7 5 9 4 4 9 2 1 7 5 8 2 3 9 7 2 6 5 6 10 8 4 7 5 5
3 1 1 8 10 1 1 8 4 3 4 8 2 1 1 1 3 2 3 4 2 2 3 8 2 8 4 9 9 8 5 6 8 4 2 4 9 7 2 6 9 5 7 10 3 6 8 3 5 6 2 10 9 8 2 4 10 6 6 9 10 8 6 1 10 8 7 3 3 7 2 5 10 4 10 7 2 7 2 6 4 5 3 6 7 3 8 2 2 7 9 8 7 8 2 10 2 8 5 8 10 7 5 3 4 4 7 5 1 6 10 1 3 7 8 1 2 6 9 3 10 4 1 4 10 3 4 1 9 6 7 1 5 3 5 5 1 5 4 6 7 6 10 7 2 1 8 1 2 4
2 8 1 1 8 9 3 6 6 10 9 9 7 10 1 7 3 2 5 10 3 3 3 5 3 8 10 10 6 7 8 7 3 4 6 10 8 9 3 1 5 8 10 8 5 8 10 4 6 6 10 3 4 5 9 8 4 5 1 5 1 1 4 4 8 1 8 8 10 1 9 10 2 5 1 8 7 6 10 3 8 5 3 1 8 1 6 3 5 3 2 9 3 2 2 5 2 7 2 9 10 2 2 2 6 3 2 5 6 6 5 4 10 6 2 5 9 4 6 6 7 2 9 9 7 2 10 7 9 2 6 2 7 1 6 1 10 3 3 2 8 9 3 8 5 8 10 5 5 8
2 8 6 9 5 8 4 5 6 5 9 6 8 8 8 5 4 3 6 4 9 1 10 7 6 10 9 5 1 7 1 9 4 8 6 2 10 2 8 5 3 8 4 10 2 4 6 3 6 10 6 4 6 4 3 10 10 9 5 3 9 5 2 4 5 8 5 5 9 2 7 5 3 6 5 10 9 7 6 2 1 2 10 1 8 9 3 10 8 3 6 5 9 1 6 9 1 4 1 7 9 1 5 9 8 6 10 2 7 6 1 9 8 6 10 3 10 6 5 8 6 4 7 6 7 7 1 7 4 2 3 7 10 10 4 3 6 4 5 8 9 7 7 7 3 8 6 6 5 8
1 1 8 8 10 10 3 5 2 10 5 2 10 8 2 1 9 3 7 5 8 4 8 9 7 3 6 8 10 4 4 2 1 8 2 2 8 1 5 8 4 2 7 3 8 8 6 3 4 4 7 9 6 7 5 4 4 10 9 6 4 5 5 7 6 1 1 6 9 1 6 6 1 6 10 9 6 1 10 2 2 2 7 10 1 2 7 7 5 10 7 6 5 2 7 10 1 6 7 8 8 8 5 10 3 10 6 2 2 2 9 2 10 10 2 6 9 10 7 5 7 8 9 5 9 9 5 9 3 9 6 3 2 2 1 8 3 9 2 5 6 4 10 7 4 10 6 2 9 9
4 8 9 4 10 10 2 7 10 4 2 5 1 9 10 10 10 6 10 4 5 2 7 6 1 6 9 1 1 10 2 6 9 5 9 1 4 3 3 10 4 7 9 6 8 1 9 1 1 3 3 5 2 7 6 9 4 1 2 5 9 5 3 2 4 7 5 8 3 2 1 3 3 7 7 9 7 6 1 5 2 5 3 1 4 9 6 9 6 9 2 10 4 8 9 4 4 8 7 3 5 5 1 1 6 9 7 5 7 4 2 1 6 6 8 2 5 6 4 6 7 1 1 2 7 3 8 1 4 6 9 8 2 7 7 8 8 4 4 4 1 1 8 2 7 10 1 9 5 6
2 8 5 3 6 5 1 2 8 7 7 7 4 10 4 4 7 4 9 3 10 2 2 2 7 1 5 7 5 9 9 8 8 10 5 2 7 8 6 9 3 10 4 7 2 9 8 10 5 5 9 5 6 3 8 3 3 6 7 8 6 8 2 10 8 10 5 2 7 9 2 3 2 7 3 4 6 7 1 10 4 2 6 10 3 1 10 1 5 8 10 4 8 7 2 8 9 4 1 1 9 8 4 9 8 1 1 9 1 5 8 1 5 6 8 1 3 2 4 9 6 2 5 8 5 8 3 10 10 2 7 9 5 1 7 2 1 9 10 8 10 6 2 4 6 5 7 6 5 9
3 4 4 10 9 5 1 3 6 7 5 9 1 3 10 2 3 8 10 4 4 8 2 3 1 4 10 5 6 8 7 5 8 8 10 7 9 9 8 9 5 4 3 4 2 3 3 10 3 5 7 2 9 9 7 3 5 9 6 2 4 3 5 7 1 2 5 4 2 9 2 8 10 3 1 5 9 7 6 5 3 10 6 2 6 9 2 2 4 8 8 2 4 4 3 7 7 6 10 8 1 9 4 5 9 1 10 5 10 4 5 4 3 9 4 8 3 10 9 1 1 8 3 4 2 10 8 3 6 8 2 6 3 4 1 4 3 4 7 7 4 8 3 8 2 10 5 7 10 8
4 7 4 2 1 10 2 9 5 10 9 4 7 6 9 7 6 4 7 5 2 3 7 7 3 6 5 3 9 7 3 6 4 3 7 3 6 7 5 9 6 5 10 6 4 6 6 7 5 9 8 9 5 4 5 5 7 9 6 8 7 10 3 1 9 8 5 4 8 8 3 6 5 8 8 1 8 1 3 3 9 5 4 2 3 6 2 8 8 3 3 9 1 4 2 4 5 1 4 1 3 8 2 9 10 1 2 8 2 9 4 6 7 4 6 9 5 3 3 9 2 1 7 4 10 10 1 6 4 10 3 8 1 9 7 10 3 10 10 1 2 4 2 5 1 6 1 9 2 6
3 9 10 7 3 1 6 8 6 2 10 1 1 1 4 3 2 10 1 6 8 5 6 5 4 2 1 8 10 3 5 4 4 6 2 8 8 1 5 5 6 4 2 10 9 4 2 8 8 5 2 4 8 9 2 4 4 2 4 6 8 10 5 10 5 5 6 8 10 6 1 10 2 9 9 5 4 5 6 4 2 6 8 10 8 4 8 10 6 6 8 5 10 8 4 6 8 7 10 1 7 3 4 3 4 4 8 1 9 9 6 4 4 10 2 3 6 1 2 4 5 2 4 8 8 6 4 8 2 8 1 1 8 5 7 7 10 5 10 6 6 9 3 5 7 7 6 6 1 10
4 5 9 5 3 1 10 5 1 8 4 10 7 6 1 6 4 2 10 9 7 3 6 10 5 4 8 8 3 10 7 9 5 2 5 1 10 2 7 6 8 10 4 6 10 1 4 3 10 10 3 5 4 6 4 4 6 1 8 2 8 2 8 4 6 10 4 5 5 6 5 8 4 8 10 6 7 2 4 1 5 4 2 7 9 1 5 5 8 6 9 10 10 2 4 7 3 6 3 8 3 3 8 8 2 2 2 5 10 2 3 4 3 9 2 7 3 6 10 6 6 5 3 4 5 10 6 10 2 1 5 8 10 6 1 6 8 10 3 4 4 8 4 8 8 6 4 9 10 9
4 8 3 6 2 2 5 10 5 9 9 4 7 8 10 4 10 7 7 4 3 10 8 7 10 6 8 1 4 8 9 1 10 7 6 6 5 8 8 2 1 3 1 5 1 4 7 8 9 8 10 9 6 6 9 6 10 2 9 4 8 9 1 4 7 9 3 7 2 6 1 2 2 5 5 2 5 5 2 7 1 6 8 7 3 4 1 2 7 4 10 1 7 8 3 4 7 1 9 7 2 7 7 8 5 2 3 3 6 2 5 7 1 1 3 5 3 6 9 1 7 6 9 7 6 4 2 3 9 4 8 8 6 8 3 3 10 10 10 1 3 7 2 9 9 3 10 1 3 6
2 10 7 10 9 1 8 7 8 5 8 4 2 8 2 9 10 5 3 6 8 5 2 4 1 7 4 10 1 2 7 4 3 2 4 8 7 4 7 10 3 3 4 5 9 4 3 5 3 3 9 4 3 10 8 5 4 1 7 7 2 1 2 1 7 1 5 4 5 1 8 2 9 9 6 5 1 5 9 7 5 10 5 8 6 9 6 4 1 5 5 9 10 5 5 3 9 7 3 6 8 6 5 10 5 10 5 9 5 2 1 10 7 1 7 10 6 9 2 2 7 7 7 1 10 3 4 1 5 9 4 4 5 8 8 4 2 8 6 8 3 8 5 7 9 9 10 4 6 5
4 4 5 5 6 3 1 8 9 8 6 4 4 10 8 1 3 8 4 5 2 8 3 6 1 10 6 9 9 9 5 2 10 4 4 4 6 9 5 4 9 10 3 5 8 1 5 2 4 1 7 8 3 2 6 2 10 3 5 1 8 9 4 9 4 7 5 8 1 8 4 4 1 6 8 2 5 9 4 9 9 3 5 8 3 5 4 7 1 5 6 1 8 4 4 7 8 10 9 6 7 10 8 1 5 2 4 3 8 1 4 6 3 5 7 8 6 6 10 2 9 9 7 8 3 8 10 3 8 5 3 2 1 1 7 2 2 10 5 6 9 9 1 6 8 6 5 4 5 6
3 2 7 1 5 10 7 3 2 8 1 1 5 1 10 10 4 6 1 6 3 7 5 4 7 7 1 7 6 3 7 8 7 9 7 9 3 10 1 6 1 5 1 3 8 8 3 1 9 1 10 9 2 2 10 9 7 2 5 2 7 8 2 5 10 6 10 2 5 10 10 10 7 4 1 5 3 1 4 4 4 10 7 1 2 5 2 10 8 3 8 6 2 1 6 3 9 10 1 3 1 7 2 5 4 6 5 6 7 1 9 9 7 4 4 6 5 8 10 9 4 10 6 4 8 1 3 9 8 3 5 10 4 10 1 7 4 10 8 7 2 10 2 8 6 4 4 4 10 9
4 6 7 10 5 5 10 5 6 3 3 1 6 4 4 6 10 10 2 8 1 6 4 5 10 10 2 2 5 2 8 7 3 6 6 4 1 6 5 10 10 6 1 8 2 3 10 7 7 2 6 2 6 6 10 3 1 4 5 4 9 10 2 4 2 2 3 10 7 4 1 5 6 9 10 4 3 4 6 9 4 8 1 6 7 8 1 7 9 3 8 4 2 8 6 8 5 10 10 2 9 10 10 10 10 6 1 10 4 1 10 4 4 5 7 4 9 4 8 9 6 8 3 8 9 1 4 2 5 10 7 10 9 5 9 2 2 9 8 10 10 1 6 1 10 5 7 5 4 8
2 7 2 2 3 3 1 7 3 1 9 3 1 2 3 5 7 3 4 3 4 7 5 8 3 4 7 6 4 8 7 7 10 4 2 2 1 7 2 6 8 8 1 3 3 3 8 3 6 8 2 9 8 1 2 10 7 8 2 6 6 6 6 3 10 5 9 5 8 7 2 6 10 4 3 8 4 3 8 7 2 1 2 7 3 3 1 10 3 9 8 6 5 9 6 5 8 9 6 2 7 3 2 4 2 8 10 3 6 4 4 1 8 3 1 7 8 3 2 8 2 3 3 5 2 1 4 1 10 10 2 9 3 9 1 6 5 10 6 4 3 7 2 10 4 9 1 5 5 6
4 4 6 3 6 5 8 8 3 2 7 9 9 1 3 6 7 3 4 2 3 4 2 8 3 9 3 9 1 8 7 9 6 7 1 3 6 2 1 8 6 2 7 5 2 9 3 3 10 2 5 10 5 3 2 4 2 1 9 2 5 7 3 8 9 10 5 2 3 10 7 10 6 9 8 2 3 10 4 6 4 2 2 1 9 4 3 9 6 3 1 9 3 9 4 4 2 2 8 6 7 10 4 10 5 6 6 3 9 2 1 10 7 3 6 1 3 10 2 9 4 7 4 8 7 1 5 9 10 8 2 7 6 2 7 5 7 3 6 10 9 7 3 2 6 6 3 3 9 4
3 8 3 8 6 5 2 8 5 10 10 5 5 4 9 2 9 10 7 2 4 1 1 4 2 3 5 8 4 10 1 7 8 9 1 6 2 10 1 2 10 1 5 2 10 9 5 10 6 3 1 7 1 4 3 1 2 7 6 5 9 7 1 10 7 2 2 2 6 9 1 9 9 7 7 10 5 8 8 5 1 8 10 5 6 10 7 2 9 8 7 5 1 3 3 4 5 4 8 5 10 10 9 5 4 8 1 1 5 3 5 4 1 5 6 5 4 8 10 8 9 2 4 8 9 5 3 3 4 7 1 9 5 6 10 9 7 9 3 4 9 9 6 3 8 5 3 7 6 7
4 6 2 5 2 9 2 1 5 9 5 4 5 4 9 8 8 5 1 7 10 7 8 9 7 2 6 7 7 8 8 10 8 10 7 6 2 9 1 4 5 10 8 7 9 4 4 8 6 5 10 2 6 6 2 1 4 7 3 10 2 2 7 2 9 10 8 4 3 4 7 5 7 7 9 1 7 8 8 3 2 9 7 6 10 9 6 6 6 4 9 2 8 4 7 2 10 4 4 6 4 3 3 1 8 4 3 3 3 4 4 10 1 3 2 3 8 7 6 8 7 8 6 7 2 8 3 4 4 5 7 5 7 3 4 2 4 8 2 5 1 6 4 6 4 3 6 10 4 3
5 9 8 9 3 10 3 4 3 10 3 2 5 10 7 10 5 1 2 3 9 6 7 6 7 3 8 7 3 7 1 5 8 10 2 3 6 8 9 3 10 8 1 2 8 8 9 10 10 2 5 2 1 5 2 5 9 6 6 2 4 9 1 1 6 2 2 3 5 9 7 10 5 7 2 5 5 5 4 2 6 8 7 1 8 4 3 5 10 9 1 10 5 10 2 7 1 1 9 4 9 7 10 10 10 6 5 6 2 5 5 2 5 6 9 1 10 5 3 8 4 10 4 5 10 7 6 10 4 9 4 6 9 3 4 9 2 6 3 7 2 5 5 6 5 5 1 6 8 10
1 6 8 9 2 4 5 7 7 8 9 2 1 10 6 4 10 3 2 8 6 10 6 4 3 4 9 8 4 4 9 8 6 6 10 5 8 5 4 3 5 2 6 8 5 8 4 5 10 10 9 10 6 10 2 5 7 1 9 6 5 9 1 8 4 10 5 5 10 3 4 5 6 4 6 8 3 6 10 1 5 2 7 1 7 6 7 10 8 8 2 4 10 6 8 7 7 5 4 6 10 3 8 2 6 10 1 5 9 4 1 1 7 7 10 9 10 3 8 6 7 3 5 4 4 4 2 3 9 4 8 5 3 3 7 8 9 8 10 5 5 9 2 4 5 10 10 6 6 10
1 3 1 2 4 7 7 4 1 2 8 8 10 9 4 3 2 10 8 6 1 7 1 1 1 6 6 5 5 2 3 1 1 7 3 5 4 4 2 7 10 2 10 10 3 6 4 9 9 1 9 6 10 1 5 3 4 2 4 1 1 9 9 9 9 5 2 4 5 3 5 8 4 10 6 3 10 1 1 4 9 4 9 4 3 2 10 2 5 2 8 9 4 5 7 8 10 1 3 6 10 7 3 3 2 5 10 1 4 9 5 8 8 3 9 10 8 5 10 1 2 6 2 9 8 4 8 10 3 7 9 5 1 6 9 5 3 9 8 1 6 10 7 2 5 8 3 9 8 5
4 4 10 10 7 9 8 6 9 2 4 8 6 1 5 9 6 3 3 1 6 9 6 1 10 10 9 5 10 10 4 8 1 7 4 3 8 10 3 8 2 1 9 10 7 1 9 7 8 6 7 1 10 5 1 3 9 8 3 3 9 2 6 3 8 9 3 7 4 7 8 9 5 9 6 10 9 8 10 4 10 3 5 3 10 3 8 4 5 6 5 9 10 1 9 8 9 9 1 10 9 10 5 9 5 4 1 4 2 10 9 2 4 7 10 9 6 2 7 7 7 4 10 3 9 8 4 2 6 3 9 1 2 6 7 5 7 5 10 9 4 10 5 8 9 3 6 9 7 2
2 5 7 2 6 8 6 3 1 1 1 8 10 7 3 9 5 6 4 7 8 2 7 6 1 10 6 1 3 8 3 9 5 6 1 8 8 8 5 7 8 7 7 9 3 4 8 9 2 9 10 8 5 7 9 3 10 2 9 2 4 5 3 8 2 5 4 7 3 6 4 5 3 5 10 4 4 6 7 4 3 9 3 7 1 5 5 7 8 3 1 1 9 10 6 2 2 1 2 1 1 8 2 10 7 9 4 1 7 6 10 2 5 6 6 5 5 2 5 10 2 5 10 7 7 9 10 2 4 9 2 9 3 4 3 7 1 5 4 1 1 10 6 9 2 8 6 8 6 10
4 8 2 3 4 8 8 5 5 4 9 7 4 8 3 2 8 7 6 9 7 4 10 3 3 5 2 2 2 4 2 6 5 5 3 2 2 2 9 3 4 9 5 10 4 1 10 7 1 4 6 8 3 2 1 4 6 5 2 5 8 8 5 2 1 4 10 10 2 2 9 8 3 6 2 4 4 3 4 4 8 6 2 2 2 10 5 8 2 6 4 5 2 10 9 1 1 1 3 7 6 9 10 10 6 4 4 4 1 9 10 8 10 9 5 7 3 10 9 5 3 5 4 1 10 5 4 6 7 6 10 10 5 5 4 9 1 1 6 9 6 7 1 5 8 4 9 4 3 9
2 2 4 7 5 6 10 6 4 4 3 9 6 1 7 3 5 8 2 10 5 7 2 8 7 1 6 1 9 4 6 4 9 9 2 3 4 2 9 10 6 1 8 10 5 8 2 5 2 10 8 5 6 8 5 5 7 9 7 2 8 8 6 9 2 7 10 2 6 6 9 5 1 2 7 2 1 4 3 4 9 1 7 2 4 3 8 7 5 8 6 7 7 7 4 3 2 2 8 7 9 5 10 3 9 3 1 4 10 5 10 7 9 3 3 8 9 5 4 9 7 6 8 5 4 2 3 2 7 5 3 1 4 10 3 7 4 7 8 3 5 4 5 5 2 1 10 4 3 2
2 8 10 2 9 10 10 1 1 5 2 2 2 2 2 7 9 8 10 3 7 2 4 4 5 7 7 9 3 3 10 4 8 1 7 10 7 10 7 10 5 2 7 5 10 7 3 8 9 6 6 4 2 8 8 6 7 1 6 2 4 10 9 7 1 5 10 5 10 5 1 9 8 5 9 2 7 1 2 1 9 10 8 9 6 3 9 6 9 1 7 8 4 10 1 7 7 1 2 8 10 2 4 7 5 2 5 8 1 6 2 5 3 5 5 1 6 2 3 9 2 9 5 4 4 3 3 6 1 4 7 9 6 1 1 5 1 2 3 5 1 1 6 5 9 10 7 4 5 8
4 1 4 2 4 1 8 6 8 3 2 4 9 10 5 1 4 3 8 4 5 2 10 10 5 6 8 7 7 4 3 1 2 10 9 2 7 10 8 10 9 3 7 1 4 1 10 6 6 1 8 8 5 7 7 2 8 8 8 3 6 5 1 4 5 4 2 5 5 7 5 7 3 1 6 9 10 3 9 9 3 4 6 7 6 2 3 2 7 6 5 10 4 3 6 9 1 9 8 10 6 9 4 4 3 4 6 6 5 4 6 1 6 9 8 2 8 9 3 7 7 3 7 5 8 6 5 6 10 4 6 9 1 5 6 5 8 6 5 5 5 10 2 6 7 8 6 6 6 3
2 7 8 5 10 7 1 5 7 1 1 9 9 6 7 5 6 7 5 10 4 3 1 10 6 7 2 10 7 7 10 1 7 5 5 1 5 10 9 8 5 2 8 4 6 7 3 9 7 2 6 8 6 7 8 9 3 1 3 4 9 9 10 3 5 9 5 3 1 10 3 10 5 3 7 2 8 9 5 4 8 8 3 10 5 2 2 7 2 2 9 6 8 5 4 6 8 4 6 2 10 7 1 8 2 8 9 10 8 3 10 9 8 7 10 1 9 9 3 1 6 7 3 6 1 10 6 6 9 10 5 6 7 2 1 5 3 7 9 5 2 2 2 10 3 2 1 10 9 2
5 7 1 10 7 9 9 6 2 1 10 6 5 4 2 7 1 5 1 3 5 5 1 3 2 2 10 5 3 7 10 9 5 8 8 6 5 8 8 10 10 8 9 6 3 7 10 2 2 2 5 9 8 7 5 9 5 2 2 1 10 7 2 9 5 9 10 8 7 4 10 4 1 10 9 10 2 3 6 8 9 8 5 2 5 2 1 6 9 9 3 5 8 10 6 7 5 3 1 5 9 8 2 5 2 7 7 5 3 10 1 7 8 2 6 7 1 1 5 7 4 10 1 4 4 3 2 10 10 1 3 7 6 5 1 6 8 2 1 7 9 10 9 6 10 7 8 1 1 2
1 10 4 10 2 8 5 3 9 6 5 5 8 3 9 1 3 4 6 9 3 2 5 4 8 9 8 6 7 10 5 6 4 6 7 7 2 4 3 2 2 2 4 8 3 6 10 3 4 10 9 6 10 6 1 9 5 1 8 1 9 5 1 5 7 8 4 6 5 10 1 10 5 2 4 3 9 10 2 10 6 2 4 1 3 10 10 8 7 3 1 5 2 3 5 7 3 6 9 2 9 9 9 3 2 7 1 7 3 5 8 6 5 9 3 8 6 7 4 8 6 6 9 6 10 6 8 2 6 5 7 4 10 6 7 8 3 2 8 2 8 8 3 8 4 3 2 1 8 7
4 7 6 8 8 9 4 6 4 9 2 8 5 9 6 4 5 10 4 4 8 3 9 7 5 7 10 6 3 10 7 1 7 3 6 5 2 10 8 2 8 5 2 7 8 9 6 2 4 2 10 5 10 1 1 3 8 3 5 2 3 9 4 7 9 4 3 5 2 5 2 2 4 9 7 3 5 6 1 2 2 6 3 9 1 4 3 2 2 9 9 7 6 9 5 9 8 8 6 7 3 6 9 3 7 2 6 8 9 2 3 3 2 9 3 5 4 5 7 6 8 9 7 6 7 4 2 8 1 7 2 4 1 8 6 7 7 3 9 10 7 1 9 8 5 9 10 10 10 6
4 10 6 5 4 7 5 5 2 4 9 6 4 1 8 10 5 5 5 9 9 1 4 4 5 9 8 6 6 3 7 2 3 5 6 4 10 10 2 7 9 9 9 8 5 5 3 1 1 7 5 5 9 3 9 3 4 8 7 8 5 7 4 3 9 5 7 10 1 6 8 1 7 2 10 4 5 4 7 9 1 1 7 9 1 1 10 9 7 10 9 6 10 10 10 3 1 6 8 10 7 10 5 4 10 6 8 9 3 8 6 8 4 5 3 4 7 1 9 5 10 10 4 1 9 3 4 10 2 5 1 4 2 9 2 3 4 1 5 6 8 8 6 1 3 2 7 1 4 4
1 8 7 1 7 5 4 10 3 2 10 7 6 1 5 7 9 2 6 5 8 9 10 2 6 3 9 4 1 6 8 9 1 7 7 5 5 2 5 9 9 6 7 4 10 10 9 7 8 1 6 1 7 8 2 8 8 3 2 6 1 2 6 2 9 1 10 8 4 3 8 5 3 9 5 7 7 8 7 10 3 1 3 7 8 2 5 3 10 2 7 5 6 10 1 9 2 8 9 3 6 6 8 6 9 7 7 3 8 2 3 10 4 5 2 4 8 2 1 8 5 10 2 9 2 5 9 10 1 10 3 6 8 2 4 3 8 4 7 2 5 7 5 4 5 2 2 7 6 7
2 3 2 1 4 2 5 6 8 10 7 10 9 4 9 10 9 3 4 2 8 2 3 10 8 8 8 3 6 5 6 9 1 10 5 1 8 1 10 7 4 2 9 1 4 8 9 9 9 9 9 3 1 9 5 4 9 6 6 10 4 3 4 3 2 10 5 2 7 6 1 7 1 2 3 10 9 9 2 7 1 4 2 10 7 3 7 7 3 10 8 5 9 1 7 8 7 7 8 7 8 8 2 1 4 3 1 6 4 5 6 8 3 10 10 8 4 4 9 3 5 1 7 9 7 10 6 10 6 8 2 1 4 1 9 3 1 8 4 3 7 6 10 9 3 10 3 1 8 6
5 2 9 4 8 2 5 8 2 7 2 3 8 1 9 10 2 2 10 7 4 1 1 8 7 10 8 6 4 10 9 5 3 5 9 8 2 4 2 6 3 6 2 2 2 9 7 7 9 8 10 5 10 8 2 7 5 7 1 2 4 5 5 2 5 4 3 2 8 6 8 5 3 8 3 8 8 2 10 4 5 9 3 8 7 3 5 4 6 5 4 1 7 8 2 7 2 3 5 10 5 2 7 1 1 7 4 6 9 10 2 10 7 2 1 9 9 2 8 7 1 2 2 1 3 1 3 7 3 7 1 1 9 8 10 4 2 4 4 6 2 2 8 6 7 4 6 5 7 5
1 1 10 7 3 9 6 2 8 5 5 3 3 10 7 5 10 4 5 6 1 8 5 6 9 5 3 9 5 10 1 6 1 3 8 4 7 5 3 10 4 6 8 5 6 3 7 8 6 9 6 5 9 2 6 4 2 7 2 5 1 10 4 9 4 7 1 4 8 4 10 3 3 10 3 7 2 9 3 7 7 4 4 2 4 5 8 4 9 1 7 7 7 3 9 9 8 3 3 3 2 4 5 9 2 3 5 9 1 8 10 4 3 2 1 10 1 7 5 1 2 5 7 10 2 8 3 3 2 3 3 3 2 7 10 8 1 1 10 2 3 7 9 5 3 8 1 7 5 2
5 3 2 10 8 3 6 8 2 2 7 1 8 5 9 1 7 4 2 4 8 2 6 10 2 7 6 2 3 6 10 9 8 2 3 7 1 10 5 7 10 3 9 4 9 5 4 1 4 9 10 5 10 7 3 5 3 2 3 2 9 2 8 4 5 2 8 3 2 5 3 8 8 3 3 5 10 7 3 8 7 9 3 1 2 8 10 6 7 5 4 5 2 3 4 5 7 2 3 1 10 9 8 6 7 7 2 7 1 6 8 9 6 9 4 3 10 5 9 2 2 1 10 5 1 1 6 2 2 2 5 7 1 6 10 5 4 1 1 10 9 8 3 1 9 8 2 8 8 7
5 6 5 9 2 9 8 5 7 7 10 1 1 4 10 3 1 7 10 9 1 6 4 4 1 3 2 7 10 2 6 3 10 4 4 10 5 5 3 1 1 6 6 6 4 9 7 9 3 1 3 6 6 1 5 8 1 4 8 7 10 6 7 5 6 4 3 9 4 2 10 7 8 5 10 7 4 7 9 8 4 6 1 6 8 8 8 9 5 5 3 6 3 7 8 7 5 1 10 10 6 10 2 2 10 6 8 4 4 10 10 7 5 8 2 4 5 6 6 5 2 4 3 5 7 9 7 6 10 1 4 1 5 10 9 1 4 10 4 4 8 7 2 5 5 9 3 1 9 4
1 4 7 3 10 7 9 7 3 4 7 6 7 5 8 5 4 1 7 5 4 1 9 9 3 1 10 2 6 5 3 3 1 2 2 7 9 6 10 2 8 6 6 10 6 1 3 1 1 7 7 9 9 6 6 3 7 4 4 10 6 8 3 10 9 3 10 5 9 4 2 6 10 8 4 1 9 8 7 5 4 3 7 8 7 4 5 7 7 5 4 5 5 6 4 3 1 9 10 7 5 8 9 4 4 10 10 8 8 4 9 10 2 10 9 3 10 3 7 6 10 6 1 2 10 6 3 6 2 5 1 8 10 8 4 4 8 5 10 6 4 6 6 3 5 6 9 5 2 9
1 3 7 5 4 8 3 7 7 10 2 5 5 4 8 7 4 2 5 5 1 5 10 5 6 4 5 1 9 4 9 8 4 7 6 6 6 7 8 5 8 7 4 10 6 6 4 10 2 8 10 1 10 8 2 8 2 1 2 9 4 4 2 8 7 9 9 2 6 8 8 9 10 2 6 4 4 2 8 6 7 7 10 2 10 6 8 8 3 3 6 4 3 8 9 10 8 7 6 8 8 9 1 4 10 1 10 4 7 3 10 8 2 7 10 2 1 9 1 1 6 6 3 10 5 6 3 9 1 4 3 2 3 3 8 6 1 4 3 9 6 7 5 8 3 7 4 8 3 2
2 2 6 5 5 2 1 5 5 3 7 8 3 4 1 3 5 3 9 6 5 2 10 7 3 2 8 5 4 1 6 6 10 3 4 3 4 5 6 9 4 5 7 2 6 2 6 6 5 5 7 1 6 7 5 4 9 9 10 5 6 6 7 7 8 1 2 8 9 5 10 6 2 10 1 2 6 9 10 5 7 7 1 3 7 6 5 6 10 2 2 1 10 10 8 10 5 3 1 2 5 9 9 2 6 8 10 6 3 2 7 7 9 10 3 4 10 4 4 5 10 8 8 9 3 7 2 8 5 4 2 1 7 6 5 2 8 2 4 3 3 1 6 1 5 2 5 6 1 5
3 4 6 5 10 2 3 9 4 2 6 7 4 10 5 7 3 8 1 9 5 10 10 6 8 9 8 1 3 3 3 3 8 3 7 9 3 1 9 10 7 2 10 2 1 8 9 2 6 8 9 4 5 9 4 5 4 10 1 5 7 2 1 5 10 8 5 8 10 7 10 8 2 7 3 3 6 7 4 5 9 6 8 10 10 10 10 3 4 3 3 7 6 8 6 9 4 7 10 1 1 9 9 8 3 4 3 7 6 4 10 10 7 3 7 2 1 5 5 3 3 3 3 8 8 8 10 1 10 5 6 10 7 7 5 10 1 10 1 6 5 1 6 4 7 4 6 5 8 7
1 5 4 3 3 7 2 8 10 7 3 9 5 4 1 9 4 7 4 3 7 6 5 3 6 1 6 10 10 4 4 1 9 9 5 9 9 4 2 4 10 2 4 6 9 9 1 7 7 8 7 5 9 9 10 7 9 4 7 1 9 6 3 2 2 6 8 2 1 9 10 2 8 2 4 3 2 8 10 10 9 6 7 9 5 7 6 2 7 9 10 2 7 10 1 9 4 10 8 9 3 7 7 8 7 4 9 3 9 7 9 3 9 5 5 8 8 10 10 4 8 4 10 2 1 3 5 5 9 7 7 7 1 4 3 4 5 1 10 3 4 6 5 1 3 8 4 2 3 3
3 9 2 9 1 5 8 10 4 8 7 8 9 5 4 5 6 9 10 3 1 6 9 10 1 8 10 4 5 1 7 9 8 8 9 7 7 8 4 2 2 8 2 9 2 6 8 7 2 3 4 2 10 2 10 9 4 8 8 8 9 3 1 5 7 8 6 4 5 4 4 3 6 4 3 6 3 8 2 1 7 6 7 4 3 6 3 9 1 10 9 1 2 4 5 9 3 1 5 8 10 10 4 7 5 3 7 1 9 8 6 9 10 1 6 7 2 1 2 1 3 6 2 2 9 4 10 8 2 3 8 10 2 4 4 10 3 4 3 2 6 8 4 4 1 7 3 4 10 3
1 6 10 5 1 2 5 10 2 3 10 7 1 5 1 10 5 8 9 4 9 8 9 7 5 9 8 3 4 1 4 8 1 4 9 2 9 10 7 3 3 4 2 6 1 6 8 2 9 9 5 10 8 10 6 6 3 4 10 7 9 10 2 8 6 8 9 3 8 9 3 10 9 10 9 3 10 6 10 9 3 5 8 4 5 7 10 8 6 8 1 5 1 6 7 7 1 7 9 5 6 9 6 5 2 4 8 8 7 9 7 5 5 5 5 2 3 2 7 4 4 6 7 1 1 3 1 6 3 3 4 3 2 1 8 3 2 5 7 4 3 5 10 10 2 4 2 5 3 2
2 4 10 4 6 4 3 8 8 3 5 10 6 4 2 4 1 1 2 1 10 6 3 3 5 1 1 5 10 1 3 7 8 10 4 9 6 10 5 1 2 2 7 8 5 6 6 5 9 9 1 7 3 1 4 2 1 1 6 4 6 8 4 3 10 6 4 8 8 1 5 7 9 7 4 2 5 4 7 3 10 4 3 7 4 4 9 2 6 6 10 1 2 1 7 3 1 2 10 6 9 8 2 3 8 2 3 2 10 10 6 4 7 7 5 10 8 2 7 5 4 8 6 5 6 6 9 8 5 7 3 4 9 8 6 3 5 5 6 6 2 8 1 5 4 8 3 4 3 10
4 4 4 4 6 8 1 8 2 6 3 7 3 9 5 5 4 4 6 2 9 1 4 7 1 8 4 6 2 10 5 8 2 3 6 10 7 5 9 6 8 6 2 3 2 6 7 2 7 1 10 1 9 10 9 5 6 6 8 9 8 7 9 9 8 8 5 10 7 3 10 2 4 5 2 7 10 10 2 3 3 8 8 7 5 8 6 5 3 10 5 2 10 1 1 7 4 3 7 8 6 8 7 10 8 8 2 9 1 8 4 4 9 7 7 7 4 2 2 6 10 9 8 10 10 8 10 2 2 1 6 2 6 4 7 2 10 8 8 1 4 4 5 6 4 5 10 7 5 10
1 9 9 2 1 6 8 8 6 4 8 7 1 10 2 8 7 6 9 6 5 9 3 7 10 5 3 10 4 3 4 6 6 9 5 8 3 2 5 9 6 6 5 1 4 7 7 4 2 6 1 8 8 2 1 1 10 9 8 1 2 7 4 1 7 3 1 3 1 4 7 2 3 3 10 1 10 5 5 9 5 1 4 1 4 6 4 6 3 3 7 2 6 3 4 10 9 1 1 3 7 9 9 5 5 6 10 4 6 9 3 6 4 7 2 1 6 2 9 4 2 1 3 2 2 4 8 3 7 7 3 1 1 8 5 5 1 9 3 7 1 4 5 7 7 6 6 4 3 4
2 8 9 10 9 4 5 1 8 7 2 8 8 7 8 1 4 6 4 1 10 5 4 4 7 4 6 2 2 1 3 4 10 9 3 2 3 9 8 3 1 1 9 9 1 1 4 3 7 2 9 4 9 7 7 1 6 8 3 10 2 3 5 9 3 4 2 9 4 6 4 8 6 5 10 4 2 1 7 6 8 4 10 7 1 6 2 5 3 3 5 2 4 10 8 7 3 6 5 8 4 6 1 9 5 1 3 2 5 3 3 7 7 3 4 5 3 2 10 7 4 5 7 6 9 2 8 5 1 3 5 10 6 7 6 7 5 3 1 6 7 9 8 2 2 10 6 3 2 8
5 9 4 6 7 1 4 7 3 6 1 7 3 4 2 1 9 7 7 9 9 10 3 1 10 3 7 2 5 8 1 7 4 10 8 5 6 6 9 1 10 10 2 2 7 8 1 9 2 8 10 3 2 10 3 3 4 9 6 10 6 7 4 6 9 7 1 3 4 5 5 3 5 5 9 2 8 8 2 1 9 1 8 10 8 1 9 4 5 3 8 5 4 1 3 9 2 9 7 3 4 2 4 10 8 1 6 9 10 6 9 10 10 4 8 2 8 3 3 5 6 5 9 10 7 9 3 10 5 10 6 2 1 10 10 9 1 7 7 3 4 2 10 10 7 5 5 8 6 6
5 3 9 5 2 8 1 3 8 9 5 3 5 1 9 4 5 9 4 9 6 3 2 10 2 2 2 4 6 3 4 4 9 3 2 9 9 8 4 10 8 8 3 4 5 4 5 5 7 6 2 4 10 5 8 6 10 6 8 4 10 5 4 2 1 1 6 6 7 5 4 8 9 7 3 7 9 9 2 5 3 7 8 10 6 10 10 5 2 8 9 3 4 7 8 7 1 8 9 5 10 7 6 5 2 5 10 5 4 2 5 4 8 7 2 6 3 2 9 9 6 2 3 6 7 8 7 8 10 9 3 8 5 7 9 8 8 10 7 6 1 2 6 7 5 7 9 6 1 8
5 5 6 9 3 5 7 10 4 9 4 6 4 9 6 1 3 2 2 1 6 1 9 1 8 8 9 2 4 10 5 10 4 3 6 2 4 1 8 6 3 10 4 5 1 5 9 4 8 1 5 10 1 8 5 5 1 10 8 2 7 8 1 7 9 5 5 9 7 9 3 7 4 8 4 8 10 4 5 5 1 7 3 2 9 2 10 9 2 6 10 4 3 2 4 4 2 4 5 10 4 8 4 10 9 5 3 8 5 7 9 10 8 2 1 2 3 9 8 2 4 9 5 2 4 3 10 7 3 2 2 4 4 2 9 3 6 7 3 3 8 8 5 5 6 9 7 6 4 4
1 4 2 6 8 10 6 8 5 4 5 8 7 8 10 6 1 6 3 1 6 4 10 10 5 2 4 3 8 8 4 9 9 6 3 1 2 6 1 4 8 6 6 1 1 2 1 8 1 6 8 4 6 8 2 7 10 7 2 9 9 4 9 7 1 2 5 8 4 1 2 1 6 10 5 2 3 3 5 6 6 1 1 7 7 7 3 5 9 6 1 10 1 7 5 1 5 3 9 5 1 8 1 9 7 3 6 7 2 1 7 8 1 3 4 2 5 3 8 8 2 1 2 1 8 7 1 4 8 3 2 6 10 6 8 6 3 5 7 1 9 5 9 7 8 4 2 6 6 9
2 6 9 9 10 3 9 3 5 1 10 8 4 8 9 3 4 3 3 1 7 7 2 6 7 9 8 4 2 2 7 6 3 7 6 2 7 4 3 4 10 1 6 9 10 8 3 8 3 10 4 5 10 7 4 5 9 4 3 7 4 5 10 1 3 8 9 4 6 8 5 2 10 8 5 4 3 5 2 4 1 10 1 2 5 7 8 5 9 4 8 8 10 6 5 6 10 6 2 8 1 4 5 2 2 9 9 5 3 8 2 4 9 5 3 9 3 4 6 3 5 10 8 8 10 8 6 10 3 10 5 2 4 7 10 7 9 8 1 3 5 4 6 4 4 5 3 4 5 6
1 2 1 2 2 6 3 4 3 8 9 1 7 6 6 10 6 9 9 7 1 9 3 6 10 10 9 9 7 8 7 2 8 2 1 10 5 10 10 5 6 4 3 10 1 2 3 10 8 1 7 8 8 6 3 4 5 4 5 2 6 2 3 6 7 7 9 9 1 6 3 1 7 3 10 7 10 3 2 1 2 3 7 10 9 10 8 5 7 2 2 4 8 1 3 7 8 5 2 6 5 10 2 5 5 9 9 9 1 4 1 7 7 7 9 4 7 9 10 8 8 2 2 4 1 6 4 7 6 1 3 8 8 9 2 3 4 8 5 7 2 4 8 4 2 2 4 4 7 5
5 5 5 3 5 7 10 7 7 10 10 6 7 7 9 10 5 6 2 9 6 2 9 10 4 3 10 8 7 1 1 1 10 10 10 9 9 1 2 4 10 6 10 8 3 8 9 10 1 4 2 6 4 4 3 3 7 3 10 5 5 4 5 4 7 2 6 10 1 10 4 3 10 3 4 9 5 1 5 3 2 3 2 9 10 8 4 9 5 6 9 2 6 3 9 7 5 10 2 8 6 5 5 2 2 4 4 8 6 2 1 10 7 6 8 5 6 1 2 3 7 8 4 8 8 10 1 1 9 2 5 6 6 6 6 7 9 7 1 8 7 6 4 9 8 8 6 3 5 7
5 1 3 9 8 10 10 1 3 7 6 10 7 9 1 5 7 2 4 7 3 9 7 3 7 1 8 4 7 6 10 6 10 5 2 3 5 9 4 3 2 3 2 9 2 9 3 5 5 2 5 2 4 5 8 4 9 10 2 9 3 1 2 7 5 2 8 9 7 9 10 4 3 1 2 3 9 5 8 4 4 10 10 1 5 7 2 10 8 2 3 3 4 1 7 8 6 9 10 7 2 5 5 3 8 2 1 3 2 5 9 2 2 5 2 4 5 10 5 5 1 2 2 3 2 5 2 9 4 9 8 3 9 9 8 4 7 10 9 6 1 2 2 10 9 3 2 5 4 7
3 5 9 3 5 8 8 5 4 5 2 10 8 8 7 1 6 8 1 7 1 1 2 2 7 3 5 10 1 5 10 4 5 8 10 7 8 7 7 7 2 4 5 3 3 3 8 4 8 9 5 9 1 2 9 8 5 8 5 8 9 7 10 7 4 4 3 4 4 5 5 10 7 2 5 6 5 10 6 3 10 2 1 6 7 7 5 9 8 5 4 10 9 6 4 2 4 9 2 1 4 4 5 9 5 1 7 3 10 1 7 10 5 4 7 6 4 6 5 10 5 2 1 10 2 3 9 6 6 5 2 3 2 6 2 7 4 9 2 5 9 3 7 9 4 4 3 1 3 6
3 8 5 3 9 9 1 8 3 8 2 4 2 5 8 9 9 3 7 5 4 4 1 9 7 9 10 2 4 6 7 10 6 7 6 3 7 9 1 10 9 7 6 7 2 6 6 6 9 6 1 10 10 2 7 4 8 2 2 4 3 10 5 7 7 9 3 8 9 1 1 7 4 6 9 5 2 2 2 5 6 10 8 4 7 1 2 6 1 5 7 7 7 1 3 7 10 1 2 3 10 7 8 1 2 3 1 8 10 7 1 2 3 3 1 8 8 9 2 6 6 6 1 9 4 6 7 6 6 10 9 3 3 4 10 3 5 10 9 2 1 7 6 4 1 7 8 8 9 7
1 9 9 3 3 9 4 7 7 3 5 7 1 8 7 7 9 9 9 8 3 1 7 7 5 9 8 6 2 2 4 8 2 5 5 2 4 5 8 3 7 8 8 3 3 10 3 4 7 4 1 9 10 6 3 7 4 6 10 7 1 10 9 4 1 6 2 9 10 3 2 8 2 9 2 9 8 6 3 10 1 7 1 8 5 7 4 3 4 10 5 7 4 1 6 2 2 10 9 3 4 1 5 6 1 5 1 6 4 9 9 3 5 2 4 7 9 9 6 5 1 7 7 8 2 7 6 4 3 3 2 2 6 10 9 9 5 7 9 7 9 1 4 8 2 5 9 9 10 8
3 5 5 10 7 1 4 5 10 1 10 10 10 7 3 10 8 3 8 7 10 9 7 7 3 1 8 8 3 7 3 9 10 6 10 3 3 10 5 10 5 5 5 3 8 9 7 6 10 9 2 5 8 1 2 2 7 1 4 8 8 3 7 8 10 9 3 5 10 6 5 9 4 8 2 8 10 2 1 4 2 6 7 3 1 10 3 7 3 6 10 1 10 10 1 9 7 4 6 4 8 9 1 2 9 8 3 7 8 9 8 5 5 3 5 3 5 8 6 6 6 1 10 4 2 1 4 8 9 2 1 8 10 9 5 1 1 1 1 8 10 8 10 2 8 10 5 4 2 2
2 9 3 7 9 9 8 10 2 8 2 4 4 3 1 7 2 10 3 10 9 10 3 7 3 10 4 8 10 7 4 4 10 6 6 8 8 4 10 9 10 10 8 4 2 4 6 7 10 2 8 7 7 3 9 3 7 2 8 9 10 2 10 4 9 3 3 4 5 6 1 1 10 7 6 1 8 10 10 4 3 3 5 8 6 4 5 7 4 6 9 9 7 9 1 5 2 8 6 5 7 9 9 7 7 9 6 10 8 5 4 8 5 7 1 2 2 7 2 9 5 3 9 4 3 4 5 3 4 10 2 3 5 1 7 4 5 2 8 2 7 3 5 8 3 4 4 2 4 1
5 8 4 9 7 1 6 8 7 5 7 9 7 4 1 4 2 3 3 4 6 1 1 5 3 1 2 1 1 5 9 5 5 5 3 9 9 6 4 3 1 4 5 6 8 9 6 2 7 9 2 4 9 2 5 3 3 3 4 8 8 9 8 8 1 4 1 10 3 5 10 7 1 7 9 6 1 5 7 2 1 2 3 4 4 6 2 7 7 5 10 3 9 2 6 5 4 7 3 2 2 7 2 5 8 4 7 1 2 6 7 3 6 6 2 9 10 3 1 8 3 4 8 10 1 6 5 9 8 5 6 4 10 7 8 9 8 6 4 8 8 5 9 1 8 7 7 8 3 3
4 4 10 7 8 6 6 5 6 9 7 5 5 9 4 7 4 6 4 2 1 10 7 6 5 1 4 2 5 9 2 2 7 10 1 3 9 10 9 3 7 5 5 1 2 2 7 2 4 2 7 10 2 9 3 1 4 7 6 9 5 3 1 3 1 3 8 4 9 7 4 10 9 8 6 5 5 3 10 6 2 10 7 7 4 6 7 4 9 1 8 7 6 5 8 5 10 3 9 4 8 4 4 4 2 1 5 2 6 6 10 1 8 3 3 7 4 1 7 6 9 3 8 4 7 10 7 2 5 1 5 5 10 4 3 5 4 1 8 10 1 3 1 2 5 9 10 3 6 9
