150
46 35 28 6 49
7 31 21 12 13
24 49 6 27 42
48 36 21 37 46
14 44 10 24 11
32 46 12 27 2
32 44 33 40 7
24 44 45 36 5
41 17 43 49 35
27 50 39 21 26
7 18 29 44 57
16 15 31 36 0
36 29 48 37 55
23 20 45 21 43
14 6 11 39 9
38 42 8 50 13
28 44 15 21 10
14 22 35 42 17
42 22 30 28 17
26 37 45 40 52
29 19 34 12 35
48 5 26 37 23
40 11 9 8 15
12 45 7 40 52
46 27 50 50 9
9 8 33 7 33
19 41 50 8 9
17 45 17 39 42
36 49 41 46 52
17 11 44 30 7
45 14 18 37 54
23 41 12 17 37
47 42 46 21 53
28 6 7 13 42
19 23 7 46 11
42 18 8 16 58
49 25 29 31 17
14 25 16 11 16
14 13 25 38 60
6 38 30 50 24
5 12 34 25 49
46 50 47 42 31
15 47 32 48 23
37 14 18 22 16
5 13 50 30 30
23 41 23 35 27
19 50 20 13 43
41 47 27 33 42
8 30 24 43 17
21 14 46 5 44
18 20 42 35 33
29 45 27 31 60
21 33 18 31 5
32 19 50 31 43
26 20 30 31 10
35 10 46 15 29
28 22 12 25 39
27 5 19 42 25
15 28 24 34 24
36 38 14 28 26
47 30 45 44 56
5 42 28 41 4
46 13 49 33 13
41 13 8 7 40
6 23 13 14 34
38 42 9 15 8
10 48 41 7 9
20 40 49 44 57
25 22 34 14 9
32 46 30 15 37
8 6 36 9 30
22 49 37 5 54
11 40 31 12 6
11 32 13 29 39
32 23 37 38 40
43 47 31 11 41
44 34 48 38 0
25 19 27 38 59
19 35 12 10 12
14 31 47 9 8
17 25 41 20 51
11 49 23 29 16
9 20 31 6 33
45 22 14 8 60
32 8 47 18 16
36 50 22 34 51
40 28 12 7 35
33 34 19 27 8
25 5 47 8 8
32 43 23 34 27
43 15 47 42 21
31 19 26 39 35
9 48 5 33 16
9 34 5 46 23
7 5 36 15 7
36 46 12 46 24
15 15 18 10 42
49 9 12 16 47
43 47 8 6 4
37 9 5 42 9
18 31 34 13 17
18 11 12 34 35
26 21 50 33 37
43 39 43 7 38
32 8 15 47 46
33 44 5 9 38
16 24 19 17 48
8 11 26 13 39
46 10 50 8 22
43 12 48 17 37
22 39 11 18 47
40 12 36 40 16
44 29 12 43 7
19 33 26 26 4
42 25 42 7 60
30 35 25 27 46
40 42 30 33 21
10 41 36 37 50
32 27 24 17 23
40 48 28 15 19
26 37 49 42 28
48 45 30 22 53
8 32 41 30 59
35 36 47 32 55
41 31 22 41 42
37 31 50 44 58
29 48 5 42 1
6 47 17 26 25
18 19 21 11 29
50 22 32 49 0
10 32 38 28 31
37 39 8 12 0
13 34 12 36 43
19 29 22 26 7
48 24 45 46 31
50 27 7 48 20
25 18 25 8 15
39 43 50 26 8
26 12 14 11 6
11 7 34 14 58
25 44 36 14 32
21 31 42 23 8
29 43 33 44 17
22 27 47 50 18
28 13 36 10 50
29 28 46 49 58
16 41 39 15 14
25 40 45 40 47
45 39 44 31 57
23 50 45 27 6
0 2 1 1 5 5 5 4 2 5 3 1 1 2 5 1 3 4 5 3 3 2 3 1 3 4 4 4 3 4 1 5 4 4 4 2 5 4 4 2 2 4 5 2 3 4 4 2 2 3 3 2 3 5 3 1 3 1 3 5 5 3 3 5 5 1 1 1 3 5 5 3 2 5 5 3 3 1 2 3 3 5 4 5 5 3 4 3 2 5 1 2 3 2 2 4 4 1 2 3 5 5 4 5 1 4 4 2 4 5 2 5 4 4 1 5 5 2 4 1 4 4 3 4 1 4 2 4 3 2 1 4 3 1 5 5 2 2 3 3 2 1 4 5 5 2 4 4 3 5
4 0 1 1 1 3 2 2 1 1 3 2 3 1 3 3 3 5 2 3 3 1 1 3 3 5 3 5 4 4 1 5 4 4 5 2 3 1 2 3 3 2 4 1 3 3 1 3 4 4 5 1 5 5 5 2 1 1 5 1 4 3 1 2 3 2 4 2 2 5 5 2 2 1 1 5 1 5 1 3 3 2 5 5 1 5 2 2 4 1 3 3 1 4 2 2 2 4 3 2 1 3 2 3 4 2 1 3 5 4 1 2 2 2 3 3 4 5 2 5 3 5 1 1 5 1 4 4 3 2 3 4 5 5 5 5 2 5 4 4 1 4 1 3 4 4 3 4 5 3
2 1 0 1 2 3 5 3 3 1 1 5 1 3 2 1 2 2 2 4 1 1 4 1 1 4 2 2 4 3 5 3 2 2 3 2 3 3 1 1 1 2 1 1 4 1 5 5 1 3 5 1 3 4 3 2 3 3 5 4 4 4 2 1 2 1 1 1 1 2 3 1 4 5 4 2 2 2 4 4 4 5 3 1 3 2 1 3 2 3 3 2 1 3 4 3 4 3 3 1 1 3 1 5 5 2 3 4 4 1 4 1 2 5 3 2 1 4 5 1 1 2 4 3 4 3 3 5 1 2 5 5 1 5 1 5 2 3 3 4 4 2 3 3 1 3 2 4 4 4
4 2 3 0 3 2 2 5 3 2 1 4 3 2 5 3 2 1 3 1 1 3 4 2 3 2 1 5 5 4 4 5 3 1 3 1 1 2 3 2 3 1 1 1 1 1 1 2 3 2 1 1 3 3 4 5 4 4 5 5 2 3 4 3 5 4 2 1 2 4 2 4 4 3 2 2 5 3 4 4 1 3 4 5 3 4 4 3 2 2 5 4 2 3 4 4 4 5 5 2 5 2 2 3 3 2 5 2 3 4 4 2 4 5 3 4 2 3 2 3 1 2 2 5 4 4 3 1 3 1 3 3 4 4 3 3 1 4 1 5 2 3 1 2 3 2 4 4 5 2
4 5 3 1 0 4 5 1 4 1 2 1 2 5 4 4 5 4 5 4 4 3 5 3 4 5 2 5 1 2 5 4 5 2 2 5 5 5 2 5 1 3 2 3 2 2 1 2 1 1 3 3 2 3 5 5 5 1 1 1 4 4 2 1 1 3 4 1 5 2 5 1 3 1 5 1 2 3 4 3 5 2 2 3 3 3 2 3 2 2 4 1 4 4 1 5 1 3 4 1 5 2 3 4 3 2 5 2 5 3 4 4 4 4 5 5 5 2 5 4 4 1 3 4 4 3 2 4 1 3 4 5 5 5 1 4 3 3 5 5 4 4 4 1 5 2 1 5 2 4
1 4 4 3 4 0 5 4 5 4 2 1 5 5 3 2 2 3 3 2 2 3 3 4 2 1 3 5 5 4 1 1 1 4 2 1 2 5 5 1 2 5 2 2 3 3 2 2 1 1 1 2 2 2 5 4 5 3 5 2 3 2 2 3 3 2 4 4 3 2 4 4 5 5 2 2 1 5 5 2 5 3 4 5 3 2 1 5 1 4 2 3 4 4 1 1 5 3 3 3 4 4 5 4 2 4 3 2 1 2 5 4 1 4 5 5 5 2 1 5 3 4 5 1 2 3 4 4 1 1 1 3 2 3 2 2 4 4 1 5 5 2 4 4 3 3 5 2 1 3
4 1 5 2 4 5 0 1 4 2 5 3 1 3 1 2 5 4 5 2 4 3 5 5 1 2 4 2 4 5 4 5 2 4 5 1 2 4 3 5 3 4 5 1 4 5 5 2 2 2 4 1 4 1 4 5 4 4 5 2 2 2 1 3 2 5 3 2 3 3 1 2 2 3 2 2 1 5 5 1 5 4 1 5 1 1 4 5 1 3 4 1 3 3 4 5 4 4 4 3 5 4 3 4 4 3 5 5 5 1 3 4 2 2 4 5 3 2 4 5 5 4 2 4 4 1 1 1 3 5 5 3 4 2 4 4 2 1 5 3 2 2 5 4 5 3 4 4 1 2
3 5 3 5 2 1 5 0 3 1 2 4 5 3 2 4 4 5 5 4 3 3 1 4 5 4 4 5 5 1 4 3 4 1 4 3 4 4 1 2 3 3 1 1 3 4 3 4 5 4 5 1 5 5 1 3 4 4 2 5 3 4 4 4 3 1 4 2 3 1 4 3 1 5 3 2 1 4 4 1 4 2 4 2 5 1 4 5 4 4 4 2 1 3 3 1 3 4 4 2 1 3 3 2 2 4 2 3 2 5 3 3 3 2 2 5 5 4 4 1 5 1 1 3 5 1 1 2 2 1 3 5 4 4 4 1 1 1 3 4 3 5 1 1 4 1 5 1 2 1
5 3 2 4 2 2 3 5 0 3 4 5 5 5 3 5 5 2 1 5 1 1 1 2 3 5 5 3 5 5 3 5 2 2 2 4 1 3 3 2 4 1 2 5 4 2 2 4 5 3 1 2 2 1 4 5 3 4 4 1 4 2 5 3 5 1 3 5 4 5 5 1 3 2 5 2 1 5 1 3 2 5 1 4 5 3 5 2 2 4 1 2 3 1 3 1 4 4 5 4 2 1 2 3 1 4 1 3 1 1 3 5 2 2 5 2 2 3 1 1 5 5 4 1 4 4 2 1 2 3 4 2 2 5 2 1 1 5 5 2 5 3 1 3 2 4 2 4 5 3
2 4 2 5 5 4 4 5 4 0 2 3 4 3 5 2 1 3 2 4 4 2 5 3 1 2 4 1 5 3 3 1 2 2 3 4 4 1 3 4 4 4 5 3 4 1 4 3 5 2 3 1 4 5 5 2 2 4 4 1 3 3 1 3 4 3 5 3 5 3 5 4 2 1 4 5 2 1 1 5 1 5 1 1 3 5 4 4 4 4 4 3 2 2 2 3 2 5 2 2 1 1 5 3 5 3 3 2 2 5 3 2 1 5 2 4 3 5 3 3 5 3 3 2 4 5 4 1 4 1 3 2 2 4 1 3 2 3 1 2 4 5 4 1 2 2 5 4 5 5
5 3 5 3 2 5 5 5 2 1 0 5 3 2 1 2 5 3 4 4 5 2 2 1 3 1 2 1 3 2 2 1 2 5 1 4 1 4 2 5 4 3 3 5 4 3 4 4 5 2 5 5 4 4 3 2 1 2 3 5 3 3 2 3 2 5 1 1 4 2 5 3 4 1 1 4 2 2 2 3 3 1 2 4 4 2 4 4 4 4 1 1 4 2 2 4 1 5 4 4 2 2 5 1 1 1 2 5 5 2 4 5 1 3 4 1 5 2 5 3 4 2 5 3 4 1 1 2 2 5 3 3 1 2 2 4 2 1 3 3 5 4 3 4 5 5 1 3 5 1
3 2 2 2 3 3 4 2 5 5 1 0 4 4 1 2 1 5 5 4 5 2 4 2 1 1 2 2 3 4 5 3 5 4 5 5 3 4 4 2 2 2 3 2 4 1 5 1 2 4 4 5 1 2 1 5 5 3 2 2 4 2 1 4 2 5 4 3 5 5 5 3 3 4 4 4 3 2 3 4 3 3 5 1 4 2 3 2 4 5 1 3 4 3 2 3 1 4 5 3 5 3 5 2 3 1 4 3 4 4 5 4 2 4 5 1 1 4 1 2 3 2 3 3 2 5 3 2 3 2 3 5 4 5 3 5 1 5 4 5 2 3 2 2 2 1 1 2 3 1
1 5 5 1 2 4 4 2 5 2 3 4 0 3 5 1 1 3 1 1 5 1 1 5 4 2 1 3 1 2 4 3 1 5 1 4 1 3 2 5 3 5 5 1 1 1 2 3 1 3 2 1 5 2 2 4 5 4 5 5 4 4 1 1 1 2 5 1 5 1 2 4 4 1 1 4 5 3 4 5 2 1 4 4 5 5 3 3 4 2 2 2 3 4 1 2 4 3 2 1 4 3 3 2 1 1 1 2 4 1 4 2 4 2 4 4 2 4 2 3 5 1 5 1 1 2 1 4 2 1 4 4 2 4 5 1 2 3 2 3 3 3 3 2 4 1 2 5 5 5
1 1 3 2 3 5 5 5 1 4 2 1 3 0 4 1 1 2 1 5 1 2 5 5 3 3 3 1 5 1 5 2 3 1 5 5 1 1 2 4 4 1 5 3 1 5 5 1 4 3 5 3 4 5 1 2 3 4 4 4 1 1 5 5 2 3 3 5 5 5 4 1 2 4 5 4 2 5 4 2 3 4 2 2 5 2 4 5 4 3 4 5 4 2 3 1 1 5 3 2 1 3 4 1 5 2 1 2 3 4 4 3 3 5 2 4 5 2 5 2 3 4 5 4 5 4 4 1 1 2 2 5 2 1 5 4 2 3 4 3 3 2 3 3 2 4 4 2 4 2
1 4 2 1 3 5 4 1 4 3 4 4 4 1 0 2 5 1 4 2 5 4 1 4 3 5 4 5 5 4 5 2 2 5 3 3 5 5 3 1 1 2 4 2 1 4 4 5 4 1 5 2 3 1 1 3 4 2 5 3 5 1 3 2 1 2 4 1 1 3 4 4 2 3 1 2 3 5 1 5 2 4 3 1 4 5 4 3 3 4 2 2 4 2 2 3 3 1 1 1 3 1 5 1 4 2 5 1 4 3 4 4 2 4 3 4 4 3 3 1 2 5 2 1 2 2 2 3 4 4 4 2 4 2 4 2 2 5 4 2 3 3 4 5 5 1 2 5 1 4
1 4 2 4 1 1 3 5 1 5 4 2 3 5 3 0 2 4 3 1 1 2 1 5 3 3 1 2 5 3 1 4 2 5 1 1 5 1 3 4 3 2 3 4 3 2 3 5 5 1 5 3 3 3 3 5 1 3 4 4 5 4 3 1 1 5 3 4 3 5 2 4 4 3 2 4 3 2 2 1 2 5 1 5 2 5 2 3 1 4 1 4 4 1 3 2 4 4 5 4 4 4 4 5 3 1 1 2 4 3 5 3 1 4 4 2 5 3 3 1 1 3 5 5 2 2 1 2 5 3 2 3 1 2 1 4 5 1 3 4 5 3 3 1 5 3 4 5 2 3
1 3 3 4 4 5 5 1 5 1 3 4 4 1 1 2 0 2 3 1 1 1 1 5 2 5 1 4 2 1 2 2 3 3 2 4 4 1 2 1 3 5 2 4 2 1 1 2 1 2 1 4 4 3 4 5 5 3 5 1 5 3 3 3 3 4 1 3 2 4 1 4 5 2 1 4 3 2 3 3 2 4 1 3 5 2 2 1 3 4 4 1 1 3 3 1 4 5 1 2 2 3 3 3 5 4 4 3 1 4 2 4 2 4 4 1 5 5 3 5 1 4 4 2 3 4 4 3 2 3 2 4 2 2 5 2 2 4 1 4 3 2 5 3 3 4 2 3 5 4
1 4 3 2 3 5 5 1 3 2 3 3 3 2 1 3 2 0 5 3 5 2 5 1 4 3 1 3 4 5 4 1 3 5 5 4 5 2 4 1 3 2 4 3 3 5 4 5 2 4 5 3 2 1 5 3 4 4 2 4 2 4 2 2 1 1 1 3 4 1 3 2 5 5 4 1 1 5 1 2 3 2 5 2 3 4 2 3 3 4 5 2 4 1 4 3 3 4 3 2 2 2 3 3 5 4 3 3 1 1 1 4 3 3 3 1 2 5 4 5 5 2 1 3 3 5 4 3 5 2 3 1 5 1 4 1 5 1 5 4 3 2 5 3 3 4 2 2 2 3
4 1 2 5 5 1 2 1 3 1 5 1 4 1 5 4 4 2 0 1 4 4 4 5 3 3 1 1 5 4 1 5 2 2 5 5 1 4 1 3 4 1 5 3 4 4 5 5 1 1 3 5 1 5 5 1 3 2 1 4 2 2 4 3 1 1 1 1 2 3 1 3 1 5 3 5 5 1 4 1 1 3 1 5 5 5 4 4 1 3 2 4 4 2 4 2 4 5 5 2 2 1 2 3 2 3 5 5 1 4 2 1 5 1 1 2 4 4 1 4 3 1 2 3 1 2 1 1 5 5 1 3 4 1 2 2 1 3 3 5 2 5 4 2 2 4 2 5 1 4
2 4 5 5 4 3 2 4 3 5 2 4 5 4 1 5 5 2 4 0 1 2 4 2 1 2 5 2 4 2 5 2 3 1 5 5 3 1 4 4 3 1 4 3 1 4 3 3 4 1 5 5 1 5 5 3 4 1 1 3 2 4 5 2 4 5 4 5 3 4 1 3 2 5 2 2 1 2 1 1 4 5 3 3 2 4 3 4 1 5 5 1 3 2 3 2 3 5 5 1 5 5 3 5 5 1 3 5 5 3 4 2 5 5 4 5 2 5 2 5 2 3 1 2 3 2 4 2 5 5 2 2 3 4 3 5 5 5 4 1 1 5 1 4 2 2 1 4 5 1
5 5 1 1 1 5 5 1 1 1 1 5 4 5 5 4 2 3 1 1 0 2 2 4 1 1 3 4 3 5 4 4 1 2 5 3 2 3 4 3 1 5 5 4 3 2 3 4 5 2 4 3 3 3 5 5 4 3 5 3 1 3 4 2 1 4 5 2 5 3 1 3 5 1 3 2 4 4 2 1 5 5 2 3 1 1 3 5 1 1 5 3 1 2 2 1 4 4 2 2 1 2 1 1 4 2 1 4 1 1 1 1 2 2 1 2 1 2 1 1 1 2 3 3 3 2 1 2 4 1 2 3 3 4 3 2 2 2 1 3 5 2 1 3 5 2 3 5 2 5
3 5 5 4 3 4 2 3 2 2 2 1 2 5 5 4 4 5 5 3 2 0 5 4 4 4 3 3 3 2 1 1 5 2 3 5 3 1 3 5 4 1 4 5 3 3 5 3 4 4 4 2 4 5 2 4 4 1 4 4 5 1 1 4 3 5 5 4 2 4 1 2 5 5 3 3 2 2 5 1 2 5 5 3 3 4 5 2 2 1 4 3 4 3 4 5 1 3 1 3 3 1 1 4 2 4 4 5 1 3 5 4 1 1 1 2 2 4 5 1 4 1 2 3 3 3 3 2 5 4 3 5 3 2 2 4 3 1 2 2 1 5 1 2 2 3 1 5 5 1
4 5 1 4 1 2 2 2 3 1 5 3 4 1 3 5 3 2 3 1 3 3 0 5 3 5 5 4 2 1 2 5 1 3 1 1 2 5 2 1 2 3 4 4 1 4 4 2 4 1 1 4 2 5 1 1 1 2 1 1 4 4 3 5 4 5 2 3 4 5 2 3 3 2 4 2 2 3 2 5 3 4 3 4 5 4 5 5 2 2 1 1 1 1 3 3 2 4 3 2 1 2 1 5 3 4 4 1 1 4 2 4 1 1 5 4 3 4 2 4 1 2 5 5 3 5 2 2 1 1 3 3 2 4 4 5 5 3 4 2 3 1 2 1 2 2 1 5 5 5
3 2 3 2 4 5 2 1 1 4 5 5 5 3 2 3 3 5 5 1 4 4 4 0 5 2 3 2 1 5 1 3 2 4 4 1 1 1 3 4 4 2 3 1 2 1 3 5 4 1 2 4 1 5 3 4 4 2 3 4 1 2 1 3 5 4 3 1 3 3 4 1 4 1 5 3 1 1 2 5 5 3 3 4 5 2 3 5 4 2 5 1 1 2 3 3 4 2 3 3 1 3 2 3 4 4 1 2 2 4 1 5 4 5 2 5 1 3 1 4 1 1 3 2 3 2 4 5 1 5 1 1 3 1 5 3 2 1 5 5 4 2 1 1 4 5 4 2 2 5
5 3 2 2 2 2 4 5 5 5 1 4 5 4 1 2 5 2 3 5 5 4 5 4 0 2 1 2 1 4 5 1 4 5 1 3 4 1 4 3 3 4 5 1 3 1 5 2 3 4 3 5 1 3 3 5 5 3 4 4 4 2 5 3 2 3 4 2 4 4 2 4 4 5 5 3 5 5 2 1 5 1 5 3 3 1 5 3 3 4 5 1 4 2 4 1 2 3 3 4 3 3 2 1 2 1 1 2 4 5 1 4 5 4 5 2 1 5 5 3 3 4 2 3 3 5 3 2 2 2 2 5 2 3 4 4 1 3 2 4 4 3 2 2 4 4 5 3 2 5
4 1 5 2 4 1 2 3 4 1 1 1 5 4 5 5 1 2 2 5 1 2 3 5 1 0 4 2 4 3 3 5 2 4 1 4 1 2 4 5 2 5 4 2 3 3 3 1 1 2 4 5 5 4 5 1 2 1 4 3 2 1 2 4 5 3 3 2 4 4 5 3 4 3 1 3 3 2 5 4 2 2 5 4 3 1 3 3 1 4 5 2 2 2 4 3 1 4 4 1 2 2 1 2 3 1 1 4 4 4 1 1 1 2 3 5 1 5 3 2 1 4 2 2 4 4 2 5 5 1 2 3 1 2 5 2 2 2 5 3 2 3 2 3 3 3 4 4 1 2
1 3 4 4 1 2 4 1 1 4 4 5 5 4 2 2 5 5 4 3 4 3 4 5 1 4 0 4 4 3 5 3 2 5 2 1 4 1 1 2 3 5 2 4 1 3 4 2 5 3 1 2 1 1 3 5 3 3 4 2 4 2 5 5 5 2 3 2 4 2 2 3 3 5 4 2 1 4 4 4 1 2 1 2 1 2 4 5 2 4 5 3 3 2 2 4 4 4 2 2 4 1 2 3 4 1 4 5 5 2 4 1 5 2 4 1 1 2 5 2 4 1 4 3 2 4 4 1 5 3 1 2 2 1 2 3 4 5 3 4 3 1 1 1 1 2 2 2 4 5
5 2 5 2 5 4 1 1 3 3 1 2 5 2 4 2 1 1 4 4 2 3 3 1 4 2 3 0 5 4 1 4 5 3 1 4 1 3 3 3 4 1 5 3 2 1 2 1 1 1 1 2 4 4 2 2 4 1 5 2 3 4 4 4 1 5 4 4 1 3 2 2 1 4 1 5 5 2 3 2 1 1 4 1 5 5 3 3 4 2 5 5 1 4 1 5 3 2 2 3 4 5 5 4 2 4 4 1 2 4 4 1 1 2 2 3 5 1 4 2 4 3 3 2 2 3 2 3 4 5 4 3 3 5 1 3 3 2 3 1 4 4 2 3 4 3 5 5 4 3
2 5 5 5 1 1 1 2 1 4 1 4 4 5 5 4 2 5 1 5 4 1 5 1 1 3 4 4 0 5 4 5 1 1 2 4 1 4 1 2 2 4 4 1 2 3 4 5 2 4 4 3 4 2 3 5 1 2 5 3 5 2 4 3 1 5 5 3 3 1 1 4 3 2 1 5 1 4 3 3 4 3 2 1 5 5 5 2 3 2 1 3 1 3 4 4 4 1 1 3 5 2 5 5 3 1 3 3 1 2 2 2 2 2 5 1 5 1 3 4 5 2 4 2 4 1 3 4 5 5 4 5 2 1 2 3 1 5 2 4 4 2 2 3 3 5 5 2 5 5
4 2 5 3 5 4 1 3 3 2 2 3 4 2 1 1 4 4 4 5 2 3 4 4 2 3 2 2 1 0 1 5 1 4 5 5 4 4 5 5 4 2 1 4 4 5 5 4 3 3 3 4 2 1 4 3 2 2 2 5 4 3 3 2 2 4 1 2 4 4 5 1 3 1 2 2 3 5 1 5 5 2 5 1 3 3 4 5 2 4 4 5 3 2 4 5 2 1 4 1 2 1 1 5 5 2 1 4 3 3 3 5 1 5 4 5 2 3 3 3 2 1 5 5 1 1 1 1 3 1 2 2 3 1 1 3 3 4 2 5 5 2 4 5 2 3 3 1 1 2
4 5 2 1 3 4 5 3 2 4 2 4 5 5 1 4 1 3 3 5 1 1 4 2 3 3 3 3 5 4 0 3 5 1 5 1 4 1 4 4 4 2 2 5 3 2 3 3 3 2 4 2 4 5 3 1 1 1 4 4 5 2 2 4 2 3 1 1 2 5 2 4 3 3 1 5 3 2 1 5 5 2 4 1 1 5 2 4 2 5 2 3 3 3 4 3 5 2 3 4 2 3 1 5 4 1 5 2 3 3 3 4 3 4 4 5 5 5 2 3 3 1 2 4 4 2 1 4 3 2 5 3 5 1 1 2 3 4 4 1 5 2 4 2 2 3 1 2 3 5
2 2 5 2 4 1 5 4 4 4 1 5 5 1 3 5 2 1 5 5 3 4 4 1 1 2 2 5 5 5 4 0 2 3 5 3 1 5 5 2 2 1 1 5 4 2 4 5 3 2 3 2 5 2 3 5 5 4 1 5 5 4 4 5 3 2 3 1 4 2 2 3 2 2 4 5 2 1 2 1 3 5 2 3 5 4 5 2 3 2 5 4 1 2 1 2 1 3 3 4 2 4 4 4 2 4 3 2 3 3 1 3 4 5 1 2 5 2 1 3 5 4 4 1 3 1 2 2 5 1 3 4 1 5 3 3 5 4 1 2 5 3 3 1 4 3 4 4 5 1
5 4 4 1 2 3 3 2 5 2 5 5 4 3 1 4 3 1 3 1 1 1 2 3 3 4 1 5 4 5 2 5 0 1 5 3 1 2 1 3 2 2 2 1 4 4 2 2 2 4 5 4 1 1 1 3 2 4 2 4 2 3 1 5 1 2 5 4 1 4 1 2 3 1 2 5 1 3 2 3 1 1 2 2 1 1 4 2 3 2 4 5 4 2 2 3 5 3 1 3 1 2 1 4 3 3 5 5 1 1 4 4 4 4 4 2 4 2 1 2 2 2 2 4 1 2 3 4 3 4 1 1 1 5 3 4 5 5 3 3 1 1 3 1 5 2 1 3 2 5
2 1 2 1 5 2 1 1 3 4 5 5 2 2 2 1 5 2 3 1 2 3 1 4 3 2 1 4 1 2 2 4 5 0 3 4 1 3 1 1 4 1 1 5 2 3 1 1 3 3 1 5 2 3 5 2 3 3 4 3 2 2 2 1 2 2 1 4 5 4 4 3 5 5 5 3 3 2 5 1 3 1 1 1 4 4 3 3 1 3 1 4 3 2 4 5 2 5 2 4 5 1 4 3 2 4 1 3 4 1 5 4 3 3 2 3 3 1 2 5 5 5 2 5 5 4 2 4 1 5 1 1 4 4 1 5 5 3 1 3 3 2 1 4 2 2 1 2 1 5
2 2 4 1 2 2 5 4 1 2 5 2 5 1 1 1 3 2 3 5 4 2 3 1 3 2 2 1 1 2 4 5 2 1 0 2 5 1 2 3 4 3 1 3 2 1 2 4 2 4 1 4 4 2 2 3 3 4 2 1 1 4 2 2 1 2 2 4 4 1 2 2 3 5 1 1 3 2 2 1 3 5 3 4 5 2 4 2 2 5 2 5 3 4 4 3 2 2 5 3 2 1 1 2 3 3 3 5 3 5 4 5 5 1 3 5 1 5 4 4 4 1 3 3 2 5 2 2 5 3 3 4 5 5 2 3 4 2 5 3 5 4 5 1 2 1 4 1 4 2
5 4 5 5 3 3 1 2 2 4 3 1 1 3 1 5 2 2 5 3 3 2 3 1 4 1 3 5 5 3 3 4 1 2 3 0 1 2 5 5 2 3 4 5 2 5 3 3 2 1 2 1 5 4 4 1 5 1 4 1 2 4 4 2 2 1 4 3 2 2 4 4 5 1 4 2 5 4 4 3 5 2 1 4 1 5 3 4 3 3 2 5 1 4 3 4 3 3 2 4 1 5 2 2 3 3 2 1 4 5 1 5 2 2 1 4 3 1 1 1 4 1 3 2 1 3 3 1 1 4 4 2 5 5 4 2 2 1 1 2 4 4 2 4 4 1 4 3 3 1
4 1 4 3 4 1 5 3 4 4 3 1 5 1 2 1 1 1 3 5 2 1 4 3 3 5 4 2 5 3 3 2 3 2 4 2 0 5 5 5 3 2 4 2 2 5 4 5 4 1 3 3 2 1 5 4 2 1 4 4 1 4 4 4 5 1 3 3 3 1 1 2 4 4 1 2 2 5 1 2 2 4 3 2 1 4 4 4 3 1 4 2 3 4 2 1 1 2 3 1 2 3 3 2 2 3 5 3 4 5 2 2 4 3 3 2 1 5 3 1 1 4 3 2 4 5 4 5 1 2 1 3 1 4 3 2 2 5 3 2 5 1 3 1 5 5 1 3 4 2
1 3 2 1 1 4 4 3 4 2 4 3 2 3 4 3 5 4 3 5 5 2 3 2 4 2 3 2 1 3 1 4 5 1 4 2 2 0 2 4 1 3 1 5 3 3 3 3 4 2 5 3 5 3 3 2 5 4 5 2 4 1 2 5 5 4 4 4 1 1 2 4 4 2 3 2 2 2 2 3 4 3 3 4 3 3 2 5 3 3 3 2 3 4 2 4 1 4 2 1 4 3 4 5 4 2 3 1 4 3 2 3 2 3 5 5 5 3 1 5 1 1 4 3 1 5 3 4 3 2 5 4 5 5 4 1 2 2 4 4 2 1 2 1 3 5 5 3 5 3
5 5 3 1 3 1 2 3 4 1 4 2 1 1 3 5 1 1 4 4 4 3 4 1 1 4 1 1 1 4 3 5 3 1 4 4 3 4 0 4 2 5 3 2 2 1 5 1 5 4 3 5 1 5 1 2 4 4 1 3 1 1 2 4 5 1 4 1 1 1 1 3 2 3 3 2 1 1 5 5 2 3 3 2 1 5 3 4 2 1 4 2 3 4 2 5 5 2 5 1 1 4 5 3 5 2 4 5 2 1 1 3 1 4 2 2 5 2 4 4 4 5 1 1 4 3 3 1 5 3 1 2 2 1 1 3 5 3 3 3 2 4 3 4 3 5 5 2 1 5
1 3 3 2 2 3 4 4 4 1 1 4 5 2 4 4 2 4 1 1 2 3 2 1 3 4 1 4 4 2 3 4 5 2 2 4 5 1 5 0 4 5 2 5 3 2 5 4 1 1 4 1 1 4 3 3 1 1 3 5 3 1 1 1 1 5 3 4 1 5 2 1 4 5 3 4 5 4 1 2 3 5 5 4 1 2 1 1 2 4 1 4 4 4 4 3 3 4 2 2 3 3 2 3 3 1 4 4 4 2 5 2 3 4 4 1 3 1 2 4 1 4 5 3 4 4 1 3 3 2 4 5 3 2 3 2 4 2 5 3 3 4 2 1 4 2 4 5 2 2
5 2 1 3 2 1 3 3 3 1 3 3 2 3 4 1 3 5 5 1 1 2 5 5 4 4 4 3 2 3 4 3 1 1 5 5 4 1 5 4 0 3 3 2 3 4 3 2 2 2 5 5 5 3 2 2 3 1 3 1 3 3 1 5 4 3 1 2 4 4 3 3 2 1 5 1 2 2 1 5 4 1 1 5 5 1 2 1 4 3 3 5 3 2 1 2 1 5 2 4 3 2 3 2 1 4 5 3 2 4 2 3 3 2 4 4 5 3 2 3 3 5 5 2 3 4 2 4 4 3 1 3 5 4 5 5 2 4 5 5 2 1 1 1 4 4 5 1 4 5
5 5 2 4 5 3 2 3 3 3 4 1 5 3 3 2 3 2 5 5 2 1 5 2 2 3 5 4 3 4 5 3 2 3 2 5 3 3 3 5 2 0 3 4 4 4 4 5 1 3 2 3 5 1 4 3 1 2 2 5 4 4 3 2 3 4 5 4 4 1 3 4 3 4 1 3 2 5 5 3 4 5 3 1 2 5 5 5 4 1 5 2 2 4 4 1 5 1 4 4 5 2 3 4 4 2 2 3 5 2 4 2 2 3 1 3 5 3 4 3 4 2 5 4 5 3 4 4 3 1 2 4 1 4 3 1 2 5 5 5 2 3 4 3 5 1 3 4 1 2
4 5 3 1 5 3 1 5 2 2 4 4 2 1 1 1 4 3 4 2 3 1 4 1 3 3 1 4 4 2 2 3 3 2 2 3 2 1 1 1 2 3 0 2 1 2 5 3 2 2 2 5 2 4 5 4 3 3 5 2 3 2 3 1 3 5 5 3 4 3 1 3 4 2 5 3 4 3 1 5 3 5 3 5 4 2 5 4 2 4 2 3 2 2 2 2 1 3 5 3 1 3 3 4 1 2 2 5 1 5 3 2 1 5 5 1 5 2 2 2 5 5 5 3 4 1 2 1 5 4 3 1 4 3 5 1 2 4 2 1 2 2 1 3 3 4 3 1 2 5
3 3 2 4 1 5 5 5 3 2 5 5 2 4 3 2 4 4 4 3 2 2 1 2 3 4 3 5 4 1 3 1 3 2 3 1 4 1 4 2 4 5 1 0 1 4 3 1 2 2 4 1 3 3 3 4 2 1 4 1 1 3 1 3 5 5 4 3 4 4 4 4 5 3 1 3 4 2 1 1 4 5 1 5 4 3 3 2 1 5 5 4 3 4 3 3 2 2 4 4 2 3 2 3 4 2 5 5 1 1 3 3 2 2 5 3 5 4 3 3 4 4 4 4 1 4 1 1 4 4 4 4 4 4 2 1 3 4 5 1 5 3 1 3 1 5 4 5 1 5
5 4 2 2 2 1 5 1 1 5 1 1 3 3 3 3 4 5 4 4 1 3 5 3 2 1 1 3 3 3 2 2 1 1 5 2 1 4 3 2 4 2 3 2 0 5 5 5 4 2 2 4 1 2 2 4 2 3 2 2 3 2 3 3 5 5 4 3 5 2 5 2 1 5 2 5 2 2 2 1 4 3 2 1 4 1 2 1 3 3 2 2 2 2 2 4 5 1 4 3 2 3 3 4 4 4 3 1 1 3 5 3 2 2 4 1 4 3 3 4 5 4 5 1 5 3 1 3 2 2 2 5 1 1 2 1 4 5 2 5 2 5 5 4 4 2 5 3 5 2
5 2 5 3 1 4 1 1 3 4 4 5 1 3 4 4 2 2 5 3 1 4 5 4 2 2 1 3 5 3 4 3 1 2 5 1 5 4 1 1 3 1 1 3 2 0 5 1 5 3 2 2 2 4 1 2 1 2 1 5 2 1 4 4 4 1 3 2 5 3 3 4 2 3 1 2 5 4 4 4 1 4 3 2 1 4 2 2 4 4 2 5 3 4 1 5 3 1 2 3 3 3 2 3 1 1 3 5 3 4 4 4 3 2 4 4 5 1 1 3 4 2 1 5 1 1 3 1 5 5 4 1 2 3 1 1 2 4 5 4 3 1 1 3 5 4 2 5 5 5
2 2 1 4 1 4 3 3 3 3 1 4 3 2 5 3 1 4 4 2 3 3 3 5 3 3 4 4 3 1 3 2 5 2 4 3 3 2 4 3 4 3 3 5 1 5 0 3 1 4 2 3 5 4 1 1 5 4 4 5 3 2 2 2 3 5 4 1 4 4 1 2 4 1 4 5 1 1 1 1 5 5 3 1 5 5 1 5 2 4 4 4 1 4 2 1 5 1 4 1 4 4 4 1 2 4 5 3 4 5 5 4 3 4 2 4 3 2 5 1 1 4 2 5 4 1 1 3 1 3 2 1 4 2 2 3 1 1 4 2 1 2 2 5 4 5 2 4 1 5
1 5 3 4 4 3 2 3 3 5 4 1 5 4 1 1 1 2 3 1 3 3 2 3 4 2 5 3 1 4 3 1 3 2 2 3 5 2 4 3 1 4 4 4 2 2 4 0 2 2 4 3 5 1 4 2 4 1 4 2 4 3 4 1 5 5 2 2 4 1 3 4 3 4 1 1 4 2 1 5 5 1 4 2 4 3 4 4 3 2 1 4 4 1 3 4 2 4 2 2 1 5 2 1 4 2 5 5 1 3 4 5 4 3 5 4 1 3 4 1 1 3 4 4 2 1 3 4 1 5 3 5 2 2 2 5 1 4 1 2 3 1 5 1 1 3 5 3 4 2
3 5 4 4 2 5 3 1 4 2 4 5 1 1 4 2 2 2 3 5 1 4 4 3 4 3 5 4 4 1 4 3 2 2 1 1 2 5 4 1 1 4 4 3 4 1 3 5 0 1 4 1 1 5 2 4 1 4 3 5 4 4 5 2 5 1 2 3 5 1 2 2 5 2 2 3 1 3 2 1 1 5 4 1 2 4 1 4 2 4 1 1 1 4 4 2 2 2 4 2 1 5 3 5 5 2 4 3 3 5 3 2 4 1 1 5 4 4 3 5 4 5 1 3 5 2 1 4 3 2 2 1 3 5 5 5 3 3 5 1 3 2 4 2 5 5 4 5 5 2
2 3 2 3 5 1 4 3 4 4 2 4 5 3 2 1 1 4 3 4 2 3 2 2 3 3 1 5 1 4 3 3 3 3 4 2 5 1 3 3 3 2 2 1 2 1 2 2 3 0 4 4 2 2 4 1 2 2 4 1 3 2 3 4 2 4 3 1 2 2 3 1 2 4 1 2 5 2 4 1 5 4 1 2 1 5 1 3 3 3 5 5 4 3 3 2 2 1 1 3 3 4 2 2 4 2 5 5 2 2 5 1 4 5 3 1 3 5 2 1 2 1 4 3 1 1 2 4 2 5 5 5 1 5 4 1 4 2 2 4 4 3 2 2 3 3 1 4 2 3
4 3 1 1 5 1 1 3 3 4 1 4 1 5 2 2 5 5 5 1 4 3 4 1 4 1 3 3 4 4 4 5 1 1 2 1 3 3 2 5 2 4 1 4 3 2 4 3 1 2 0 4 2 1 4 4 2 4 4 3 3 4 5 4 3 3 1 5 1 3 2 4 3 5 1 3 3 4 2 1 4 3 4 5 3 4 5 5 4 3 5 3 4 3 3 4 1 4 3 3 3 4 2 2 3 3 4 5 1 4 4 3 2 1 5 5 1 5 4 2 1 3 3 5 4 1 1 1 4 3 2 5 4 5 2 4 4 1 3 4 4 1 1 4 5 2 2 2 1 5
4 3 3 1 1 1 3 2 4 5 4 1 1 3 1 2 4 3 2 2 2 3 2 4 4 1 2 3 2 2 3 5 5 3 4 4 3 5 4 1 3 4 1 5 3 3 1 4 4 2 1 0 4 3 3 1 5 1 4 2 2 3 3 1 1 1 2 2 2 4 3 4 1 5 5 2 5 4 5 4 4 5 3 2 1 2 5 5 2 2 2 1 1 1 4 5 1 5 2 1 2 4 4 3 1 3 4 4 3 4 2 4 5 5 2 5 1 2 1 5 5 2 4 4 5 1 1 2 4 3 2 2 5 1 1 2 4 5 2 5 5 5 1 1 1 4 2 3 4 2
1 5 2 5 2 1 3 2 1 2 4 2 2 5 5 3 5 5 4 4 1 1 4 4 5 3 2 3 4 3 3 4 1 4 4 2 2 2 1 2 3 2 3 5 3 2 3 2 2 4 4 3 0 3 5 4 1 2 3 4 3 3 5 1 1 2 5 5 4 3 4 1 3 2 4 1 2 3 4 1 3 3 4 3 4 5 1 1 3 2 2 3 4 2 3 2 5 4 3 3 2 1 1 1 5 4 5 4 2 3 4 4 1 1 5 2 1 2 2 4 3 1 3 4 3 2 2 3 4 4 1 3 2 3 4 4 1 3 4 5 1 1 4 4 3 3 1 4 4 5
3 4 4 3 2 4 5 4 4 2 3 2 1 2 3 1 5 3 3 1 3 4 3 2 2 1 2 3 2 3 4 4 5 2 4 5 1 1 5 1 2 1 3 4 3 2 5 5 5 1 1 1 4 0 5 2 3 4 2 1 3 4 4 3 5 3 4 3 3 2 1 3 2 5 3 1 4 5 1 2 2 5 3 1 3 2 4 2 1 4 5 4 4 2 4 5 4 1 1 4 5 4 5 3 2 4 3 2 3 5 4 5 5 3 3 2 2 5 5 5 2 1 4 5 1 5 2 3 4 4 3 3 3 5 3 2 4 3 4 2 1 3 4 5 5 5 4 2 1 4
3 4 5 4 4 4 5 5 5 5 2 3 5 2 1 3 5 2 2 1 2 2 5 3 4 1 5 5 5 4 1 1 4 5 2 4 4 3 1 1 3 2 4 4 3 3 5 2 5 1 2 1 2 3 0 2 5 1 4 4 2 1 2 5 2 3 2 2 3 3 4 4 5 1 3 4 5 5 1 2 5 5 1 1 3 4 4 3 4 3 4 5 1 3 4 4 4 2 4 2 2 2 3 3 4 3 2 2 1 1 3 5 1 3 3 2 2 5 3 1 1 3 1 5 2 3 4 3 1 2 3 2 5 3 4 5 2 3 1 2 2 5 5 1 1 1 1 5 3 4
2 3 5 2 3 2 5 4 2 1 2 3 3 4 1 4 1 4 5 1 4 3 2 3 3 4 5 1 2 2 3 1 3 4 2 5 4 3 3 2 1 2 5 1 1 4 2 3 1 3 3 3 3 3 3 0 4 2 1 4 3 4 4 2 1 4 1 1 1 1 2 1 1 2 2 1 3 1 2 3 4 3 1 3 4 2 4 4 4 2 5 3 2 3 2 5 5 3 2 1 3 1 4 5 3 2 1 2 5 4 3 4 5 2 3 2 3 5 3 1 3 3 5 2 1 1 1 5 2 4 3 3 4 3 3 2 5 1 3 2 2 2 4 4 2 3 5 5 3 5
1 5 5 1 5 2 2 2 5 2 2 4 2 5 3 5 2 2 5 2 2 1 3 2 4 4 3 5 1 2 1 4 1 1 5 4 1 5 2 5 2 1 1 5 4 4 3 3 2 3 5 1 1 3 4 1 0 4 4 4 5 1 5 1 1 5 3 3 2 1 2 2 5 4 4 5 3 4 1 4 3 5 5 3 2 2 1 3 4 4 2 4 3 2 3 2 1 1 2 2 5 3 2 1 4 2 2 3 4 4 4 5 3 4 3 3 5 2 1 5 5 2 2 5 4 3 3 5 2 3 3 1 2 5 5 3 4 3 5 3 5 4 3 1 1 1 3 3 1 5
1 1 4 4 3 3 4 5 3 4 3 4 3 3 5 3 4 1 4 1 3 3 1 5 1 4 2 1 4 2 5 3 4 5 5 3 2 4 3 4 3 5 3 1 1 1 3 3 3 4 3 2 3 2 2 3 1 0 3 3 1 1 3 2 1 3 1 4 2 4 3 3 3 4 2 5 5 2 4 1 4 4 4 3 5 1 4 4 3 1 4 4 2 2 4 5 3 5 1 3 3 4 5 3 4 4 1 2 5 2 5 3 1 2 2 3 3 3 4 2 4 5 3 2 5 3 2 2 3 3 4 1 1 1 2 3 3 2 4 3 3 4 1 4 2 5 4 4 4 4
3 2 3 5 3 1 5 2 5 5 1 2 1 5 2 1 1 4 4 5 2 4 5 2 5 4 3 4 5 4 5 2 2 5 4 3 2 3 2 4 2 3 2 2 2 1 2 4 1 2 5 1 2 4 4 2 1 3 0 5 1 2 1 5 5 2 1 2 2 3 2 2 2 4 5 3 4 4 4 2 3 1 3 1 3 3 4 5 1 5 4 4 3 4 3 5 4 2 3 1 5 3 5 2 1 3 2 1 5 1 4 5 5 1 3 5 4 2 4 1 3 1 4 1 2 3 1 4 1 1 1 5 1 1 4 3 1 3 3 2 1 2 5 2 3 2 5 4 1 5
3 5 2 5 1 3 2 4 4 3 3 2 3 4 4 5 5 4 4 3 5 2 4 5 3 3 5 1 5 1 2 1 5 5 1 2 5 5 4 4 3 1 1 3 1 2 2 1 5 3 1 1 3 5 3 3 5 3 5 0 1 4 2 4 5 1 2 1 2 3 3 2 3 5 1 3 1 3 2 3 5 5 1 1 3 4 4 5 1 3 1 2 1 1 4 4 5 5 5 1 5 3 4 1 4 4 5 3 3 5 4 4 2 1 1 1 2 2 2 5 2 1 4 1 1 2 2 4 1 5 3 1 5 2 2 2 3 2 3 2 4 2 1 5 2 1 4 2 1 5
4 2 5 5 3 4 3 3 5 5 5 1 5 5 3 2 3 3 1 4 4 4 2 2 5 4 3 4 1 3 1 4 2 2 4 4 4 1 4 1 3 3 1 3 2 4 5 1 4 4 5 3 5 2 2 5 4 1 5 4 0 4 2 1 4 4 4 3 4 5 3 2 5 3 3 3 1 2 1 1 3 5 1 2 2 5 2 1 4 3 2 4 2 2 2 4 3 5 2 2 5 5 4 5 1 3 1 2 1 3 4 3 5 5 1 5 2 5 5 1 2 1 1 3 4 1 3 5 5 4 4 3 5 5 4 2 4 1 4 4 3 3 2 5 4 2 1 4 1 4
3 4 4 4 4 2 2 3 1 3 5 3 4 4 3 1 4 4 1 3 4 2 5 1 3 5 3 5 3 4 2 5 3 3 2 2 1 5 3 2 4 5 2 5 2 2 3 2 1 1 4 2 1 2 4 1 2 3 4 4 3 0 1 3 1 1 5 3 1 2 5 4 2 5 4 2 4 3 2 2 4 2 2 2 3 2 4 1 4 2 1 4 3 2 1 1 1 2 5 3 1 5 4 2 5 2 4 5 2 2 3 3 2 2 4 2 2 3 4 5 5 2 1 1 1 2 4 1 2 3 5 4 3 4 2 5 2 5 3 2 4 1 2 5 3 2 1 2 3 2
4 5 1 1 2 3 5 3 2 4 3 1 3 4 2 4 2 4 5 4 2 1 4 5 2 4 4 2 1 3 4 4 4 5 1 1 2 3 1 4 2 5 4 1 4 5 2 4 2 1 5 3 3 1 5 5 5 2 3 5 2 2 0 3 1 2 4 5 5 4 3 4 4 2 3 5 2 4 2 5 1 5 4 5 3 3 5 2 1 2 5 5 2 1 4 4 5 4 3 2 2 4 5 1 3 4 5 5 4 1 1 3 4 5 1 5 2 4 4 3 1 3 4 4 3 2 2 5 3 2 4 1 3 1 3 1 5 4 1 1 1 5 2 5 2 5 5 1 2 1
1 4 4 5 1 1 2 5 1 1 2 4 4 5 1 1 3 2 1 2 4 4 4 5 3 2 2 3 2 5 2 3 5 4 3 5 4 3 2 4 2 4 2 1 3 4 4 4 3 2 1 1 3 5 1 5 4 2 3 2 1 4 4 0 5 5 1 5 3 2 5 1 2 4 3 3 3 5 1 1 3 4 4 3 4 4 5 2 3 2 5 1 1 3 1 4 3 1 1 2 3 3 4 1 1 1 4 2 3 5 5 2 2 4 1 1 5 5 3 1 4 2 2 3 3 1 2 2 2 5 2 3 3 4 3 1 3 1 3 2 2 2 2 5 5 1 2 5 1 3
3 4 1 1 3 3 2 4 1 4 1 3 5 3 4 5 4 2 5 5 4 4 5 5 1 4 4 2 2 5 4 3 2 1 4 5 5 5 5 3 2 5 3 2 4 2 4 4 3 1 1 5 2 2 1 5 5 1 5 2 2 2 4 1 0 4 1 4 1 2 4 1 4 4 3 5 3 2 2 2 2 1 2 4 1 2 2 1 3 3 1 3 3 1 1 1 1 3 3 4 2 3 5 3 1 1 4 5 3 1 1 4 1 4 2 1 1 1 1 2 5 4 4 2 4 3 3 3 1 3 2 3 5 4 3 5 2 2 4 3 4 1 3 4 2 4 2 1 5 3
4 4 3 1 2 3 5 2 3 1 5 3 4 4 2 1 2 5 3 3 2 3 1 4 1 5 5 1 3 5 2 3 1 5 1 5 3 5 4 3 2 4 2 3 1 1 2 4 3 1 3 2 1 3 3 4 4 1 5 5 4 2 4 3 5 0 5 2 3 4 5 2 3 4 3 2 1 5 5 5 2 2 2 3 1 2 4 5 1 3 5 4 3 4 3 3 4 5 5 1 2 1 1 4 2 2 5 2 4 5 4 5 1 2 1 5 3 4 2 2 5 2 1 5 2 1 4 2 3 3 4 3 1 4 4 4 5 5 1 5 5 4 1 3 4 5 5 5 3 5
1 1 1 2 4 4 2 4 2 5 4 5 1 4 4 1 1 5 2 1 1 1 2 1 2 3 4 1 4 5 3 3 2 2 1 5 5 5 2 2 3 5 3 1 4 1 2 4 1 4 3 1 3 3 4 1 2 4 4 5 1 4 1 4 2 1 0 5 1 2 3 2 1 2 4 1 3 1 2 3 5 5 5 5 5 2 1 3 4 1 3 5 4 2 4 1 5 1 2 3 5 3 1 5 1 4 3 5 5 2 1 5 4 4 2 2 4 2 1 2 1 1 4 3 4 4 4 2 5 1 1 4 2 5 5 3 5 5 1 1 5 2 5 4 5 2 4 5 4 2
4 2 5 3 2 4 1 5 2 5 2 4 3 3 4 2 4 3 3 3 4 4 4 1 5 3 2 2 5 5 5 5 2 1 1 4 5 2 3 4 1 4 4 4 1 2 4 4 4 3 4 1 3 4 3 5 2 3 4 1 4 1 4 1 1 4 2 0 1 3 1 2 3 2 2 1 1 2 5 3 5 5 4 4 4 2 3 5 1 4 2 4 4 3 1 4 4 1 4 3 1 1 4 3 1 3 1 2 3 2 1 3 5 3 5 5 5 1 4 2 2 3 1 3 1 3 4 1 3 2 1 2 3 4 5 2 1 3 2 2 3 5 5 2 2 2 1 4 5 3
4 1 5 4 2 3 1 4 3 3 3 4 5 4 5 4 3 2 1 4 4 4 2 1 5 1 4 3 4 4 4 5 3 3 4 4 5 4 3 4 3 2 4 4 3 5 1 2 4 3 4 3 4 4 2 1 1 2 3 3 3 3 5 3 2 1 5 5 0 3 4 4 2 3 1 4 3 5 5 1 2 4 4 3 4 1 1 5 1 1 5 3 1 2 1 3 2 2 4 2 4 5 4 2 2 2 1 4 1 2 4 5 1 5 3 2 3 4 4 1 2 2 5 2 1 3 2 1 4 1 4 2 2 5 4 1 4 3 4 5 1 1 5 2 5 3 2 2 3 3
1 2 4 2 3 4 4 4 4 5 1 4 1 3 5 4 4 2 2 2 1 4 1 2 1 1 3 5 2 1 4 2 3 2 5 5 5 1 2 5 2 1 5 5 4 5 3 4 2 1 4 2 2 1 3 5 5 4 2 5 3 3 2 2 5 5 4 5 2 0 2 3 2 4 1 5 2 2 3 3 2 3 3 4 5 1 2 4 4 3 3 3 4 4 4 4 3 4 5 3 1 3 2 2 5 2 4 3 5 5 1 2 1 3 2 1 3 3 2 4 4 2 4 1 5 1 3 2 3 5 5 3 1 3 4 3 5 4 1 5 5 5 4 5 5 5 1 2 4 2
3 5 5 1 2 4 1 3 2 5 2 5 3 3 3 1 5 5 5 5 4 4 3 5 3 3 5 2 4 3 4 3 5 5 2 5 3 4 5 2 1 1 4 1 4 3 1 3 1 3 2 3 5 2 1 4 2 2 2 4 5 3 2 2 2 1 1 5 2 2 0 3 3 5 4 5 5 2 3 1 2 1 3 1 1 5 2 4 3 2 3 1 2 3 2 3 1 5 4 3 2 5 3 3 4 4 4 5 4 5 2 5 5 3 5 1 5 2 5 3 2 1 1 3 2 3 3 1 1 5 1 1 1 1 1 1 3 1 5 3 5 4 3 3 5 2 4 2 3 2
3 5 5 2 1 3 2 5 2 2 3 3 1 5 4 2 5 5 3 1 3 2 3 2 3 5 2 5 2 3 2 5 5 3 2 1 4 2 3 4 3 5 5 4 2 2 4 1 2 1 2 1 3 5 1 5 4 1 4 5 1 4 1 5 2 2 3 4 4 2 5 0 4 1 1 1 1 3 3 3 4 5 4 2 5 1 5 3 4 5 2 1 1 2 2 2 3 5 4 3 3 1 5 3 2 1 2 3 3 5 1 4 3 2 5 4 4 5 2 3 4 5 1 4 4 1 2 2 2 5 3 4 5 1 2 1 5 3 1 1 5 4 3 4 3 2 4 1 5 5
5 4 4 1 5 3 3 5 3 4 5 3 3 3 3 1 5 2 1 1 2 1 1 4 2 2 5 2 1 5 3 5 2 4 2 2 4 5 4 4 1 1 2 4 3 4 5 1 4 2 4 4 3 4 3 4 2 2 2 1 3 2 2 1 5 5 4 4 4 1 4 1 0 3 1 3 3 2 2 3 1 2 1 4 3 2 3 4 3 4 3 2 4 2 3 1 3 1 5 4 1 3 4 4 2 4 3 1 5 5 1 2 3 4 3 2 2 2 4 5 5 5 5 1 5 4 3 3 1 1 2 3 4 3 5 1 2 5 1 2 4 2 5 2 1 2 3 5 2 1
4 5 2 4 1 2 4 2 2 3 5 2 2 4 3 3 4 5 5 1 2 3 3 2 3 3 5 2 1 3 5 5 4 5 1 4 1 2 2 3 3 2 3 5 4 2 5 3 5 3 5 5 4 1 5 3 5 3 5 5 1 1 1 3 1 5 4 3 3 5 5 2 1 0 5 4 5 5 1 3 4 3 3 4 1 4 5 3 4 4 2 2 1 2 3 5 1 4 1 1 4 5 3 3 1 4 1 2 4 5 3 5 2 3 2 4 1 5 2 5 1 3 1 4 2 4 3 2 1 2 2 4 4 4 5 2 3 2 4 3 4 1 4 1 2 3 3 1 1 3
4 3 5 2 5 3 5 2 4 2 4 5 2 3 5 4 5 1 3 3 5 2 5 3 5 4 2 1 3 1 3 3 4 3 2 1 1 2 4 4 2 4 4 2 4 3 1 4 4 1 3 4 4 5 3 2 3 2 5 3 4 1 5 1 1 1 4 1 2 3 2 2 4 4 0 1 1 3 2 5 4 2 3 3 4 4 5 2 2 3 2 2 3 4 4 2 2 2 5 4 1 3 5 4 5 3 3 2 5 2 5 1 3 5 5 1 5 2 1 2 5 3 2 2 2 2 3 1 2 3 4 1 2 2 2 5 3 3 4 2 4 4 3 4 2 4 1 5 1 2
1 1 1 2 2 2 4 2 3 4 5 3 4 2 3 5 5 3 3 4 5 2 2 5 2 2 3 3 1 1 5 2 2 5 3 2 5 3 4 2 2 3 3 4 3 4 1 4 5 4 2 3 2 5 3 1 5 2 4 2 2 1 4 3 2 5 5 1 4 3 4 2 5 1 1 0 2 1 1 1 4 4 5 4 1 1 1 1 3 5 3 4 3 2 4 4 4 4 4 3 5 4 3 5 5 4 4 2 5 2 2 2 3 3 5 5 5 3 1 2 3 5 1 3 1 2 1 4 5 3 2 2 4 2 1 1 4 3 1 3 4 1 5 5 5 3 1 1 4 4
4 1 3 5 3 5 4 2 3 5 3 5 2 4 1 4 2 2 1 4 5 4 5 3 2 1 4 1 3 2 5 4 1 2 4 2 4 5 5 1 4 5 1 1 3 1 4 2 1 1 3 2 5 4 5 5 2 1 2 1 4 3 4 1 3 3 3 3 1 4 2 2 1 2 1 3 0 1 1 4 5 1 2 4 2 5 1 5 1 5 4 1 1 1 1 3 3 4 4 2 2 1 3 1 4 4 3 4 4 3 2 1 1 4 4 2 4 2 2 4 4 2 2 2 2 3 1 1 3 2 2 2 3 1 2 4 2 4 4 1 5 4 2 1 3 2 4 5 3 3
5 4 1 3 5 1 2 5 4 3 5 5 4 2 4 2 5 5 5 3 3 1 3 5 4 1 2 3 1 5 5 1 4 1 1 3 2 1 4 2 4 4 3 3 4 1 5 3 5 2 4 1 5 2 4 3 3 1 1 2 3 1 5 3 1 3 1 2 4 5 5 2 3 1 2 2 1 0 2 1 1 3 2 4 3 3 2 4 3 2 2 3 2 1 2 1 1 2 4 3 5 5 3 2 5 4 5 4 4 3 4 1 1 1 1 4 3 4 1 5 5 4 1 5 2 3 1 4 1 2 3 4 3 3 4 2 1 1 5 1 5 3 2 1 1 5 2 5 1 1
5 1 4 4 4 1 2 2 4 5 5 5 5 2 4 4 4 3 2 4 2 3 5 2 4 5 2 3 3 2 5 1 2 1 5 2 1 2 5 2 4 4 1 2 3 3 1 3 5 1 2 2 5 3 4 5 1 2 1 1 2 2 4 2 5 4 4 3 1 5 1 3 2 5 5 5 2 2 0 2 2 4 5 1 4 1 3 2 2 1 5 5 2 2 2 5 4 1 3 1 5 3 1 4 5 3 4 5 3 3 4 2 4 2 5 1 3 2 3 5 3 5 3 5 2 5 2 3 3 1 3 2 4 4 4 4 3 5 1 3 2 3 5 2 5 3 5 2 4 4
4 1 4 2 4 4 2 1 3 2 2 4 5 5 4 1 4 3 2 3 4 1 4 2 1 3 2 2 1 5 5 1 2 2 2 2 3 1 2 5 1 5 5 3 3 3 3 4 2 1 5 3 3 1 2 1 4 3 5 3 1 1 3 1 1 4 4 3 2 4 1 4 5 1 5 4 5 2 1 0 5 4 5 4 4 4 1 5 1 3 1 3 1 2 4 2 4 1 4 1 3 2 1 3 3 2 5 1 4 1 4 5 1 4 3 4 4 5 5 4 2 1 5 2 3 5 1 2 4 5 4 4 1 5 4 2 5 5 5 4 3 3 3 2 4 1 2 1 2 1
5 2 4 2 5 1 3 2 1 4 5 1 3 2 2 2 1 3 4 4 2 2 1 1 5 2 2 1 2 3 4 4 2 2 3 4 5 2 3 2 3 4 4 3 1 5 3 5 3 1 5 1 5 2 2 1 4 1 3 1 3 4 1 5 5 2 5 3 1 1 5 4 5 1 2 3 1 3 5 2 0 2 1 5 4 2 4 2 4 2 1 3 1 1 1 2 2 1 2 1 3 3 3 5 4 2 3 3 4 1 1 1 2 4 2 2 3 1 3 5 4 2 5 5 4 3 2 3 4 4 3 1 4 3 1 2 5 2 3 4 3 3 2 3 1 2 4 5 2 5
1 5 2 2 3 3 1 4 5 4 2 4 1 3 4 5 4 2 3 5 1 1 2 1 3 1 2 1 5 5 1 2 3 4 5 3 5 4 5 5 1 5 3 4 1 1 2 2 1 1 3 4 3 4 5 1 5 1 2 1 4 3 4 5 2 2 3 3 3 3 1 2 4 2 2 2 4 3 5 2 3 0 1 3 2 2 5 4 2 4 4 3 2 1 3 4 5 1 3 3 4 3 4 1 5 1 2 2 4 5 4 4 3 3 5 2 4 1 1 2 3 1 3 4 5 5 3 5 5 4 2 2 2 3 3 1 2 4 1 3 1 4 1 3 3 2 3 4 5 1
3 2 2 5 2 5 2 1 4 3 5 5 3 3 1 3 1 2 1 5 5 2 4 3 5 4 3 5 1 2 5 2 4 3 1 3 1 4 4 2 3 5 5 3 1 3 1 4 2 1 5 4 5 3 5 3 3 2 4 3 2 4 3 3 2 2 5 5 5 4 4 1 4 1 1 3 2 5 5 1 3 5 0 5 1 3 2 3 3 2 5 4 2 3 1 2 5 5 4 2 4 1 4 1 3 1 4 2 2 5 1 2 1 5 4 3 1 3 4 3 2 4 4 3 2 4 3 3 3 3 4 2 5 4 1 3 3 4 1 3 1 2 4 5 2 5 1 4 4 2
3 4 1 3 1 2 4 4 1 2 1 5 2 4 4 5 4 2 3 4 2 1 5 3 2 1 3 3 3 4 3 3 2 5 4 1 3 3 3 1 4 1 3 3 2 1 2 1 3 1 1 1 1 4 4 4 5 4 3 1 5 3 1 3 2 4 3 1 1 4 1 3 2 1 2 5 4 5 4 3 3 3 4 0 4 2 4 5 3 5 5 2 3 2 3 1 5 4 1 1 5 5 2 4 5 2 5 1 5 4 3 1 1 5 2 1 2 4 4 4 4 2 2 1 4 5 3 1 5 4 5 2 4 4 5 2 2 4 2 3 2 5 1 4 3 1 2 3 1 3
4 2 5 1 2 4 5 5 5 2 1 3 1 2 4 1 5 4 5 1 3 2 1 2 1 5 2 1 5 2 1 4 3 5 1 4 4 4 1 2 3 1 2 3 2 4 2 4 5 4 5 2 4 5 4 2 5 1 5 2 2 4 2 5 3 1 3 3 4 1 4 1 1 2 3 2 2 4 3 3 4 5 1 1 0 5 4 3 2 4 5 5 4 2 1 3 4 4 2 4 4 1 2 5 3 2 1 3 1 5 2 2 1 3 5 5 3 2 2 4 3 3 1 3 2 1 3 4 3 1 4 3 1 4 3 1 5 5 2 5 4 5 4 2 4 5 5 3 1 1
4 4 3 5 2 4 4 1 1 5 5 1 5 2 4 2 5 4 2 1 4 2 5 2 3 5 2 3 2 4 3 5 1 1 2 1 3 3 4 2 3 5 3 2 4 4 2 5 2 1 3 5 5 4 3 2 5 3 2 2 1 2 2 4 3 5 4 5 1 5 5 3 1 4 4 4 1 2 3 2 1 5 5 4 5 0 3 3 2 1 5 2 4 3 4 2 4 2 4 1 1 4 3 1 5 2 4 4 4 3 4 5 3 5 2 3 2 4 1 2 4 1 4 3 3 1 2 1 3 1 4 5 2 2 4 1 4 1 1 3 4 1 1 3 5 5 3 4 3 5
1 3 3 5 4 3 4 3 1 3 4 4 1 5 3 4 4 3 4 1 1 1 2 3 2 3 2 3 4 3 3 2 5 3 5 3 3 1 3 4 3 3 1 5 1 4 2 3 4 2 1 5 1 3 4 4 3 4 5 3 5 2 3 5 4 3 2 5 1 5 4 1 4 5 4 1 3 3 4 4 1 3 4 3 1 1 0 1 4 5 1 3 1 3 1 1 5 5 1 2 5 2 1 2 4 1 3 1 2 5 3 3 4 1 2 4 4 1 2 3 2 1 5 1 2 4 1 1 2 3 2 4 1 4 2 3 2 1 1 2 1 3 1 1 5 2 4 5 1 1
2 1 5 4 4 1 3 3 1 3 5 3 2 1 1 5 5 4 3 2 1 3 5 5 4 4 2 1 3 2 2 4 1 5 2 1 3 5 1 5 3 5 4 3 1 4 4 1 5 4 2 1 3 1 1 4 3 1 2 4 2 3 2 2 5 2 4 1 5 4 3 1 3 4 5 4 4 4 4 2 5 4 4 2 2 5 5 0 1 4 1 1 1 4 1 5 5 3 3 4 4 4 4 5 2 1 3 1 2 2 3 2 5 3 5 1 3 2 2 4 2 2 4 3 1 5 4 2 5 4 2 5 5 2 1 4 4 3 3 4 3 5 4 5 2 2 3 5 3 2
4 1 3 5 2 4 1 3 4 3 3 4 1 4 3 3 1 1 1 2 3 4 5 5 2 1 1 3 5 3 1 5 1 5 2 1 3 3 2 1 1 1 5 3 3 1 2 4 5 2 5 4 1 3 1 3 2 4 5 1 2 3 2 4 4 3 4 2 2 4 5 3 4 2 1 4 2 2 5 4 5 3 2 5 2 5 4 3 0 3 3 3 3 4 1 2 2 2 2 4 2 1 1 1 1 1 5 4 5 5 1 3 2 3 3 1 5 1 4 3 2 5 4 2 2 4 1 2 1 1 2 3 5 1 4 1 4 4 3 2 5 5 3 3 5 3 5 5 4 3
2 5 2 4 1 2 2 2 1 1 4 4 2 5 4 2 2 3 4 2 1 3 5 2 1 3 5 2 4 3 4 5 4 2 5 1 2 1 3 2 2 4 1 2 3 4 5 5 2 2 1 5 4 5 2 2 2 2 4 2 3 1 1 4 3 3 3 4 3 2 2 4 3 1 2 5 3 2 5 3 1 3 5 1 5 5 4 1 2 0 5 4 2 4 1 2 4 5 4 2 5 1 3 4 4 2 4 3 2 3 4 2 1 1 5 3 2 3 3 4 3 4 5 5 5 1 2 4 2 4 1 3 2 1 2 5 1 2 2 5 1 1 3 5 3 2 1 1 2 2
1 5 3 5 1 3 4 1 2 2 2 2 5 3 5 3 5 4 4 4 3 4 1 3 2 3 3 2 2 2 4 4 3 5 1 4 2 1 3 2 1 5 3 4 3 4 1 4 3 3 5 3 4 3 3 3 3 2 5 5 4 4 4 4 1 5 2 4 2 4 2 3 1 1 4 3 5 4 3 1 3 1 4 1 3 3 4 1 2 4 0 3 3 2 3 2 1 3 5 1 1 3 1 5 1 1 4 5 5 4 5 3 2 5 1 4 4 4 2 3 3 2 1 1 5 1 2 2 4 2 4 4 2 3 1 4 3 3 2 5 5 3 1 4 1 3 1 4 4 4
2 4 3 5 5 4 4 5 2 3 3 2 4 2 3 5 2 5 4 4 1 4 4 3 2 5 3 1 5 2 2 2 2 3 2 3 3 1 3 2 1 2 4 4 1 1 2 1 1 3 4 1 3 3 5 2 1 2 2 2 1 4 1 3 1 1 5 4 4 1 2 2 4 5 5 5 3 3 5 2 3 4 2 2 5 1 2 3 4 4 1 0 3 1 2 1 2 4 5 4 2 4 1 3 5 1 2 2 2 2 2 3 5 2 3 3 3 3 2 2 5 2 3 1 4 3 3 1 4 5 4 5 1 3 1 1 2 5 3 3 4 3 1 2 4 4 1 1 2 4
1 5 5 5 2 3 4 1 3 5 1 5 3 2 5 3 5 5 1 1 2 3 1 5 4 1 1 4 1 2 5 4 1 4 2 5 1 5 1 5 2 4 2 1 1 1 1 3 2 4 2 4 3 2 2 3 5 1 4 4 1 3 4 5 2 5 5 4 5 4 2 1 3 4 2 4 4 3 2 3 4 1 3 2 2 4 5 3 3 4 5 1 0 1 1 1 2 3 5 3 4 2 3 3 2 4 3 3 2 5 5 4 3 2 2 5 1 2 3 2 4 3 4 2 2 2 2 3 1 2 3 3 3 2 1 3 5 3 5 4 5 3 5 4 4 3 3 5 3 5
5 3 4 5 2 5 3 2 2 4 5 2 3 1 5 4 4 4 4 5 3 2 1 5 2 3 3 3 1 2 3 2 3 2 3 1 1 2 5 2 1 1 5 4 4 2 4 3 3 3 4 2 1 4 1 4 2 3 1 2 5 2 1 1 3 3 2 5 5 4 4 3 1 2 2 2 3 4 3 3 1 3 4 5 5 1 5 2 4 5 5 5 4 0 2 4 4 5 3 2 2 1 4 1 2 4 4 1 4 5 3 3 2 2 2 1 2 5 5 5 2 3 1 4 3 2 1 5 4 2 3 4 5 5 5 3 2 2 2 5 1 2 3 1 1 5 3 3 1 5
4 1 2 5 2 1 1 2 3 1 1 2 3 4 5 3 1 4 4 3 1 3 4 5 1 1 4 3 3 1 1 5 2 5 4 3 2 3 1 4 1 5 5 5 4 1 3 3 3 3 5 5 2 2 2 5 3 4 4 2 3 4 3 3 4 5 3 3 5 1 4 1 1 5 4 2 1 2 5 5 5 2 1 2 3 5 4 5 3 4 2 4 2 1 0 3 3 1 2 1 1 1 2 2 4 4 4 1 1 4 2 3 5 1 1 5 3 4 4 3 5 4 1 2 4 4 1 1 4 4 5 5 1 4 4 5 5 1 2 1 1 2 1 2 4 2 1 3 4 5
4 1 2 3 5 5 4 5 1 1 1 1 4 3 5 2 2 1 3 5 1 1 3 3 5 2 3 3 2 2 3 3 4 5 3 3 3 2 3 4 1 5 1 1 3 2 4 5 4 2 1 2 3 2 2 3 2 3 4 5 3 2 5 1 3 2 5 3 1 2 2 3 3 3 3 2 4 5 5 1 4 1 3 3 4 5 2 3 1 3 2 1 4 3 3 0 5 2 3 1 2 3 3 4 2 3 1 1 2 1 1 5 2 5 3 4 2 3 5 5 4 2 2 1 5 4 2 5 4 4 1 3 4 3 1 2 3 4 2 5 3 5 1 4 1 4 4 3 1 4
2 3 3 3 1 3 4 2 4 1 2 1 5 1 2 5 3 4 2 1 1 2 1 3 2 2 4 2 2 5 3 1 3 5 3 1 2 3 5 4 2 4 3 5 3 1 5 4 4 1 4 1 2 1 1 4 5 3 3 2 5 3 4 5 2 2 3 1 2 4 5 2 1 2 2 4 5 3 3 1 3 1 3 5 3 3 2 2 3 1 1 2 1 4 2 1 0 2 4 4 1 1 4 2 3 4 2 3 4 2 1 5 4 1 4 3 1 1 2 5 1 4 1 4 5 4 1 2 3 1 3 1 1 1 3 1 5 5 5 4 3 4 5 3 3 2 4 2 5 2
5 2 1 2 1 2 3 1 1 1 2 2 3 4 1 5 3 1 5 3 4 4 1 1 4 4 3 4 3 1 5 4 2 2 2 1 1 5 2 5 3 1 2 4 2 4 4 1 2 4 3 3 4 3 3 5 1 2 1 5 5 4 5 3 2 3 4 4 4 5 4 2 5 4 5 2 5 3 5 1 2 5 1 2 1 2 4 4 1 1 2 5 2 1 4 4 1 0 3 2 4 4 2 5 2 2 3 4 4 3 1 4 1 3 5 5 3 5 4 1 4 2 1 1 4 1 1 5 3 5 4 4 3 4 5 4 1 5 4 1 3 4 2 3 3 1 3 4 3 3
1 2 2 4 5 1 2 1 4 4 4 5 1 1 2 4 3 1 3 5 4 2 5 2 1 1 3 2 2 5 1 3 4 4 5 5 2 1 1 1 1 2 2 4 4 5 4 1 1 3 3 3 2 1 4 3 5 4 3 3 3 2 3 5 1 3 3 3 4 1 2 2 3 1 1 3 4 1 3 3 5 3 5 5 5 5 5 2 4 2 3 5 4 3 3 1 4 1 0 2 3 1 2 3 1 2 3 4 1 3 2 3 1 2 4 2 3 3 2 1 5 2 5 4 4 1 4 4 3 3 3 4 1 5 5 2 1 1 1 3 1 2 1 3 1 1 1 3 5 2
2 1 4 1 4 5 1 2 5 1 1 1 1 2 3 5 4 1 5 4 5 4 4 4 2 3 4 2 4 5 5 5 2 2 1 2 3 3 2 1 4 2 3 4 3 2 5 3 1 2 1 4 4 5 2 1 3 1 1 4 3 2 4 2 5 3 2 2 4 4 2 1 2 4 1 1 4 2 5 4 3 2 5 5 3 2 3 3 2 5 4 4 1 1 2 3 4 4 4 0 2 3 1 5 3 2 3 4 5 2 5 3 2 5 2 4 1 2 1 1 3 3 3 4 4 1 2 3 5 2 2 3 4 3 2 2 4 5 4 4 1 2 2 5 3 3 2 1 5 3
2 5 1 3 2 5 1 4 3 2 3 2 2 3 4 3 5 1 4 5 2 3 5 3 4 4 3 5 5 1 4 4 2 2 2 4 4 1 4 2 2 5 1 5 2 3 1 3 2 4 3 3 1 4 2 1 5 4 4 4 4 4 3 5 1 4 3 5 2 2 5 4 5 2 2 4 5 4 1 4 5 2 5 2 5 3 4 2 3 3 5 4 2 1 2 4 2 4 1 4 0 5 4 2 4 3 1 3 5 2 2 1 3 5 4 4 2 3 3 3 2 2 3 4 2 3 4 3 3 3 5 1 1 2 2 3 2 2 2 4 5 5 3 5 2 3 1 2 2 2
2 1 3 2 5 2 4 5 5 5 4 5 2 5 2 4 2 1 1 3 5 1 4 3 3 3 1 1 4 3 2 1 5 3 4 1 5 5 3 2 3 3 5 3 3 5 2 1 2 3 5 5 5 5 4 1 2 1 4 3 1 2 3 5 4 3 3 3 2 2 3 4 3 4 2 5 5 5 5 2 5 3 1 4 1 2 3 3 3 4 4 2 3 1 1 3 1 3 2 3 1 0 3 5 5 2 5 3 5 1 5 3 4 5 2 1 1 4 5 5 4 5 3 5 1 4 4 2 4 3 2 2 1 3 2 5 1 3 5 2 5 4 4 5 2 1 2 1 2 4
4 2 2 5 5 1 5 3 1 2 4 3 1 3 2 1 3 1 3 2 5 2 4 3 1 5 4 3 1 2 3 1 3 4 3 5 5 1 1 1 3 3 1 3 3 3 3 4 2 1 1 5 5 3 3 1 3 1 5 1 5 3 5 4 3 4 1 5 4 1 4 2 1 2 3 5 3 4 3 4 2 1 1 1 5 3 2 5 4 1 3 4 2 4 2 5 3 5 5 4 1 1 0 2 4 2 3 1 5 5 4 4 4 4 2 4 4 5 2 4 5 4 1 2 4 3 1 4 3 4 3 5 2 1 4 1 2 4 3 1 5 3 4 4 5 1 5 5 1 3
5 3 1 5 1 3 4 3 3 1 2 2 2 5 3 4 3 3 4 2 2 2 5 4 2 4 3 1 3 2 5 5 2 2 3 2 2 2 3 3 4 5 3 4 4 1 3 3 4 2 3 3 1 1 4 3 3 3 2 4 5 2 3 1 2 4 5 1 2 2 2 4 3 3 3 2 3 2 1 5 2 4 2 5 2 1 3 3 1 1 5 4 2 3 2 4 2 3 4 3 2 2 2 0 1 3 1 3 2 4 4 4 1 4 2 2 1 2 3 2 4 2 3 2 3 4 3 5 4 4 5 3 4 2 2 2 3 2 2 2 1 4 4 1 5 4 4 2 5 5
1 1 5 5 2 3 3 5 1 5 5 5 3 2 5 5 3 5 2 2 5 4 2 1 1 5 1 4 3 2 1 1 5 5 2 2 3 5 2 4 1 1 5 2 2 4 1 5 1 2 1 5 3 3 5 4 1 2 3 4 3 4 5 5 4 1 5 3 3 2 3 3 4 2 5 2 3 1 4 2 1 4 4 5 3 3 4 1 1 2 3 3 1 1 4 4 2 2 1 4 4 5 3 4 0 1 5 1 1 3 1 1 3 4 5 5 5 4 5 3 1 3 4 5 4 3 2 3 3 4 2 4 5 1 1 5 5 5 2 2 4 1 4 1 5 3 1 2 4 2
1 1 4 3 2 1 5 1 3 1 4 2 3 3 1 3 2 4 5 1 5 2 1 2 5 2 5 5 1 4 2 1 1 2 4 2 5 3 2 4 4 3 4 1 3 1 4 2 2 2 1 1 2 4 3 4 4 2 1 3 3 1 1 4 5 1 1 2 2 4 3 1 1 1 1 2 1 4 5 1 4 5 5 4 3 2 3 4 1 4 1 1 1 4 2 5 5 1 4 1 1 5 5 1 1 0 3 3 5 3 4 5 3 2 1 5 3 3 4 3 1 4 4 3 3 5 1 4 5 3 4 2 5 4 1 2 3 5 4 3 1 2 3 2 4 2 4 3 3 3
4 5 3 4 5 4 2 5 3 4 3 3 5 1 4 3 5 3 4 1 5 4 3 2 1 5 5 5 1 1 5 2 4 3 5 3 5 1 1 1 3 3 4 5 4 4 3 4 4 2 1 4 1 2 3 2 4 3 2 5 1 2 1 5 3 1 5 5 1 4 1 1 1 3 1 1 5 4 3 1 1 4 3 3 2 3 2 1 2 4 1 4 4 4 3 1 2 4 3 1 3 3 2 2 5 3 0 2 5 2 4 2 1 3 3 2 3 2 3 1 5 3 2 1 3 2 3 4 3 4 2 5 5 2 5 3 5 4 1 5 1 4 3 1 4 3 4 4 1 2
2 4 5 1 2 3 2 4 2 5 1 3 1 1 5 1 4 3 4 2 5 3 3 1 2 3 1 5 1 1 1 5 5 3 2 1 4 5 1 3 3 4 1 5 1 2 2 4 5 1 3 4 3 2 5 2 2 3 4 5 5 1 2 3 1 3 2 5 1 3 2 3 3 5 3 4 3 2 1 4 5 2 3 1 4 2 1 3 1 2 4 4 1 1 1 1 3 1 2 2 1 5 4 2 1 4 1 0 3 5 1 3 1 5 3 2 1 5 3 5 2 4 4 3 2 5 2 1 2 1 3 3 3 2 5 4 2 2 4 1 5 3 3 2 1 4 3 1 2 2
2 3 3 3 4 1 1 1 1 3 5 3 1 4 3 3 2 1 2 2 3 2 2 2 3 2 2 4 4 3 4 5 3 2 5 2 3 3 1 4 3 3 3 2 4 5 3 5 5 1 2 3 4 5 5 1 2 1 3 2 1 2 3 1 3 2 5 3 5 5 2 2 5 2 5 4 1 4 3 1 2 2 1 2 2 1 5 5 1 1 1 4 2 3 2 2 2 3 4 4 2 4 2 3 1 1 4 1 0 5 4 3 3 1 4 2 5 2 4 3 1 5 3 4 5 3 3 3 5 3 5 3 4 4 4 5 1 4 5 5 3 2 2 1 1 3 5 5 2 2
1 4 2 3 5 4 5 2 2 1 4 3 3 3 3 1 2 4 1 5 3 2 4 2 1 3 2 1 2 2 3 5 1 1 4 5 1 3 5 4 4 5 2 1 3 5 3 1 3 1 4 4 4 3 5 5 3 4 1 2 3 3 3 4 3 3 3 4 2 3 1 3 5 3 2 5 5 5 3 2 3 5 5 1 2 1 1 4 2 5 5 1 1 4 1 5 2 2 1 2 3 4 5 3 1 1 5 1 5 0 1 3 1 1 4 5 2 1 5 3 3 2 5 5 1 5 4 1 5 1 2 5 2 2 4 3 4 2 4 3 5 3 4 5 1 2 5 1 3 2
3 4 1 1 4 1 4 1 5 2 4 4 2 3 3 3 5 5 3 4 4 4 3 1 1 4 5 1 1 1 2 5 1 1 4 4 5 3 4 1 3 2 4 2 4 5 3 2 2 4 4 4 4 3 5 5 1 1 2 3 4 4 5 2 4 5 5 3 2 4 1 1 4 4 4 1 4 4 1 3 4 3 5 5 1 2 4 4 1 2 1 2 2 3 1 1 5 1 2 2 4 2 3 2 2 3 3 2 2 3 0 2 1 2 3 3 3 3 5 4 5 5 4 2 2 2 2 2 1 4 4 4 1 1 1 3 4 1 2 5 2 2 5 3 3 4 3 3 5 2
3 3 4 3 1 2 1 4 3 5 1 4 4 5 5 5 1 5 3 5 3 2 3 2 5 5 5 1 1 2 4 3 2 1 1 1 1 3 5 2 3 3 5 5 3 1 1 1 3 4 2 3 2 5 4 4 4 3 3 1 1 3 3 1 4 1 1 4 1 2 2 1 5 4 5 3 3 5 4 3 2 4 4 5 4 5 2 4 4 1 1 2 3 2 4 3 5 4 3 3 2 5 1 3 1 1 3 3 4 3 3 0 4 1 5 3 3 4 1 4 4 3 1 1 2 1 4 5 5 3 3 1 1 4 1 2 4 3 5 3 1 1 5 1 1 2 4 2 3 3
4 5 1 5 3 4 5 5 5 4 1 4 5 1 5 2 3 3 1 3 1 2 5 1 2 2 4 4 2 4 5 1 5 5 2 3 2 4 4 4 4 2 5 1 1 5 1 2 2 1 2 5 2 5 4 2 2 4 3 4 3 2 2 4 2 4 5 1 1 2 5 1 5 4 5 2 5 3 1 3 1 4 2 4 3 2 5 3 1 4 2 4 4 4 4 3 4 4 4 1 1 2 5 4 4 3 3 5 2 1 5 5 0 1 4 4 1 5 5 4 4 5 3 2 5 1 4 5 4 1 5 2 5 3 3 2 2 3 2 3 3 3 3 3 1 1 2 3 5 2
2 4 3 3 4 2 3 5 5 4 1 5 4 3 3 3 4 5 3 4 1 4 4 5 5 5 1 4 2 3 1 3 2 2 2 3 5 1 3 3 1 2 1 2 2 2 5 5 4 2 1 1 1 4 3 2 4 2 5 2 5 3 4 2 3 1 5 3 5 5 1 2 1 2 3 5 1 3 4 5 4 2 5 3 1 1 3 3 2 2 3 1 2 4 3 4 2 5 3 1 4 1 3 1 1 1 4 5 1 5 1 5 4 0 4 1 2 3 1 4 2 5 5 4 4 3 1 4 5 3 1 5 1 3 5 5 1 2 3 5 2 1 2 3 1 1 5 3 4 2
3 1 4 5 4 3 5 3 2 1 3 2 4 1 3 3 2 4 5 1 2 3 3 3 2 2 2 2 2 2 3 3 5 5 2 3 5 5 3 3 1 4 3 3 1 4 4 3 3 3 4 5 2 4 1 3 3 1 3 3 1 3 5 5 2 4 5 3 2 1 2 4 1 1 4 4 3 2 4 4 5 5 1 1 3 2 4 2 1 3 1 1 2 4 1 3 4 5 2 2 2 1 2 1 5 3 1 1 4 3 1 3 3 2 0 4 1 2 5 3 4 2 5 4 1 4 4 3 1 2 2 3 4 4 2 3 1 4 3 3 3 3 2 4 5 3 3 4 1 3
4 2 2 1 5 5 2 2 2 4 1 3 2 1 4 5 3 1 1 5 3 4 5 4 3 1 5 4 5 4 5 1 2 5 3 5 1 3 2 2 3 1 4 2 3 1 5 2 3 1 3 3 3 5 5 4 4 3 2 3 4 2 5 4 3 5 5 3 1 4 2 1 4 5 3 2 1 4 1 3 2 3 2 2 2 5 3 2 3 1 4 3 3 2 3 1 2 1 3 4 3 4 4 2 1 3 3 5 4 3 2 1 5 3 1 0 5 3 1 2 3 2 2 1 5 4 2 5 2 3 5 2 3 4 5 3 4 1 2 4 2 3 1 3 4 4 4 2 2 4
4 4 4 2 5 4 5 4 1 1 1 2 5 2 2 4 5 3 3 3 1 2 1 5 1 2 3 5 3 2 3 1 3 2 1 1 5 1 3 3 2 5 4 2 4 4 2 2 3 2 2 5 5 1 3 1 5 1 2 1 5 2 2 1 3 2 2 5 1 3 1 3 2 4 1 1 2 2 2 2 1 3 3 1 2 2 2 1 4 3 3 3 4 1 1 4 4 2 4 4 1 2 3 1 2 4 4 3 1 4 4 3 1 4 3 4 0 4 2 4 5 4 2 4 5 1 4 2 5 5 2 3 5 4 5 5 1 4 4 1 1 2 2 4 5 1 2 4 5 2
4 4 5 3 1 5 2 2 4 2 4 1 4 1 5 2 2 5 4 3 4 3 1 2 2 3 1 5 3 3 3 3 1 5 5 2 2 3 5 4 4 1 2 1 1 3 2 1 4 2 2 2 5 3 1 2 5 4 3 1 1 1 4 3 1 1 1 1 3 2 3 2 1 4 1 5 4 4 4 3 3 4 1 3 5 3 3 5 1 5 3 2 3 2 2 3 1 4 4 1 5 3 3 1 5 2 4 5 2 2 5 1 5 4 2 4 1 0 2 2 5 2 2 3 2 4 3 1 1 4 3 4 5 2 4 1 4 3 2 1 5 2 1 4 5 2 1 5 3 1
3 1 2 3 3 2 1 4 5 2 1 3 3 1 4 2 2 1 3 1 5 1 2 4 5 3 4 5 3 5 4 2 2 5 1 2 2 1 3 4 1 4 5 4 3 1 4 3 3 1 3 2 3 1 5 5 1 1 4 5 5 2 2 1 1 3 2 2 5 4 5 3 1 1 1 2 5 4 4 2 2 5 5 2 2 1 3 4 1 1 1 3 1 2 1 5 3 3 2 2 5 5 3 1 2 3 4 1 5 1 2 4 4 5 1 1 4 3 0 3 5 4 3 2 5 4 3 4 2 2 1 4 5 3 5 5 5 3 2 4 1 5 5 5 1 3 1 2 1 3
3 4 1 2 3 4 5 4 2 1 1 5 5 4 4 1 4 1 5 3 1 4 2 1 5 3 3 4 5 3 3 2 4 4 3 3 5 1 1 3 3 2 4 3 2 2 5 1 1 1 2 3 3 2 4 5 3 4 4 3 3 3 3 2 5 5 3 2 5 5 1 1 3 5 3 4 3 4 3 5 4 2 2 3 4 3 5 5 3 5 5 3 4 1 1 3 4 4 2 1 3 3 3 2 3 3 3 3 4 5 1 5 5 4 2 2 4 4 3 0 4 4 2 3 1 1 1 3 1 4 5 5 4 5 3 4 3 2 3 1 3 3 5 5 2 3 2 2 3 2
4 2 3 2 1 4 2 5 3 3 3 5 1 5 1 4 3 1 2 4 5 2 4 3 1 5 3 3 1 3 5 5 3 3 2 4 5 4 5 4 2 4 3 3 2 2 4 1 4 2 5 5 5 1 2 1 2 4 2 2 2 4 4 2 4 2 1 5 4 3 2 3 2 4 1 3 5 2 4 3 5 5 5 2 5 3 5 2 4 5 4 4 4 1 3 4 5 1 5 1 4 5 4 1 1 2 5 1 4 4 4 5 3 2 1 3 4 1 2 2 0 2 5 5 4 3 2 4 3 3 3 4 1 5 1 2 1 5 1 3 1 2 4 1 4 5 1 4 5 4
5 4 5 5 1 5 3 1 3 2 4 5 2 1 3 1 4 2 2 1 1 1 5 4 1 3 5 5 4 5 5 2 4 4 1 5 2 2 1 4 1 2 5 1 4 4 4 3 3 1 2 3 4 1 3 4 3 2 5 4 4 3 5 1 4 2 5 1 3 3 2 2 2 2 3 3 2 4 5 2 2 5 1 4 2 4 4 4 3 5 2 3 2 3 2 1 5 4 1 3 1 3 5 4 4 2 1 5 1 4 2 2 4 2 2 3 2 3 4 3 5 0 4 3 4 3 3 2 4 4 1 5 3 3 3 5 4 4 1 1 5 4 3 3 1 1 4 2 5 5
3 1 1 1 1 3 4 4 3 4 5 4 3 5 4 3 5 5 1 4 2 3 2 5 4 5 2 2 3 3 3 3 4 1 1 3 5 1 2 3 3 1 4 1 3 2 5 2 4 4 1 1 5 3 1 3 3 3 5 3 1 4 1 4 3 1 5 3 1 2 4 1 1 2 4 4 3 3 3 4 2 5 1 2 3 3 4 5 3 5 2 4 4 3 2 4 5 4 1 4 2 3 1 3 3 4 1 3 3 2 3 4 1 1 2 2 1 3 5 3 3 2 0 2 1 2 1 1 4 2 1 4 2 2 2 4 1 5 5 5 1 2 3 5 4 5 3 5 2 3
4 2 5 5 5 2 1 3 1 2 3 3 2 2 5 3 1 2 3 3 1 2 5 5 2 2 5 4 4 3 2 4 1 4 3 5 5 1 1 1 2 1 5 5 1 2 4 2 4 1 3 5 2 5 2 2 2 1 2 5 2 1 1 1 1 2 3 3 3 5 5 3 5 3 5 1 2 5 3 1 2 3 4 2 2 1 1 2 4 5 2 1 4 2 2 5 3 1 2 2 3 4 4 1 4 2 4 1 4 5 2 5 1 1 3 5 3 1 3 3 2 1 3 0 2 5 2 2 5 3 4 4 1 4 1 1 1 2 1 2 1 2 2 3 4 5 4 1 3 4
2 2 1 4 5 2 2 1 2 5 1 5 2 1 3 3 3 2 2 5 3 3 5 3 4 3 3 4 5 1 3 3 1 1 3 4 1 4 3 1 4 2 3 4 3 5 5 4 4 4 1 1 3 1 4 2 3 1 3 3 4 4 2 3 1 3 4 1 2 2 2 1 3 3 5 4 4 4 5 3 5 5 1 4 2 1 5 5 3 2 4 3 3 2 2 2 4 1 1 2 5 3 5 3 2 1 2 5 2 4 2 5 3 3 5 1 5 1 4 4 5 1 2 4 0 2 4 3 4 5 4 5 4 2 1 1 1 4 4 4 5 2 4 3 1 2 3 1 3 5
1 1 5 4 5 5 2 5 2 5 3 2 2 4 3 3 4 3 5 1 5 4 5 1 1 5 2 4 3 2 1 4 3 4 5 3 5 3 2 3 1 2 2 5 2 5 2 2 2 4 2 2 3 2 4 4 2 2 5 1 5 3 3 5 4 3 5 5 2 1 3 3 3 3 1 1 1 5 2 5 4 3 2 5 2 5 1 5 2 5 5 4 3 4 2 5 2 5 2 2 3 3 2 2 5 2 5 2 3 5 4 5 4 4 5 5 2 5 2 3 4 4 4 2 5 0 2 2 5 3 5 3 2 3 3 1 5 1 5 3 4 1 5 1 4 3 1 5 2 5
4 3 1 5 3 3 3 1 1 3 2 2 2 1 2 2 3 4 3 5 3 1 3 5 1 5 4 3 5 2 5 2 4 4 1 3 4 4 2 4 1 5 4 3 1 2 1 5 2 3 1 3 1 3 5 5 2 2 5 5 2 2 2 4 5 2 4 5 3 2 3 2 3 1 1 5 3 3 2 4 3 3 3 5 1 1 4 3 1 5 1 2 3 4 2 3 4 1 5 4 3 4 2 2 1 2 1 5 5 2 2 4 1 1 4 1 3 3 2 3 4 1 1 3 5 5 0 3 3 5 5 4 5 2 1 4 2 2 1 2 2 1 2 1 4 3 4 3 1 5
2 2 2 4 2 2 4 3 2 1 5 2 3 2 5 2 4 3 3 4 3 3 1 2 4 2 2 5 1 3 2 3 4 5 3 5 2 2 3 1 3 3 1 4 3 3 1 1 1 4 3 5 2 4 5 2 5 2 4 3 2 4 5 2 1 5 2 3 5 1 4 1 4 5 5 1 2 1 5 3 5 1 1 3 5 3 4 4 1 5 3 5 3 3 1 2 2 4 3 3 4 3 3 1 1 3 2 4 2 4 4 5 2 2 4 4 1 5 2 2 4 5 1 5 1 3 4 0 4 4 4 2 3 3 2 5 3 2 1 1 5 5 3 2 5 1 3 1 4 2
1 5 1 3 5 2 1 2 3 1 4 4 4 4 5 4 5 5 3 1 5 2 4 4 4 5 4 2 4 3 5 5 3 4 4 2 2 3 5 3 2 3 2 5 1 4 3 2 5 4 2 4 5 3 4 2 5 2 2 4 2 2 3 5 5 5 2 5 3 5 5 1 1 5 4 2 3 5 5 2 4 1 5 4 5 4 5 2 1 2 2 1 3 2 1 4 5 2 2 3 2 2 3 4 2 4 2 1 2 2 2 4 3 4 5 2 1 5 1 4 4 3 5 5 2 3 2 2 0 3 5 1 4 2 5 2 1 4 1 3 1 2 5 1 4 2 3 5 5 5
3 1 1 2 2 3 1 4 2 2 4 3 5 3 2 5 1 2 4 2 2 3 2 1 2 3 3 4 3 2 4 5 1 3 3 2 4 3 3 2 1 2 1 3 2 2 1 4 1 4 5 4 3 1 1 3 4 1 1 3 4 1 5 1 5 2 5 1 1 5 5 1 2 1 3 1 3 5 4 5 3 4 2 4 5 4 1 4 1 2 4 2 3 4 3 4 5 4 3 3 1 2 2 3 3 4 2 4 2 5 2 1 5 2 3 5 5 3 3 2 3 1 3 4 3 2 2 3 3 0 2 2 1 3 3 1 1 2 3 4 1 5 5 1 5 4 5 1 2 1
3 2 3 5 3 2 3 5 2 1 3 3 5 3 1 4 2 5 2 3 4 3 3 3 3 4 2 3 1 5 5 4 2 4 1 3 5 3 4 4 1 4 3 3 1 2 5 3 1 4 5 1 1 3 4 5 2 4 2 3 4 3 4 4 4 1 1 5 1 1 1 3 3 1 1 1 4 4 3 5 1 3 1 4 4 4 2 2 2 1 1 2 4 2 4 4 1 2 1 1 2 5 1 4 4 1 4 5 2 2 1 2 2 2 5 4 2 3 2 3 2 1 5 1 1 5 1 1 5 1 0 3 3 3 5 3 3 5 1 5 1 3 1 2 2 3 4 5 3 5
2 4 1 1 1 1 2 4 2 5 3 2 5 2 5 4 2 4 4 1 3 1 3 4 1 5 4 4 2 2 1 2 1 4 4 1 2 1 1 4 4 2 2 1 2 5 2 2 2 1 2 1 2 3 3 4 4 3 5 1 2 2 2 5 3 1 4 5 4 3 3 3 2 5 2 2 2 1 1 1 2 5 4 5 4 2 1 1 3 4 4 4 4 1 2 2 3 5 4 2 1 1 2 2 2 4 4 3 4 2 3 5 4 3 1 3 5 2 5 5 2 3 3 3 3 4 2 3 3 1 3 0 3 1 5 4 2 5 4 2 1 1 3 4 5 4 4 1 2 5
2 2 4 2 4 2 5 2 5 2 2 5 4 4 1 3 3 1 3 1 3 2 5 5 5 2 1 1 5 1 1 4 3 4 1 4 5 3 3 2 3 4 3 2 1 1 3 4 1 1 3 2 5 3 4 2 5 1 4 4 4 2 3 5 1 5 4 4 2 1 5 2 4 3 4 3 3 3 5 2 5 4 1 4 4 2 1 3 2 3 5 3 1 4 4 5 2 2 1 1 4 4 3 4 1 1 5 3 2 2 5 5 2 4 5 1 2 3 2 1 1 4 2 1 5 1 1 5 2 2 4 1 0 5 5 1 2 5 1 4 2 5 1 4 2 5 5 2 3 5
3 5 5 4 3 1 5 5 4 3 1 5 4 3 5 3 3 4 5 1 1 3 3 2 3 5 1 4 2 5 2 1 1 1 4 2 2 2 1 4 4 4 3 3 3 5 1 3 3 2 1 5 4 2 5 5 3 2 2 2 5 4 5 4 5 5 2 5 5 1 4 2 3 5 3 5 2 1 5 1 3 4 3 3 2 1 2 2 2 1 2 2 1 4 2 4 2 1 4 4 1 4 2 1 3 4 3 4 5 4 3 4 4 4 2 1 1 1 5 5 4 4 2 2 1 4 1 3 5 4 4 2 3 0 3 1 4 2 1 4 3 3 2 4 5 3 1 3 3 5
4 4 3 2 2 1 4 5 1 4 1 5 3 2 4 4 2 5 5 3 2 1 4 4 1 5 5 4 2 1 4 2 1 4 2 4 3 3 3 5 2 5 5 4 2 2 5 5 4 2 2 5 1 4 5 3 4 4 2 1 5 4 3 3 5 3 2 3 3 4 1 3 4 4 4 3 3 4 2 4 3 1 3 5 3 4 5 1 4 1 4 3 2 3 2 2 1 1 3 2 2 5 4 4 4 3 5 2 1 1 1 3 4 4 2 3 3 2 5 2 2 3 5 1 5 5 3 4 3 4 3 4 2 3 0 1 5 4 5 2 5 1 3 5 5 1 4 1 1 2
3 4 3 4 3 4 1 4 3 2 2 1 2 5 5 2 1 5 1 5 2 3 5 2 3 1 3 3 4 5 5 2 1 5 3 3 3 1 3 3 3 5 4 4 4 3 5 4 1 1 4 5 5 4 5 3 1 4 1 5 2 4 3 2 5 3 2 2 3 3 4 2 3 3 1 4 4 5 2 4 5 1 3 1 3 1 4 3 4 2 1 5 2 1 3 1 4 3 3 1 4 3 3 5 1 3 4 1 2 3 5 2 4 5 5 3 1 4 3 1 3 2 5 2 1 3 3 3 3 4 5 4 2 4 5 0 1 1 4 1 3 3 1 5 1 5 1 5 4 4
3 5 1 3 3 3 3 5 1 4 1 2 4 1 3 3 4 3 5 4 4 2 4 1 5 5 2 3 2 1 2 2 4 3 5 5 4 3 3 5 4 1 4 2 2 1 5 5 1 1 2 3 3 2 4 3 5 2 3 1 3 4 5 4 3 5 2 4 2 4 3 2 4 2 3 3 3 2 2 5 3 1 1 2 1 2 2 3 4 2 2 5 1 2 4 2 4 1 4 4 3 5 2 3 5 3 4 5 3 3 1 1 2 2 3 4 4 5 5 1 3 3 2 4 5 2 4 3 1 1 4 5 1 3 3 2 0 4 4 3 3 1 1 3 4 1 5 3 3 1
2 3 3 1 4 1 3 3 3 1 2 1 5 4 4 3 5 5 1 3 5 1 1 4 4 2 2 2 1 1 2 2 1 4 2 5 5 5 4 5 4 5 1 2 3 1 5 3 3 3 3 3 5 5 1 4 3 3 2 3 5 1 2 5 1 5 4 5 3 4 2 3 4 2 3 5 1 3 2 2 4 3 4 5 5 3 1 1 1 3 5 4 3 4 3 1 3 1 5 1 2 1 5 1 4 4 3 3 4 1 3 5 5 1 2 2 2 2 3 1 5 2 2 2 3 2 2 3 5 1 1 5 5 5 5 1 5 0 5 5 4 1 2 1 1 4 1 5 2 3
2 4 2 2 3 1 2 1 1 5 5 5 4 4 5 1 5 2 4 5 1 3 4 5 3 1 3 4 4 5 2 4 3 3 1 5 2 4 5 1 2 2 3 5 4 2 2 2 3 4 3 2 3 2 3 2 2 3 2 2 1 2 1 2 2 2 2 2 3 1 3 2 2 2 4 5 5 4 3 5 3 5 2 1 3 2 4 3 2 1 3 2 4 4 4 3 4 1 5 1 1 4 5 1 5 1 1 2 5 5 1 5 3 3 5 3 1 5 3 5 5 2 2 4 5 4 2 5 5 2 3 3 2 4 5 5 3 1 0 3 3 4 5 3 4 2 4 4 4 5
5 5 4 2 3 2 5 2 5 3 2 1 4 1 2 1 2 3 4 1 2 3 2 1 1 3 3 3 4 5 3 4 2 1 4 4 1 1 2 5 4 2 3 3 2 3 3 3 1 3 5 3 4 3 2 5 4 1 1 1 5 4 2 2 5 2 3 3 1 1 5 1 2 1 3 1 3 3 5 1 2 5 3 3 5 5 5 3 3 4 2 4 1 4 4 4 2 2 3 1 3 2 3 4 4 1 5 2 1 2 3 2 2 3 1 3 5 5 2 3 4 4 4 3 5 2 2 1 2 1 3 2 3 5 1 5 3 2 2 0 4 5 1 3 2 4 3 1 4 1
1 3 1 1 3 1 5 5 1 1 3 1 1 2 2 5 3 1 4 1 2 1 2 3 4 5 2 3 1 5 1 1 4 1 2 5 3 2 2 4 4 1 3 3 3 3 2 1 5 2 5 3 5 2 3 5 4 3 3 3 4 2 3 1 5 1 2 2 2 2 2 1 5 3 2 1 4 4 3 2 5 1 4 4 3 2 3 2 3 5 1 3 1 2 4 2 4 2 5 1 2 2 5 1 5 3 2 4 3 2 4 4 5 5 3 1 2 5 4 1 2 5 4 3 2 3 1 4 4 4 2 4 2 5 3 2 5 1 2 4 0 5 2 5 1 4 3 3 1 2
3 5 1 1 5 4 3 4 2 3 1 4 1 5 4 2 5 5 1 4 2 3 1 2 3 1 5 1 5 4 4 4 1 1 5 5 5 3 1 2 2 3 2 5 2 3 2 3 5 4 1 1 2 5 5 2 2 2 1 5 3 4 1 2 5 4 5 2 3 5 4 1 1 1 1 4 3 4 2 4 2 3 4 2 1 4 5 2 2 1 1 2 3 2 2 1 3 3 1 1 3 2 4 3 5 2 3 1 5 3 3 4 4 5 4 2 5 1 4 4 2 5 3 4 5 1 4 1 5 2 5 2 5 3 3 5 1 5 4 2 5 0 3 3 3 2 2 1 4 1
1 5 4 3 5 2 1 3 1 5 2 5 5 2 1 5 3 1 1 2 4 1 5 5 2 1 4 5 1 1 3 5 5 2 1 3 5 4 5 3 2 2 5 3 4 4 2 1 2 4 3 2 4 5 2 3 4 1 4 3 5 4 4 1 5 4 2 3 3 3 2 2 4 3 5 1 4 1 5 4 3 5 4 5 2 1 2 3 1 5 3 1 1 2 4 4 4 1 3 2 4 3 4 3 1 4 1 1 5 2 1 3 1 1 1 4 5 5 4 2 2 2 1 5 5 1 4 4 5 4 1 3 4 1 4 4 5 2 2 4 2 3 0 5 2 3 2 3 3 5
3 3 5 3 1 1 1 3 1 3 5 2 2 4 5 2 4 4 5 5 3 3 2 4 5 2 4 3 5 2 3 5 1 2 3 4 3 4 2 3 1 5 2 1 3 1 4 1 4 3 4 4 4 2 2 2 3 4 2 5 4 1 2 3 1 2 5 3 4 3 1 3 4 5 3 4 5 3 1 5 2 2 3 4 5 2 4 5 4 5 2 2 1 2 4 2 5 3 5 3 3 5 3 5 5 1 1 2 3 2 1 3 2 5 2 2 4 3 2 1 5 5 4 3 2 3 2 5 5 4 5 3 4 5 5 1 1 2 4 1 4 4 3 0 3 5 3 3 2 1
4 4 4 5 5 1 3 4 3 4 2 5 1 3 1 1 4 4 3 3 3 4 3 3 3 1 5 5 4 5 2 4 5 5 5 5 3 2 3 1 1 1 5 1 1 2 1 5 4 3 3 1 1 3 4 4 4 1 3 3 1 2 3 1 3 4 1 1 5 5 1 3 2 2 2 2 3 1 2 2 3 4 3 1 1 4 2 5 3 4 1 1 4 3 3 3 2 5 2 3 1 2 3 3 1 4 4 1 2 2 5 4 5 5 2 3 2 5 4 2 1 5 4 3 5 3 2 5 5 3 5 3 4 4 4 4 1 3 2 4 1 1 2 4 0 4 5 5 2 4
1 2 4 2 3 5 1 5 1 3 2 3 1 3 5 4 1 2 3 5 4 3 5 4 5 5 5 5 5 2 4 2 2 5 4 2 5 3 2 5 3 4 4 3 4 3 4 3 3 3 1 4 2 1 5 1 1 4 3 1 4 2 3 5 2 5 4 3 2 5 1 2 2 5 3 1 1 5 2 3 1 2 3 4 2 4 4 4 3 1 5 3 2 4 2 1 3 2 5 3 1 4 4 2 1 4 1 3 3 5 5 3 3 1 4 5 4 4 1 5 2 5 1 3 5 4 1 2 5 5 2 3 1 5 1 1 5 4 5 1 1 4 1 5 2 0 1 3 3 2
1 4 1 1 1 4 5 5 4 5 3 5 1 3 1 5 5 3 3 1 4 3 3 4 2 5 5 5 4 3 2 1 3 5 4 1 4 3 4 2 2 1 4 1 4 2 1 3 1 4 3 4 4 4 5 1 4 3 4 4 2 1 5 2 1 3 5 5 5 3 5 4 1 3 2 2 4 2 1 1 1 5 3 1 3 4 1 2 2 1 3 4 1 3 1 5 1 2 1 2 3 4 1 2 2 1 2 3 4 3 1 2 5 1 5 3 1 4 2 2 4 2 3 3 5 4 4 4 4 2 1 5 5 3 3 4 5 4 5 3 1 3 1 1 1 2 0 5 5 1
1 5 1 2 4 1 3 4 5 1 4 4 3 2 5 5 4 5 1 4 4 4 5 3 5 5 4 5 4 4 2 4 4 1 2 5 5 4 2 1 3 4 5 1 4 2 1 2 5 1 3 1 5 2 1 1 1 2 3 2 2 1 4 4 5 3 2 3 5 1 3 1 2 1 4 3 2 3 2 4 5 4 1 2 5 3 4 5 1 4 4 3 1 2 3 5 5 5 5 3 1 5 4 4 4 2 5 5 2 4 3 4 1 1 5 4 4 1 1 3 1 1 4 1 3 2 4 4 2 4 3 1 4 1 1 2 1 2 5 3 4 3 4 2 5 5 5 0 2 4
4 4 5 5 2 4 3 3 5 5 1 4 2 5 1 1 4 1 3 4 5 4 3 5 5 5 1 4 4 3 2 5 4 1 5 1 5 2 5 5 2 2 2 3 3 2 5 2 2 3 1 5 4 4 5 5 3 3 2 4 2 4 1 2 4 1 2 4 2 2 3 1 3 2 3 3 1 1 2 5 5 1 3 1 5 5 1 3 3 1 5 3 4 4 3 3 5 1 1 2 3 4 2 2 5 1 4 2 3 5 2 2 4 1 3 5 4 4 3 3 3 1 2 5 5 3 1 5 5 1 1 2 3 4 5 5 1 4 5 3 1 1 1 5 2 2 3 3 0 2
4 1 5 1 5 5 3 2 2 5 1 2 2 4 1 4 5 2 1 1 1 4 2 1 3 5 4 3 4 1 3 4 2 1 1 3 1 3 3 3 3 2 5 1 3 3 2 2 2 3 3 1 4 2 2 4 4 3 3 2 1 3 5 2 3 1 3 5 1 3 3 4 5 1 1 3 4 5 4 2 1 1 5 5 5 4 1 5 4 5 4 1 2 4 1 3 2 3 4 3 2 1 2 4 2 3 5 5 5 2 3 1 3 3 4 1 4 2 2 1 1 5 2 5 1 3 2 1 3 4 4 3 4 5 3 1 5 4 3 2 4 4 1 3 4 3 4 2 1 0
