50
19 38 5 9 5
10 43 10 45 3
26 40 22 22 6
27 9 39 29 19
18 13 30 26 6
48 29 39 36 12
44 16 28 30 11
47 24 50 36 8
23 42 5 30 15
45 31 27 13 0
16 39 19 35 5
32 40 24 36 8
35 18 9 42 20
9 15 20 46 16
42 50 35 26 6
30 36 18 47 13
6 15 46 25 0
36 25 50 43 0
14 36 37 25 2
20 20 23 46 20
29 49 9 24 5
6 41 8 31 11
40 32 12 24 16
32 8 31 33 20
32 24 30 46 11
8 49 25 23 1
30 8 17 37 19
44 9 49 34 15
34 18 15 47 10
19 11 43 50 16
23 20 25 14 11
7 6 35 11 10
8 49 24 40 3
20 32 12 32 20
38 5 50 33 12
21 5 26 31 3
6 28 22 5 19
39 20 30 26 16
32 30 50 27 16
39 29 30 41 15
32 32 42 42 17
40 28 42 20 6
6 7 30 7 8
28 47 39 19 19
11 34 17 20 8
27 14 22 43 11
20 9 40 45 8
6 27 18 37 10
7 18 38 35 19
20 45 35 18 16
0 5 1 3 2 4 3 4 4 4 5 1 2 1 5 3 3 1 1 5 4 1 5 5 3 4 5 2 4 3 4 1 2 2 3 4 2 2 2 1 1 4 2 5 4 3 5 4 4 5
1 0 1 3 2 2 4 4 1 2 2 4 1 2 5 4 3 3 5 2 1 1 5 2 5 2 1 5 1 5 2 1 4 5 2 1 4 5 2 5 1 3 5 3 3 2 3 1 3 1
1 4 0 5 2 2 4 4 4 4 3 5 5 2 3 3 3 5 5 5 1 4 4 1 4 3 2 1 3 3 1 4 3 2 1 4 4 4 1 5 5 5 5 3 1 2 5 2 2 4
4 1 4 0 5 1 5 2 4 1 3 4 1 3 4 1 1 2 1 5 5 5 1 1 4 1 3 3 4 5 1 3 1 1 3 4 2 5 2 5 4 1 1 5 1 2 3 3 5 3
3 5 2 2 0 4 1 4 2 2 4 1 1 1 2 1 3 1 1 5 2 4 4 4 2 5 5 4 3 2 3 5 1 3 4 4 4 1 4 4 5 3 1 4 3 5 2 1 4 4
4 1 1 3 4 0 4 5 1 1 5 4 5 4 3 2 3 5 4 2 2 2 2 1 3 3 1 2 3 3 2 5 2 4 2 1 3 2 1 4 2 2 5 2 1 3 1 3 4 2
1 5 1 2 5 1 0 5 3 1 3 1 5 3 1 3 4 4 5 5 2 5 5 2 5 2 2 1 4 1 4 5 2 4 2 3 4 1 4 4 3 1 5 4 2 2 5 1 4 3
3 1 1 4 5 2 4 0 2 5 4 2 2 1 1 3 3 1 5 3 3 3 4 2 2 2 3 5 2 1 1 5 1 5 1 3 2 3 5 4 2 2 1 3 3 3 3 3 3 4
4 5 5 2 3 1 2 2 0 4 1 4 2 5 4 1 3 4 3 5 5 1 4 4 4 2 3 1 5 3 5 5 2 1 2 2 3 3 4 2 1 3 3 4 4 4 2 2 1 5
4 1 1 2 2 3 1 2 3 0 5 5 3 3 1 1 5 4 4 5 2 3 2 4 5 3 1 2 1 2 1 2 4 3 3 4 2 1 5 1 3 1 2 5 5 3 4 5 1 2
3 4 4 2 5 3 4 1 3 1 0 5 1 1 3 3 2 1 4 4 4 5 4 4 4 2 2 2 5 2 5 3 5 2 4 1 1 1 4 1 3 2 1 4 3 3 2 1 1 1
1 2 1 3 1 5 2 3 2 5 2 0 4 2 3 5 4 1 5 1 4 2 4 3 1 4 4 2 5 1 3 2 4 4 1 4 2 5 2 2 2 2 4 2 4 3 5 5 2 5
4 2 2 3 5 1 3 5 2 1 1 2 0 1 3 5 5 1 2 2 2 5 3 3 4 5 4 1 3 2 2 1 4 5 2 1 4 1 2 5 3 5 4 1 3 3 5 2 2 2
3 4 3 3 5 2 1 4 4 2 2 2 3 0 5 1 3 1 1 4 1 5 5 5 1 3 1 2 5 1 4 3 2 5 4 2 4 4 1 3 3 3 4 2 2 5 1 5 3 4
2 3 3 2 2 4 2 3 1 4 4 5 1 2 0 3 5 2 1 1 4 1 4 3 3 3 4 4 1 5 3 3 4 5 4 1 1 5 5 4 2 3 3 3 1 4 1 3 1 5
4 4 2 1 3 1 1 1 4 5 3 5 2 5 2 0 3 1 2 5 5 2 3 5 4 5 3 4 3 4 5 1 4 3 4 2 4 4 2 4 5 1 1 3 2 3 5 2 4 3
4 4 4 1 2 5 4 3 1 4 4 1 3 4 4 1 0 5 3 2 4 2 4 4 5 2 3 2 1 3 5 3 1 3 1 1 3 2 5 5 4 3 2 1 5 2 1 4 2 4
3 1 5 2 4 3 3 2 3 2 4 4 3 4 1 1 2 0 4 2 1 5 2 3 4 5 5 4 4 2 2 2 1 5 4 2 1 2 4 4 2 5 5 4 4 2 5 2 3 4
1 2 3 4 1 4 2 2 3 1 3 3 4 2 4 5 2 1 0 5 3 2 2 3 1 4 4 2 2 5 3 5 4 3 2 3 3 5 4 5 3 4 1 2 2 2 1 2 2 3
4 4 1 5 4 5 4 4 2 5 1 5 1 5 3 1 4 3 3 0 5 4 4 1 1 5 5 1 3 5 5 3 3 3 2 2 2 3 4 4 1 1 2 5 3 2 3 1 3 1
2 1 1 3 3 5 4 5 4 5 5 5 5 3 4 4 5 1 4 4 0 1 3 3 1 1 4 5 3 4 2 5 3 2 2 4 4 1 4 1 1 5 4 1 5 4 5 2 1 2
2 1 2 5 4 3 1 1 4 4 4 2 1 2 4 3 5 3 4 4 3 0 5 1 1 1 4 3 5 1 2 1 1 5 4 1 3 2 2 3 1 3 4 5 5 2 4 3 1 5
4 3 4 3 3 2 4 1 4 2 2 4 4 4 3 1 1 4 5 4 2 4 0 5 1 4 2 3 4 4 5 2 2 3 2 1 4 2 4 4 1 3 2 1 1 5 3 5 4 1
1 3 2 1 3 1 3 2 4 3 2 4 4 5 1 1 1 5 2 3 2 2 3 0 4 3 2 5 5 4 3 4 2 3 3 4 4 1 5 4 5 5 1 1 2 3 4 2 2 4
2 1 5 5 3 1 1 3 3 4 1 1 3 1 2 2 2 4 3 2 3 2 2 1 0 1 4 1 3 3 4 1 1 1 4 4 1 1 3 4 3 2 3 3 4 3 3 3 4 1
1 2 1 3 1 4 3 3 1 4 4 1 4 5 5 1 2 5 1 2 4 5 1 5 3 0 1 5 1 5 2 4 1 3 3 4 4 3 4 4 5 2 4 3 3 3 1 4 2 3
3 1 3 1 1 3 1 5 2 3 1 3 5 1 3 2 1 5 5 2 1 5 5 2 1 2 0 3 1 1 1 4 5 2 2 4 2 3 2 1 5 1 2 2 5 4 5 5 4 2
4 5 2 3 2 5 1 3 3 5 3 4 2 5 1 5 1 4 3 5 2 3 2 2 5 1 5 0 2 3 1 3 4 1 2 4 1 3 3 3 2 4 3 4 1 2 2 2 2 1
2 4 1 4 3 5 2 4 3 5 1 2 2 4 2 5 5 3 2 5 4 5 1 1 4 3 1 4 0 3 5 2 5 5 3 1 3 1 2 1 3 1 3 1 4 3 2 2 3 1
3 4 5 5 2 5 1 5 4 3 5 1 5 5 4 2 5 3 1 5 4 1 1 3 2 4 4 5 4 0 1 1 4 5 2 2 3 1 1 5 4 2 3 5 3 4 4 3 1 5
3 4 1 4 5 3 2 5 3 3 1 3 1 2 5 1 5 5 4 1 4 2 2 2 3 1 3 3 2 2 0 3 4 1 2 1 4 3 5 1 1 4 1 2 1 3 5 3 3 1
2 2 2 4 2 2 4 3 4 2 1 5 1 4 4 1 2 5 2 1 2 5 3 2 2 2 4 1 3 4 2 0 5 2 2 3 4 2 5 4 5 1 3 4 4 3 4 1 3 3
2 5 1 3 5 3 5 1 1 4 4 3 2 4 2 5 1 4 2 4 5 2 2 4 2 4 4 3 4 5 3 3 0 5 1 3 3 4 1 1 4 2 4 4 4 3 1 3 1 5
4 2 1 3 1 3 2 1 4 3 2 2 5 1 4 4 4 5 4 4 2 4 5 5 4 1 4 4 3 5 4 2 5 0 4 3 4 2 2 1 2 4 1 4 4 1 4 3 1 3
1 5 2 4 2 4 2 1 3 3 3 1 5 4 4 5 4 4 1 4 1 3 1 3 4 5 2 3 2 5 3 4 1 1 0 2 2 3 4 4 2 2 2 3 3 2 1 1 3 2
4 1 2 2 4 3 3 2 2 1 5 2 4 4 3 3 1 5 5 2 1 2 1 5 5 1 2 1 4 2 3 3 1 2 1 0 4 1 2 4 2 3 2 4 5 1 1 5 2 5
4 1 2 4 5 3 3 2 3 5 4 2 2 1 2 5 4 5 5 3 4 3 1 2 1 1 5 5 4 1 2 4 4 1 3 4 0 5 4 2 4 3 3 4 2 2 1 2 2 4
2 4 2 5 2 3 4 3 3 2 5 2 3 2 2 2 3 3 3 2 1 4 4 3 2 4 1 4 5 3 3 5 3 2 2 4 4 0 4 2 3 5 5 5 3 5 3 5 5 4
2 5 5 1 4 2 4 2 2 3 2 3 2 1 4 5 1 3 3 5 5 3 5 5 4 2 2 3 2 5 3 5 3 2 2 2 2 4 0 2 1 1 4 5 1 2 4 4 3 4
3 4 5 1 4 2 4 5 2 3 1 2 1 3 2 4 3 2 3 5 5 4 3 3 5 2 1 2 4 4 3 3 5 5 4 2 3 1 4 0 2 1 4 1 4 3 5 4 3 4
2 4 2 4 1 5 5 1 3 2 1 2 4 3 2 3 3 2 5 5 4 5 4 1 5 4 4 1 1 5 1 3 1 3 1 3 4 4 2 1 0 3 4 4 2 3 1 2 4 1
1 5 4 1 5 5 2 4 1 4 3 3 5 2 5 4 4 1 2 1 2 2 1 1 4 1 2 5 2 2 1 2 4 5 4 1 1 1 4 1 4 0 1 2 5 3 3 5 3 2
1 2 4 2 3 4 4 2 4 2 3 4 1 5 4 4 2 4 4 4 2 2 5 1 4 2 5 2 3 4 5 3 5 3 1 3 4 5 2 5 5 1 0 5 4 3 5 2 2 4
4 2 5 1 4 1 2 2 2 1 4 5 5 4 3 2 1 4 5 1 5 5 3 3 5 2 5 3 2 5 5 5 3 2 3 1 4 5 2 4 2 4 5 0 2 5 5 1 3 5
3 5 2 3 1 3 2 3 1 4 3 3 2 3 2 1 5 4 5 2 4 3 3 4 4 2 3 4 2 4 2 5 3 5 2 2 4 1 3 4 2 1 1 5 0 3 2 2 5 5
1 1 2 2 2 1 5 1 1 2 2 3 1 5 5 5 3 3 4 3 1 5 2 1 1 5 3 2 1 2 1 1 5 2 4 2 1 3 3 3 2 4 3 1 2 0 1 4 4 2
2 5 3 5 3 3 1 3 4 5 4 5 5 2 2 4 4 4 3 4 2 3 2 3 2 4 3 4 5 1 5 4 1 4 1 4 1 3 4 5 3 5 5 2 2 1 0 5 4 1
4 2 2 3 3 1 3 4 1 1 4 1 2 3 3 5 3 2 2 5 3 1 5 2 4 2 2 5 3 3 5 5 2 2 2 4 1 5 2 5 5 1 1 2 5 1 5 0 3 3
2 3 4 4 3 1 4 4 4 4 2 3 1 3 5 2 5 2 1 3 5 5 2 4 3 5 1 1 2 2 2 1 5 1 4 3 3 2 4 4 3 2 5 3 1 3 5 4 0 4
2 1 5 1 3 5 1 1 2 1 2 5 2 5 5 3 5 5 1 1 3 3 3 5 1 3 5 3 1 3 2 2 1 4 2 3 1 3 1 2 4 3 3 1 2 5 2 5 3 0
