200
23 30 25 43 61
8 21 20 26 43
5 48 24 45 13
22 39 31 27 37
15 49 9 17 31
37 7 21 40 55
45 29 12 24 26
20 17 28 16 27
49 8 15 45 61
6 16 41 35 12
39 12 38 47 52
43 18 20 39 51
25 6 22 24 66
8 46 8 21 78
36 15 43 42 19
8 9 39 29 58
36 20 15 47 11
5 45 19 46 46
29 35 49 46 63
22 33 7 35 47
29 41 10 10 11
24 20 9 5 62
22 39 48 33 37
17 18 36 18 38
19 44 31 15 9
48 17 22 12 2
14 43 6 6 69
36 36 5 41 26
46 44 8 49 36
47 30 9 12 41
17 42 45 27 57
13 41 45 13 1
24 42 44 26 39
25 22 44 44 16
23 20 25 24 65
48 27 45 44 60
39 12 41 30 38
23 41 42 10 54
43 44 30 45 67
40 16 40 5 80
8 26 43 23 3
5 20 50 16 47
31 32 40 6 15
32 11 34 27 53
36 29 22 31 22
25 42 45 40 45
11 33 42 18 80
29 36 28 33 1
17 32 50 31 74
25 45 6 5 28
9 43 18 7 6
32 46 16 45 78
9 10 13 36 49
29 42 35 34 25
13 33 10 16 59
35 10 28 38 49
29 26 24 30 18
18 34 12 43 22
7 47 24 10 46
35 38 12 27 45
47 37 17 19 24
35 30 46 14 73
36 10 32 45 70
20 11 45 32 9
34 36 17 43 27
40 45 19 28 32
14 33 10 37 65
24 21 13 40 59
22 15 10 37 56
24 48 44 19 46
40 16 21 35 34
43 24 43 47 41
36 16 48 45 80
31 17 46 25 41
9 49 12 15 14
30 50 11 32 36
17 24 41 46 72
12 10 21 19 71
18 43 34 36 0
15 17 32 39 75
34 24 49 25 40
7 25 27 18 77
44 22 47 43 18
29 49 48 32 36
22 12 11 46 69
24 40 29 19 3
35 9 43 9 30
31 31 45 29 6
39 19 41 6 44
27 44 8 17 57
25 29 5 27 33
28 28 45 29 41
35 17 39 28 57
43 19 35 14 71
26 45 33 37 7
47 46 26 23 17
46 32 22 46 23
39 9 28 14 68
17 40 23 50 69
49 41 18 5 37
14 9 11 35 28
37 31 28 31 7
31 28 46 5 75
36 22 19 43 38
44 16 30 37 50
25 38 11 18 39
24 15 40 11 39
18 43 20 32 49
12 10 29 23 41
28 25 22 35 1
14 41 32 40 30
8 19 43 45 57
29 30 39 49 30
50 19 39 38 47
35 38 21 39 36
17 9 45 27 73
21 37 43 8 33
6 18 24 41 19
19 32 7 27 58
18 29 39 45 74
12 25 42 17 57
15 16 34 29 39
8 29 14 29 15
44 46 35 9 15
16 34 30 33 0
27 9 11 12 10
25 43 39 21 44
28 15 30 35 39
21 42 33 14 10
30 44 38 7 46
9 31 46 19 4
22 33 49 40 71
15 32 22 42 24
14 41 37 12 7
44 42 18 24 14
28 49 8 28 46
22 22 50 15 76
37 49 40 43 39
23 30 35 41 37
22 45 8 40 55
39 32 38 30 12
27 11 23 40 50
19 26 45 22 2
40 30 42 35 49
45 32 49 23 15
46 26 29 39 62
6 45 28 32 67
30 10 7 13 78
42 19 42 43 15
41 31 8 42 57
29 9 29 18 41
43 34 10 9 41
15 19 19 42 30
17 41 43 7 68
37 45 39 37 29
32 24 34 45 52
44 22 47 16 51
31 19 28 24 31
50 23 16 20 19
23 25 47 6 74
42 38 24 36 0
17 45 22 18 47
18 50 47 48 52
46 27 19 10 43
6 43 10 16 27
27 23 18 6 51
44 32 29 9 51
24 9 50 25 65
17 30 6 31 73
16 17 5 11 7
37 26 6 10 26
5 24 36 18 2
22 9 28 21 12
34 20 15 10 15
20 35 23 38 36
31 34 27 13 41
32 30 36 48 26
5 32 20 16 62
11 18 33 15 26
35 30 14 28 8
6 29 33 16 75
46 37 21 42 56
29 25 15 43 1
13 33 27 42 32
10 13 39 39 61
31 30 36 31 68
38 19 6 24 30
29 32 22 28 21
22 8 19 14 17
24 17 23 25 29
28 42 48 48 39
36 16 41 45 67
23 15 42 33 75
7 18 7 8 30
48 18 21 14 40
40 11 21 5 6
20 31 21 5 32
18 37 29 24 59
49 38 19 25 61
19 42 20 46 8
0 2 4 1 1 4 1 4 2 3 3 1 5 5 1 1 1 1 1 4 4 4 5 3 1 1 2 1 5 3 5 3 1 1 1 1 5 3 3 4 5 4 4 4 4 5 2 4 2 2 3 1 4 4 3 3 5 5 1 4 1 4 2 4 1 5 1 4 2 4 2 4 5 4 5 3 2 5 2 2 2 5 1 3 4 1 5 1 5 5 2 2 1 2 3 5 5 3 4 3 4 5 2 2 1 1 4 4 2 5 1 3 5 4 2 1 4 2 2 5 3 3 2 2 4 2 4 1 5 4 5 3 1 2 5 5 5 5 3 5 2 2 3 1 2 4 3 5 4 1 4 5 5 4 1 1 4 2 4 2 5 2 5 1 4 1 2 5 1 4 4 1 1 2 5 2 3 1 2 3 1 1 1 4 3 2 1 4 2 1 1 5 5 3 3 1 4 2 2 4
4 0 3 3 5 2 1 4 5 5 1 1 5 1 1 4 2 1 4 5 5 3 1 3 3 3 1 3 1 1 3 4 2 5 2 1 1 1 3 2 1 1 3 3 1 2 5 1 2 4 4 4 3 1 3 4 4 1 3 4 4 2 1 1 4 3 2 4 2 1 3 4 3 2 5 4 1 4 2 4 3 2 1 5 5 5 4 1 3 4 2 1 1 5 1 3 1 5 5 2 5 5 1 2 4 3 1 5 3 4 1 1 4 5 3 2 1 2 5 3 4 3 1 5 3 3 3 2 2 5 2 5 4 1 1 5 2 4 3 3 1 4 3 2 5 4 5 1 1 2 5 5 3 2 2 5 1 1 2 3 5 3 1 2 5 1 3 3 4 1 4 2 4 2 1 5 2 2 2 4 3 1 4 5 5 4 5 3 4 3 5 4 1 2 2 1 1 2 5 1
3 3 0 2 1 4 2 4 1 4 2 3 2 1 4 2 2 4 4 2 3 2 4 2 3 5 3 1 1 4 4 1 4 4 4 4 3 3 5 3 3 3 3 4 3 2 4 4 5 4 1 2 2 1 2 4 1 2 1 1 5 2 3 1 5 5 2 2 1 3 1 1 2 4 2 1 4 3 2 2 3 3 2 5 3 2 5 3 5 1 4 1 3 5 1 1 4 2 5 3 3 5 3 4 2 5 3 2 2 2 5 5 3 5 1 5 2 2 2 4 4 3 1 5 1 4 1 4 4 3 2 5 1 4 5 4 1 1 5 2 1 1 2 4 2 5 4 4 1 2 3 4 1 5 5 4 3 2 5 2 5 2 1 1 3 1 1 3 5 3 5 4 5 1 1 1 5 3 5 1 5 4 5 2 1 5 4 5 3 5 2 5 2 2 5 1 1 5 2 2
2 3 4 0 5 4 2 5 5 1 3 1 2 1 5 5 2 1 2 1 4 4 2 2 5 5 3 3 5 5 3 5 5 3 1 1 4 3 5 1 4 4 5 2 3 1 5 4 4 2 5 4 3 2 3 3 5 1 3 2 3 4 3 3 4 1 4 4 3 2 3 5 4 2 4 1 5 3 4 4 3 1 2 1 4 5 4 3 5 2 2 4 5 1 5 5 5 5 1 1 2 3 4 1 5 1 4 4 4 4 5 3 4 3 1 1 5 5 3 4 2 2 3 5 5 3 5 5 3 5 5 4 1 4 1 2 2 5 1 4 5 4 5 3 1 3 2 1 3 3 3 3 5 2 3 2 4 5 1 5 1 5 3 4 1 3 3 4 5 4 2 3 5 5 3 5 2 2 4 3 4 4 1 4 5 2 1 4 5 5 1 1 3 1 1 2 4 3 4 1
5 4 2 5 0 4 1 3 3 5 2 1 3 1 2 2 1 4 1 3 4 2 3 2 3 4 1 3 1 3 2 2 3 1 3 3 3 3 4 1 3 4 1 2 4 3 5 5 2 2 5 4 3 2 2 4 4 1 1 1 5 3 4 1 5 1 3 3 2 2 4 2 4 3 5 4 5 1 2 4 3 3 1 2 5 2 4 5 2 2 1 4 3 1 1 2 5 3 3 1 2 2 3 2 1 3 2 2 4 5 1 5 2 1 5 1 2 3 4 4 5 3 2 3 1 4 2 2 2 3 2 1 3 5 4 3 3 1 5 1 2 4 3 2 3 5 4 1 2 2 4 5 1 1 2 2 4 4 1 5 3 2 5 4 5 2 2 2 1 2 4 4 5 5 1 3 1 3 4 2 4 1 1 3 3 4 3 4 5 1 4 4 4 4 1 3 1 1 3 4
4 5 2 2 3 0 5 1 1 3 1 5 5 1 1 5 5 4 4 5 5 1 5 5 3 1 5 1 2 3 2 2 4 5 4 4 4 4 2 2 5 4 3 4 2 1 2 5 4 3 5 2 4 3 3 2 1 4 4 5 2 3 2 1 4 2 5 5 5 3 3 3 4 5 2 4 2 3 1 1 2 5 4 4 5 1 3 4 1 2 4 1 2 3 4 2 2 3 1 4 1 2 4 5 3 2 5 3 2 3 1 3 5 5 5 4 5 1 3 5 4 5 3 2 2 5 5 4 4 3 4 2 3 5 3 3 1 3 5 3 3 1 1 1 3 2 4 5 4 2 4 4 3 3 5 3 1 3 3 4 4 5 5 3 4 2 1 5 4 4 5 4 1 1 3 1 2 4 3 5 5 4 1 1 1 3 1 2 5 1 2 5 1 4 2 3 1 4 4 4
5 3 2 3 1 4 0 1 5 3 4 5 2 4 2 2 5 1 2 2 3 1 5 4 4 2 3 4 4 4 4 4 3 3 1 5 2 3 4 1 4 3 5 2 2 1 5 3 3 3 1 5 4 4 5 4 3 3 4 4 1 4 3 5 5 2 1 5 1 2 4 1 1 4 2 2 1 2 3 2 1 1 3 4 4 3 3 1 5 1 4 4 5 2 1 1 4 5 1 2 2 5 4 5 4 5 2 4 3 2 3 4 2 5 2 1 2 5 4 3 4 1 1 2 5 1 4 1 5 1 1 1 2 5 1 5 4 3 4 4 4 4 1 3 2 4 2 3 1 3 5 1 4 1 1 2 2 5 3 4 4 1 1 5 5 5 1 2 5 4 1 3 1 2 3 3 5 4 4 1 3 5 1 4 1 4 2 2 1 2 5 5 3 2 5 2 1 5 4 2
2 5 3 1 4 2 5 0 5 1 1 2 2 4 3 4 2 2 2 1 3 3 2 1 5 4 5 1 3 4 4 1 1 4 5 2 4 3 2 2 2 3 4 2 3 3 2 4 1 3 5 2 1 4 5 3 2 2 1 3 2 5 2 2 2 4 3 5 1 4 4 2 3 4 1 1 4 1 2 4 4 3 2 4 1 2 1 5 1 3 2 1 5 3 5 1 4 1 1 4 4 1 4 3 5 2 4 1 5 1 2 5 2 1 2 1 4 3 1 2 4 3 4 4 3 3 2 4 3 5 4 5 1 1 4 5 1 3 2 2 4 2 4 2 3 3 1 5 5 4 2 1 2 3 3 3 5 1 2 4 1 3 3 5 5 5 1 4 3 2 4 3 4 3 5 1 3 1 5 3 2 4 3 3 2 4 1 3 1 2 1 3 3 3 1 4 1 2 5 1
3 4 1 4 3 4 1 1 0 5 2 2 1 5 4 2 1 2 1 2 5 3 2 4 2 4 2 2 1 5 4 1 5 4 4 4 5 3 2 4 1 3 3 1 5 1 5 1 2 2 4 2 1 5 2 4 3 3 4 3 1 5 2 1 4 1 2 1 5 3 4 4 1 4 2 2 4 1 3 5 5 1 4 1 4 4 5 2 5 3 4 3 5 5 1 5 4 4 3 3 1 4 2 1 4 2 5 5 2 3 1 4 5 1 2 5 3 4 1 5 2 1 1 4 4 1 3 1 2 3 2 2 3 1 4 2 2 4 1 5 3 2 3 3 3 1 5 5 4 5 5 2 4 5 2 2 1 5 5 1 4 4 4 1 2 5 4 2 3 2 5 2 1 3 5 2 5 4 2 1 5 1 4 2 4 3 5 4 5 3 5 1 4 2 5 3 3 5 1 1
3 4 1 5 5 5 1 2 3 0 2 1 3 2 4 3 5 4 3 3 4 4 5 2 4 5 5 2 2 2 3 3 4 2 1 5 4 1 2 4 1 3 1 2 3 2 1 4 5 1 2 2 2 1 5 1 1 3 5 3 2 5 3 3 3 4 5 2 3 2 3 3 2 2 3 3 1 4 1 3 2 4 1 4 2 1 1 2 4 4 4 1 5 3 3 2 2 5 5 3 4 3 4 2 5 4 1 4 3 5 1 2 3 2 4 3 5 4 3 2 4 1 2 2 1 4 2 2 2 5 4 3 2 5 5 1 4 2 3 3 5 1 1 5 1 4 3 2 5 5 4 3 3 4 1 1 2 3 1 1 2 2 5 2 4 3 1 4 5 4 3 3 3 4 2 5 5 2 3 4 3 2 3 2 3 5 5 3 5 3 4 1 5 2 1 2 2 3 1 4
1 4 2 4 4 1 3 5 1 4 0 4 2 2 4 5 3 2 3 4 2 2 2 2 4 3 3 4 4 2 4 2 2 4 2 2 4 3 1 4 5 3 4 2 4 1 2 2 1 1 2 3 3 2 5 3 4 2 2 5 3 1 2 1 3 4 4 2 4 4 5 5 3 5 3 1 1 1 3 2 1 2 5 2 5 5 4 3 3 1 3 2 1 2 3 4 2 3 1 2 2 1 4 5 5 5 5 3 5 1 2 3 5 4 5 5 3 3 5 5 2 5 5 5 1 2 4 2 1 4 4 1 4 3 3 3 3 1 2 1 2 2 1 4 1 1 2 4 3 4 3 2 4 3 4 5 5 2 2 4 2 3 3 4 5 1 5 4 1 1 2 4 1 2 3 3 4 2 5 3 5 2 3 3 5 3 3 2 4 2 3 4 5 1 5 1 2 5 5 3
4 5 2 3 2 5 2 2 5 3 4 0 3 4 1 2 3 3 1 2 4 2 2 5 1 2 2 2 2 2 5 4 4 3 4 4 5 2 4 2 1 4 3 1 3 1 2 1 1 4 4 4 1 4 2 2 5 2 5 5 1 3 1 3 3 3 4 5 5 1 2 4 3 3 4 5 5 4 3 1 2 2 3 2 5 5 1 4 2 1 2 5 5 1 5 5 3 2 3 2 1 1 2 1 5 5 2 5 5 3 3 1 2 4 1 3 3 1 4 5 3 3 1 4 2 3 5 1 3 4 5 1 3 4 5 1 4 2 4 2 1 3 4 4 3 3 5 5 2 2 3 2 4 4 2 5 1 5 5 4 1 3 2 4 2 5 1 2 4 3 5 2 1 4 5 4 5 1 5 5 2 3 5 4 5 5 1 3 3 3 2 3 5 4 5 1 3 5 4 3
1 2 4 1 4 3 2 5 5 3 4 5 0 5 5 4 3 1 5 4 3 4 3 5 3 2 4 1 3 3 5 3 2 2 3 2 3 5 1 3 3 1 4 2 4 5 2 1 2 2 1 4 4 4 4 1 3 1 3 3 2 2 4 2 2 1 1 4 3 3 1 5 3 1 4 4 2 3 2 2 4 5 2 5 5 4 5 2 3 1 1 1 4 4 5 1 2 2 1 3 2 5 3 5 4 3 4 4 1 1 1 2 3 5 4 4 3 1 2 1 2 4 1 1 4 2 4 4 4 4 1 2 2 4 4 5 5 3 4 1 5 4 2 2 1 2 2 1 4 2 4 5 1 4 4 3 1 3 2 2 5 4 1 4 1 4 5 2 3 4 4 4 2 5 4 5 4 4 5 3 1 4 2 3 4 5 3 1 4 4 3 2 3 4 5 2 2 4 2 3
5 1 2 5 5 3 3 5 5 4 4 4 5 0 2 3 4 2 5 2 2 4 4 3 1 2 1 2 3 3 2 2 5 5 3 5 4 5 1 1 4 3 5 3 2 2 5 4 5 4 4 3 5 4 2 5 2 1 5 1 1 3 1 3 4 3 2 2 1 4 5 3 2 2 1 1 1 2 2 1 2 1 2 5 5 3 5 3 4 1 2 2 4 5 4 3 1 2 5 3 1 3 1 1 4 3 3 3 2 1 2 3 2 2 2 1 5 2 3 5 4 3 3 3 1 5 4 3 5 3 2 2 5 2 5 2 5 5 1 5 3 3 1 5 2 4 5 3 3 5 3 1 5 1 5 3 3 5 2 2 2 5 2 3 2 2 2 4 1 1 5 3 4 2 4 3 3 2 1 4 1 2 5 4 5 3 4 4 2 2 1 4 4 5 1 4 2 3 2 1
4 1 2 2 1 4 5 3 3 4 5 4 4 1 0 2 4 2 4 3 1 2 3 5 5 5 2 4 4 3 1 4 3 5 2 4 5 1 1 4 1 4 3 4 1 2 1 2 5 2 2 3 1 5 4 5 1 5 1 3 1 2 5 2 4 2 1 4 5 1 3 3 2 3 3 1 5 2 5 2 3 2 1 2 2 4 4 1 5 2 4 2 3 1 4 1 5 5 4 4 5 1 3 5 4 2 5 5 1 1 5 3 4 3 3 2 3 5 1 2 2 2 4 2 3 4 2 4 3 5 5 4 3 3 2 1 1 3 4 5 2 2 4 2 4 1 5 5 3 1 4 4 3 3 2 4 3 1 2 5 2 2 4 4 1 2 2 5 4 1 1 2 1 3 2 4 4 4 2 1 1 4 5 5 5 1 2 4 3 2 4 5 1 5 5 2 2 2 2 1
3 5 2 1 2 2 5 2 3 5 3 1 2 5 4 0 5 4 2 5 3 4 2 3 2 4 5 4 5 5 3 5 5 5 1 1 2 5 5 3 2 1 4 5 2 5 2 4 1 2 3 5 1 2 4 2 3 2 1 4 5 5 5 3 1 1 4 1 3 5 5 2 1 1 2 3 1 2 2 2 5 2 4 1 3 1 1 4 3 3 1 3 5 4 1 2 3 1 5 2 4 5 3 4 5 3 5 1 4 2 1 4 1 4 5 4 5 1 2 5 4 1 1 1 4 2 3 2 4 4 4 3 4 1 4 3 3 5 4 4 1 5 5 3 2 1 1 3 2 3 5 3 1 4 2 1 4 5 4 4 5 3 2 1 4 1 1 3 2 1 5 2 3 2 2 2 2 1 4 2 4 2 4 3 1 4 5 5 5 4 3 5 3 3 3 4 2 2 5 4
2 5 3 5 1 1 3 4 2 4 3 5 3 4 3 3 0 4 1 3 1 1 5 2 3 4 4 2 4 3 5 1 3 1 1 4 4 2 5 4 4 3 3 2 3 4 1 5 1 2 5 1 1 2 1 2 4 1 4 4 5 1 5 4 4 1 4 2 4 3 5 4 3 3 2 2 1 5 5 2 1 3 3 5 2 3 2 2 2 5 3 4 5 3 2 1 5 5 3 2 5 1 3 1 2 2 4 1 2 4 1 3 3 2 3 5 3 2 2 5 5 5 3 4 2 4 5 3 3 4 2 1 5 1 5 1 1 2 2 4 5 5 3 1 5 2 1 2 1 1 1 3 3 1 3 5 3 4 3 1 2 1 1 5 3 5 1 1 5 2 2 1 1 3 4 3 2 4 2 2 1 3 2 4 3 5 2 1 4 4 1 2 5 1 1 4 4 4 1 5
5 5 1 4 2 3 1 1 3 5 1 3 1 3 4 4 5 0 1 2 3 2 1 4 4 1 1 1 3 3 3 3 5 3 5 5 5 5 1 4 1 2 3 2 2 5 4 2 5 4 2 5 2 2 1 4 5 5 2 1 4 4 5 2 3 1 5 2 1 1 3 1 2 4 1 5 2 2 5 1 5 2 1 2 5 4 4 1 3 1 1 2 1 5 2 2 1 5 2 1 4 3 1 4 5 5 1 1 4 1 1 4 5 5 5 1 3 4 4 3 4 1 3 5 1 4 3 2 1 3 5 4 3 1 3 4 5 3 2 5 3 1 3 4 1 3 2 5 3 2 2 4 2 5 4 4 2 3 1 3 1 5 3 3 1 1 4 4 4 1 4 1 4 5 4 3 3 4 3 1 5 5 1 3 2 2 4 1 3 1 1 1 3 1 4 3 4 5 2 3
2 1 4 2 5 5 5 5 2 5 1 3 4 3 1 5 4 2 0 3 2 1 5 4 5 4 4 2 2 4 1 1 4 5 1 4 2 3 2 4 5 4 5 5 3 3 1 5 4 2 1 5 2 5 2 2 4 2 2 2 5 3 4 5 1 4 3 4 2 4 4 3 3 5 3 5 3 2 4 1 4 1 2 5 2 4 4 2 2 4 2 2 3 1 3 3 5 5 1 1 1 5 2 4 1 1 5 5 1 4 2 1 3 4 4 4 2 1 1 5 3 5 2 5 2 3 5 4 5 3 3 3 2 5 4 2 3 5 2 2 1 5 5 1 1 4 3 1 4 1 1 2 4 4 4 2 5 4 5 5 2 3 3 4 3 4 1 4 2 1 2 2 5 4 1 1 5 2 5 3 1 2 1 2 3 2 5 3 2 3 3 3 1 5 1 1 2 5 3 3
5 3 1 3 4 4 3 4 4 2 1 1 5 3 3 5 2 2 5 0 2 1 1 3 5 3 5 1 3 5 2 3 1 2 1 3 3 1 4 2 1 1 5 3 2 4 2 5 1 2 3 4 2 1 5 4 3 4 4 4 5 3 5 1 3 5 5 1 4 1 2 4 3 2 1 2 2 3 3 1 3 4 3 5 3 5 1 1 5 4 1 2 2 3 2 4 5 4 1 4 1 2 3 4 3 3 2 3 1 2 4 1 2 3 4 2 3 5 5 1 3 4 3 2 1 5 4 1 1 5 1 4 4 1 1 3 1 4 4 2 4 2 1 3 3 1 4 1 1 4 5 3 3 5 2 5 4 2 2 3 5 4 1 4 5 5 4 1 1 2 2 3 2 4 2 2 3 1 2 5 3 4 2 3 4 2 5 5 2 5 1 2 1 5 5 3 1 3 5 5
5 2 2 3 2 1 5 4 2 3 1 3 5 3 2 3 2 3 5 1 0 2 5 2 2 1 1 1 3 5 1 1 5 4 5 5 5 4 2 2 2 2 3 5 1 5 5 4 1 1 2 5 3 5 2 5 2 1 5 5 4 1 2 3 4 3 5 4 2 2 5 1 3 4 3 2 5 2 1 4 3 3 5 5 1 1 3 4 4 5 2 2 5 3 2 2 4 4 5 3 3 2 3 1 4 4 5 4 4 3 5 4 4 2 3 4 2 2 4 4 1 5 5 2 2 4 5 2 5 1 1 2 2 2 4 3 5 5 5 2 3 5 1 3 4 4 2 1 5 3 5 4 5 2 3 3 5 4 3 4 1 3 4 3 3 1 5 2 3 4 2 2 3 5 4 4 1 1 5 2 3 2 4 5 4 4 4 5 2 3 1 2 1 2 3 2 3 3 2 3
3 4 2 2 3 1 4 2 3 4 5 2 5 2 1 4 2 3 2 2 3 0 2 4 5 5 3 1 2 2 1 5 4 3 1 4 1 3 5 2 1 1 4 5 5 5 2 5 1 3 1 4 2 1 3 1 1 2 4 2 2 5 2 3 3 2 3 1 3 1 4 3 4 3 1 5 2 1 4 2 1 4 5 5 5 1 1 3 5 3 4 5 5 4 4 5 2 5 5 1 2 4 1 5 4 4 1 3 1 2 1 4 2 3 3 2 3 1 4 2 3 3 1 5 3 2 5 2 3 2 5 1 3 1 1 4 2 1 1 3 2 5 2 1 3 5 3 4 1 2 3 1 2 3 4 2 5 4 5 5 4 5 4 4 1 5 3 1 5 2 2 4 2 3 2 2 2 4 2 5 4 2 5 4 3 2 5 1 5 1 5 5 5 2 4 4 1 2 5 1
1 4 2 1 2 3 2 1 3 4 5 5 3 3 2 2 5 3 2 2 1 1 0 1 1 3 2 3 1 4 1 2 1 4 5 2 1 5 1 1 5 3 5 3 1 3 5 4 4 3 4 3 2 1 2 4 1 2 3 4 4 2 3 3 1 2 5 1 2 1 3 3 3 2 2 4 2 1 2 3 5 3 3 1 5 1 1 2 4 1 1 4 2 2 3 1 4 1 2 3 5 5 1 3 2 2 3 4 4 3 5 3 4 5 1 1 3 4 5 3 5 3 2 4 3 5 3 4 1 5 3 4 1 3 5 2 2 2 4 4 5 2 5 2 2 2 4 5 3 3 5 2 2 5 4 1 5 4 5 1 4 4 1 3 4 5 1 3 1 1 1 2 4 5 1 2 4 4 5 1 2 3 2 3 1 1 5 5 4 1 3 4 2 5 1 2 1 5 1 2
5 5 2 4 4 2 2 5 5 3 2 4 2 5 2 1 2 2 4 4 5 1 3 0 5 3 5 1 2 5 5 4 5 5 4 3 3 4 4 2 5 4 3 3 3 4 2 5 2 2 2 3 2 5 5 2 1 3 5 2 1 5 2 2 3 2 1 4 2 1 5 2 4 4 3 5 1 1 3 2 3 1 3 4 2 1 4 4 3 4 4 1 5 5 5 3 1 1 1 1 3 4 1 5 5 1 4 2 2 1 1 4 1 5 1 5 5 1 4 3 1 1 4 2 5 2 5 5 1 3 4 5 5 3 2 5 2 1 4 2 4 1 3 2 2 2 4 2 2 4 1 3 3 1 1 1 5 5 4 1 5 5 5 4 3 4 3 1 1 2 3 2 2 1 3 4 1 1 4 5 4 2 3 1 1 4 4 3 4 4 5 5 2 4 4 2 3 5 5 5
2 4 2 2 2 3 4 2 2 3 5 2 3 3 2 1 4 2 2 1 2 4 2 3 0 2 5 2 3 5 1 2 5 1 4 2 3 2 5 4 4 4 2 2 1 5 5 2 1 3 4 2 2 3 4 4 2 3 3 4 5 2 4 5 5 2 3 1 3 1 4 2 5 3 3 2 4 5 4 5 3 5 5 4 2 1 2 3 1 3 3 5 2 5 2 2 3 5 1 1 4 4 4 5 1 1 1 3 1 5 2 2 4 2 2 1 2 3 3 3 4 1 4 4 5 5 1 2 5 3 2 4 1 1 4 5 2 1 3 5 2 5 3 3 5 2 5 5 3 3 1 2 4 5 4 1 5 5 3 2 2 1 3 2 5 4 2 1 3 3 3 2 2 5 2 1 2 4 4 4 2 3 5 4 5 5 3 5 2 4 5 2 4 4 4 4 1 3 2 2
3 1 2 5 1 5 2 4 2 5 1 5 2 1 2 5 4 1 1 2 4 3 3 1 4 0 4 2 5 5 5 2 1 5 3 3 2 5 3 2 5 3 5 5 1 1 5 1 3 1 3 1 2 3 2 1 4 5 1 4 5 1 2 5 3 1 1 5 3 1 3 5 2 4 2 2 4 1 4 2 3 1 1 2 5 4 4 3 3 1 4 1 3 2 3 3 2 4 5 4 4 2 3 1 3 3 2 3 3 5 2 5 4 5 4 4 4 3 4 4 5 1 3 3 1 2 5 2 4 3 2 1 4 5 2 3 4 4 1 1 5 4 1 5 4 3 2 1 2 3 2 1 5 1 2 4 5 4 4 2 1 5 2 1 4 3 4 1 3 1 5 2 2 5 3 3 2 1 3 3 1 1 4 3 5 1 5 3 1 1 2 1 5 1 3 4 2 1 5 5
5 5 3 1 3 2 5 1 4 1 5 2 4 4 2 4 5 4 4 5 1 3 1 3 3 5 0 4 2 1 4 5 1 2 1 1 1 2 3 2 4 3 3 1 5 5 5 4 2 1 4 5 5 4 2 4 2 5 2 5 3 2 5 5 5 2 1 4 5 1 1 3 3 4 3 3 5 4 3 4 4 2 2 4 5 3 5 1 1 1 3 4 1 5 4 2 5 1 1 2 3 1 3 5 3 2 2 3 4 3 3 5 2 5 5 5 1 4 3 5 1 3 1 2 5 2 2 3 1 5 5 2 5 5 1 1 4 5 4 1 3 4 3 3 4 4 5 1 1 3 1 2 1 5 2 1 5 5 1 2 3 2 1 1 1 5 2 2 4 1 3 3 5 3 1 1 4 4 2 5 4 3 2 1 5 1 5 1 5 5 3 3 2 3 4 1 4 3 5 2
1 4 2 2 5 4 3 5 3 4 2 5 5 1 5 4 1 4 1 3 4 3 1 4 2 1 2 0 5 5 5 2 1 4 2 5 3 5 3 2 4 1 3 3 4 3 5 3 1 4 4 1 3 4 2 5 5 3 5 5 5 3 3 5 2 4 5 3 4 1 1 5 2 5 1 1 4 2 3 3 5 4 1 3 5 2 4 4 4 2 2 5 4 3 3 4 5 3 3 4 1 4 1 1 1 2 5 2 3 4 2 4 1 5 5 2 3 5 3 4 5 1 5 2 4 1 2 1 3 2 4 2 4 3 5 4 1 4 4 3 5 3 5 3 4 3 5 3 5 2 4 4 5 5 5 1 4 3 2 4 3 1 1 5 5 2 3 5 2 3 5 3 5 1 3 5 1 1 3 3 4 5 1 1 4 1 2 3 3 4 1 1 4 3 1 2 2 3 3 1
1 5 2 3 3 2 4 4 1 1 4 4 2 5 1 1 5 3 2 4 5 2 1 5 1 3 5 4 0 2 3 1 3 5 1 2 1 5 2 3 1 4 5 3 3 1 4 3 1 4 5 2 1 2 5 1 2 5 1 3 3 4 3 2 3 5 2 5 5 4 3 1 3 1 4 2 3 5 3 1 5 2 2 3 4 4 4 4 3 3 3 4 5 5 3 3 1 4 3 3 3 1 1 1 5 4 1 2 5 1 5 4 1 2 1 2 4 4 3 5 5 3 2 4 4 4 5 4 2 4 1 4 5 1 4 2 3 3 1 3 5 1 1 5 1 1 2 3 4 3 1 5 2 2 3 5 5 5 1 1 1 1 4 1 1 2 1 4 4 3 3 4 5 3 4 2 2 1 1 1 3 2 4 5 3 2 2 1 5 5 3 1 4 2 4 2 2 1 3 4
5 3 3 2 2 3 2 3 5 5 3 1 2 1 1 1 1 3 3 4 3 3 1 1 3 4 1 4 2 0 5 5 2 2 3 5 4 4 4 1 2 3 3 4 4 1 3 4 1 3 4 4 1 4 4 3 2 5 3 4 2 2 5 2 2 3 4 4 3 4 2 5 3 2 3 1 5 1 3 1 4 2 5 1 1 5 1 5 3 4 4 1 1 1 4 2 1 4 3 3 1 1 2 5 2 4 3 5 4 2 1 1 3 1 2 5 3 1 5 2 3 5 5 3 2 3 4 5 3 4 1 3 2 2 1 1 1 1 4 1 5 1 4 5 1 5 2 3 5 2 4 4 4 3 4 5 5 4 5 1 5 3 3 5 2 2 1 1 5 2 5 4 4 1 3 1 1 1 4 2 4 5 3 2 1 5 2 4 4 4 2 2 3 4 4 3 1 3 2 1
2 5 3 1 4 3 5 2 2 1 1 1 2 1 3 1 4 1 5 3 1 1 2 1 1 2 3 3 4 4 0 1 1 2 4 5 5 3 5 1 4 3 2 3 1 2 1 1 3 3 5 3 1 3 1 4 5 1 1 2 1 2 2 1 5 3 3 2 3 3 4 5 1 1 5 5 4 4 4 3 2 1 4 1 5 4 1 1 5 2 3 1 3 4 3 3 1 4 3 4 2 5 3 3 1 4 5 5 1 2 3 1 5 5 5 2 4 2 4 3 1 3 2 1 3 1 3 4 2 3 4 2 4 4 2 2 3 1 2 2 1 4 2 2 3 2 4 4 1 4 3 2 1 4 3 3 5 2 5 3 4 1 5 3 3 2 2 3 4 3 3 4 3 3 2 3 5 3 4 4 1 4 2 3 2 1 3 1 1 5 1 3 1 3 3 2 2 4 5 5
4 3 1 2 3 3 5 2 5 2 4 1 2 3 2 1 3 4 2 2 4 2 5 4 3 1 2 4 1 5 4 0 2 4 3 1 2 2 5 1 4 3 3 5 3 3 1 1 4 2 2 3 3 2 4 5 3 3 2 2 5 2 3 5 2 3 3 3 4 4 5 4 4 4 2 2 1 2 1 3 4 4 4 2 5 4 4 1 5 1 2 5 5 5 3 3 3 2 2 3 2 2 3 5 4 4 1 2 3 1 5 4 1 1 3 4 1 2 3 2 2 2 5 2 3 1 2 2 2 4 1 5 4 1 2 3 4 5 5 3 3 4 5 5 3 3 3 2 1 4 3 1 2 1 5 1 1 2 2 2 3 5 2 1 3 4 1 1 1 4 1 4 5 2 1 5 5 2 2 1 4 2 1 4 2 1 2 5 4 5 4 3 5 4 3 4 1 4 5 3
4 1 1 1 1 4 3 5 2 5 5 4 5 3 1 5 2 4 4 5 4 2 3 3 3 3 3 3 2 5 2 3 0 5 4 3 1 5 3 1 2 3 4 1 5 1 2 2 5 2 4 5 4 5 5 3 4 4 1 5 1 4 5 3 4 3 2 3 5 4 5 3 1 4 5 5 5 3 5 5 2 3 5 5 1 1 1 4 4 2 3 1 4 4 3 5 5 5 4 1 2 1 2 3 4 5 2 5 5 3 2 2 2 5 1 3 2 1 1 2 2 5 5 2 4 5 1 5 4 5 1 2 2 2 3 2 2 3 4 1 3 4 3 1 4 5 5 3 4 2 3 5 3 2 5 4 5 2 4 2 5 4 2 1 5 3 5 4 5 1 3 1 1 2 3 2 4 2 1 3 1 1 5 3 5 3 2 1 4 2 1 1 4 2 1 1 2 5 2 1
1 5 3 2 2 5 4 5 3 2 1 5 2 3 3 3 3 4 2 4 5 3 2 4 3 3 5 2 2 3 2 1 3 0 1 4 2 5 2 2 3 2 4 2 1 5 2 1 1 2 5 1 5 3 1 3 1 2 3 5 5 2 1 3 2 3 2 5 5 5 5 3 3 1 5 4 1 1 3 3 1 1 3 3 3 1 4 2 4 1 3 5 4 5 1 2 4 1 1 3 2 5 3 4 4 3 5 4 3 5 2 1 3 4 3 5 5 1 2 2 3 5 3 2 3 5 3 4 4 5 2 5 1 2 4 2 4 5 3 2 2 2 2 1 4 5 3 5 4 4 4 2 1 5 3 3 2 5 2 5 5 4 3 4 1 5 1 5 2 4 1 4 1 1 2 4 2 1 4 1 1 4 3 4 3 1 2 3 5 3 1 2 4 1 4 4 1 1 4 3
3 1 3 3 5 5 5 5 3 3 5 2 1 1 5 1 2 4 4 3 3 4 4 5 1 3 2 1 4 1 3 5 1 2 0 3 3 2 2 4 1 2 2 5 5 5 3 3 3 2 4 5 3 2 2 5 1 4 5 4 1 5 1 2 4 1 3 5 1 5 3 3 5 3 4 3 5 1 5 4 1 2 1 1 4 5 5 3 5 4 1 5 5 4 2 1 5 5 4 1 4 5 2 5 1 2 5 2 2 5 1 3 2 3 2 1 3 3 5 3 1 2 2 1 4 4 3 4 3 2 5 1 5 1 1 5 2 3 5 5 2 2 5 5 4 3 3 3 1 4 5 5 2 1 4 4 1 5 2 4 4 4 4 5 1 5 2 1 3 2 5 4 3 2 5 2 3 4 3 3 3 3 4 4 3 1 4 4 1 3 2 3 5 1 5 1 4 2 4 4
3 5 4 2 1 2 3 3 5 1 4 5 1 3 4 3 5 4 2 2 2 3 4 3 4 5 2 3 2 1 2 5 4 4 5 0 1 5 5 3 4 3 5 2 5 3 4 5 5 2 4 2 1 1 5 1 4 1 5 3 5 5 4 4 1 1 5 4 1 5 3 4 3 1 4 1 3 1 5 1 1 2 2 1 5 2 2 1 3 3 3 1 5 1 4 1 1 4 3 4 2 1 2 1 5 5 5 1 5 2 4 1 1 4 4 2 4 5 3 5 1 3 2 5 1 4 4 1 2 4 1 5 5 4 1 3 5 2 2 2 4 2 4 2 5 3 3 5 1 5 3 4 3 1 3 5 3 2 5 3 5 1 4 2 2 2 2 4 3 4 5 2 2 3 5 4 2 2 5 5 3 3 3 2 5 2 2 1 2 5 2 5 1 1 2 3 4 4 2 1
4 4 4 5 2 5 1 1 1 2 3 2 1 2 4 1 3 3 2 3 3 1 2 5 2 1 3 1 2 4 1 2 1 5 2 2 0 3 2 3 2 2 1 5 5 3 2 1 3 2 2 3 2 2 3 3 2 1 2 1 5 5 5 3 4 2 4 1 2 4 4 4 3 1 2 3 1 4 5 1 4 5 5 5 3 4 4 4 3 3 2 5 4 4 4 5 3 1 2 3 4 4 3 3 1 3 5 4 5 5 3 4 2 4 1 1 3 5 5 2 5 4 2 5 5 1 1 3 5 1 2 5 2 3 2 3 1 3 2 3 1 4 3 4 4 3 3 1 5 4 2 2 5 2 2 3 2 3 2 4 2 2 4 3 2 3 5 2 3 1 2 4 2 3 5 3 1 2 5 3 4 4 2 2 5 3 2 3 2 2 1 5 2 4 2 3 1 5 4 2
3 4 1 1 3 4 4 3 4 1 3 2 2 4 3 4 1 2 3 1 5 2 1 4 4 3 4 1 5 1 5 2 4 4 1 2 5 0 1 3 1 2 3 3 1 4 2 3 2 4 5 5 5 3 2 5 3 5 4 5 5 1 1 5 1 3 5 2 4 3 5 1 1 4 5 4 5 1 4 4 3 2 5 3 2 1 3 3 4 5 3 5 1 1 5 1 2 5 2 2 4 3 4 3 2 4 3 1 4 4 4 4 1 1 1 1 3 2 3 4 2 4 3 5 3 3 4 2 3 2 5 5 5 3 3 4 2 2 4 5 2 1 1 2 2 4 2 3 1 3 2 5 2 4 3 1 4 2 4 5 3 2 2 2 1 1 1 3 3 3 2 1 4 3 4 4 4 3 4 2 4 1 1 3 3 2 4 5 2 3 2 1 3 2 5 2 4 1 2 5
3 2 2 2 2 2 1 1 2 5 5 3 1 5 2 2 2 1 4 2 5 3 5 1 1 5 4 1 4 5 1 4 3 1 2 4 2 3 0 4 2 4 2 1 1 4 3 3 4 3 3 1 3 1 4 5 3 4 4 4 5 2 3 4 4 1 2 4 4 5 2 3 1 2 3 5 4 5 1 5 5 3 4 4 4 5 2 4 5 5 1 1 4 2 2 4 3 5 1 1 3 3 1 4 4 2 4 4 4 5 1 4 3 4 2 2 1 1 1 5 5 4 5 4 5 1 4 3 5 5 3 3 4 4 2 3 5 2 1 5 5 3 5 2 2 1 4 1 5 2 2 5 4 2 3 5 4 5 3 2 4 2 1 1 4 1 5 5 2 2 5 1 1 4 5 3 3 3 5 4 3 1 1 5 3 5 1 4 4 3 1 4 1 1 5 4 2 3 4 2
3 1 2 3 4 4 4 4 5 3 1 5 1 3 5 1 5 1 2 2 5 2 5 3 3 3 3 3 5 4 3 2 4 4 1 1 1 3 3 0 1 2 4 2 5 4 2 2 3 2 2 4 1 4 3 5 1 2 2 2 1 4 5 2 3 1 1 3 3 4 1 4 1 3 1 5 5 2 2 3 1 5 3 2 5 1 5 4 2 2 1 2 2 5 4 4 5 2 1 2 3 2 3 1 4 1 1 1 1 4 1 1 2 3 3 2 3 3 3 3 3 1 1 2 3 4 2 3 5 2 1 2 3 4 1 2 2 2 5 2 1 3 1 3 2 3 1 5 4 1 4 3 2 2 1 5 2 3 1 2 5 3 5 1 5 4 2 2 4 4 3 1 5 5 4 2 5 3 3 5 4 5 3 3 5 2 2 5 5 5 5 5 4 2 3 3 1 5 5 2
2 1 4 4 1 5 3 2 3 4 1 4 1 3 3 1 5 2 2 3 1 2 4 1 4 5 3 4 3 4 1 2 1 5 5 4 4 4 1 3 0 2 4 4 5 5 3 2 1 3 5 1 2 1 3 3 5 3 5 2 3 5 3 3 4 4 1 3 2 4 5 1 5 5 3 2 2 2 5 1 2 4 2 2 5 5 1 2 2 1 1 3 5 3 4 5 4 1 2 1 1 3 1 3 4 1 5 4 1 1 2 2 1 2 2 1 1 1 4 4 2 1 2 3 3 2 4 2 4 2 2 2 5 1 4 1 4 2 1 3 3 5 5 3 4 5 2 1 3 5 3 4 2 5 5 1 3 1 3 4 2 4 5 5 2 3 5 5 5 3 5 4 2 1 2 1 4 2 5 3 5 4 4 5 3 2 1 4 3 2 1 5 2 1 5 3 1 5 3 2
5 4 2 1 2 5 5 2 2 4 5 4 2 3 1 3 4 2 3 4 5 4 3 1 2 2 5 1 2 2 3 1 1 3 1 4 2 2 2 4 3 0 5 4 4 2 3 3 3 1 3 5 1 4 4 1 4 1 5 3 1 4 4 3 5 5 3 3 2 4 4 3 4 5 4 1 1 1 2 5 4 5 5 1 4 3 4 2 4 1 3 5 3 3 3 1 1 4 4 4 5 3 3 3 5 1 5 5 3 2 1 1 1 5 5 5 3 2 5 5 5 1 3 5 4 4 4 4 1 2 3 3 4 4 5 2 4 2 4 4 1 2 2 3 1 5 3 1 5 1 2 3 3 4 1 1 1 2 3 3 1 3 1 2 4 4 1 3 1 2 3 3 4 2 2 2 1 3 1 2 1 2 3 3 3 5 1 4 2 2 1 4 4 5 5 2 3 4 4 2
1 5 3 1 5 3 5 1 4 1 2 3 4 5 2 5 5 1 2 5 5 3 4 1 2 1 4 3 1 3 2 2 4 2 4 1 3 5 3 4 1 3 0 1 2 1 4 5 1 2 3 2 4 4 1 1 1 5 5 2 1 2 3 1 2 3 5 5 4 4 2 2 2 3 2 3 5 5 3 3 3 5 4 5 5 4 4 1 1 5 2 4 5 3 2 3 3 5 4 1 3 4 3 1 2 3 4 2 2 3 4 3 2 4 1 1 2 3 1 2 1 1 5 5 1 3 4 3 3 3 4 1 4 1 3 2 5 3 4 1 1 2 1 3 4 2 2 1 3 2 4 4 1 2 1 1 4 3 5 4 3 1 1 2 4 4 3 3 1 3 2 2 3 2 3 1 3 3 5 4 3 5 1 5 3 4 4 2 2 3 3 1 4 5 1 2 4 3 1 2
1 1 1 3 1 2 3 1 5 4 1 5 1 5 3 3 3 4 1 2 4 2 2 3 1 2 3 2 5 1 1 2 1 4 4 5 5 5 3 2 2 2 5 0 4 3 5 4 4 4 4 5 4 3 4 3 1 3 4 4 2 4 4 1 2 3 3 1 1 3 1 1 3 3 4 4 3 1 1 1 3 2 5 4 1 1 1 4 4 5 1 2 5 2 3 4 1 3 3 1 2 2 3 2 5 2 2 4 2 5 4 1 1 3 1 4 5 1 1 3 2 5 4 4 5 2 4 4 3 2 5 3 1 5 5 5 4 5 5 5 1 2 1 1 4 5 5 1 3 1 4 4 2 5 2 1 2 3 5 2 2 3 2 3 3 1 5 1 5 4 3 3 2 5 2 1 5 2 4 1 1 5 2 3 2 1 4 1 1 2 5 1 4 2 1 2 4 5 3 2
3 2 2 1 3 4 5 2 3 3 1 5 5 4 3 4 1 4 4 4 2 4 1 3 3 3 2 4 3 2 4 2 5 5 2 1 3 1 3 3 3 4 5 2 0 3 2 3 3 4 3 5 2 1 1 4 3 5 2 5 3 3 1 1 5 2 3 2 4 1 3 5 4 4 1 5 1 3 3 3 5 1 5 3 5 1 2 2 5 4 2 5 4 5 3 2 2 4 4 3 1 4 3 3 5 1 4 1 5 3 4 4 5 4 2 3 1 1 4 4 2 1 3 5 3 2 2 4 2 2 5 2 3 3 3 3 1 2 5 4 2 3 1 5 1 3 3 3 3 5 5 5 5 4 1 4 5 2 3 3 1 3 2 1 2 1 5 2 4 1 2 3 4 5 1 1 4 4 5 2 3 1 4 5 3 3 3 3 4 4 3 2 2 5 2 2 1 5 4 2
1 3 3 4 3 1 3 1 3 3 5 5 1 3 4 1 4 3 2 2 5 2 3 1 5 1 1 1 4 3 4 2 1 1 3 2 4 3 5 3 1 1 5 4 3 0 4 4 2 2 5 2 5 3 5 4 3 5 3 3 4 3 5 2 3 5 5 1 2 3 2 1 3 3 3 4 3 3 1 2 4 4 4 4 5 3 5 3 2 3 2 2 1 4 3 5 2 2 3 3 3 5 3 2 4 3 4 3 4 2 1 3 1 5 2 4 1 1 4 4 5 3 3 3 3 1 5 1 1 2 2 1 4 4 2 4 3 1 5 4 4 3 4 2 2 2 3 1 3 5 4 1 5 1 5 3 5 5 4 2 3 5 3 1 4 2 1 5 1 2 2 1 4 5 5 1 1 1 2 5 5 2 1 5 5 3 2 3 5 3 4 3 1 5 1 2 2 1 2 1
3 4 2 5 5 1 5 4 1 5 1 5 5 2 4 5 3 2 4 4 4 1 2 2 3 5 1 3 4 5 1 4 4 1 5 1 4 1 5 3 5 4 5 5 3 1 0 2 3 3 2 4 3 1 4 4 4 2 5 4 2 2 5 2 4 4 4 4 1 3 5 1 2 2 3 3 4 3 1 4 5 3 3 3 4 5 1 1 3 3 1 1 1 4 3 5 2 4 1 4 2 1 3 1 5 1 3 2 2 1 4 5 5 3 3 5 2 1 4 4 1 1 2 3 1 2 4 4 5 5 3 5 2 4 2 3 5 1 1 5 5 5 2 4 3 5 2 5 5 3 5 5 1 5 2 5 5 2 5 3 4 5 3 3 2 4 5 3 3 1 1 3 2 4 1 3 4 1 4 1 3 5 5 3 1 5 4 2 5 2 5 4 2 3 4 1 2 1 3 2
4 2 3 5 4 4 2 2 2 1 3 4 1 4 1 5 2 4 5 3 2 1 1 5 3 5 1 4 5 3 3 1 1 5 4 5 4 1 4 1 5 4 1 1 4 1 4 0 5 3 2 2 3 5 1 5 1 2 1 5 5 2 3 5 2 1 2 1 4 4 5 2 4 5 3 5 4 5 4 4 2 3 3 3 2 2 3 3 1 2 3 2 5 1 1 1 5 5 3 2 3 2 4 2 1 5 5 5 5 4 5 3 3 3 5 4 1 1 4 5 1 5 1 3 3 5 4 3 4 5 5 5 2 4 2 2 1 3 4 4 1 1 4 2 3 1 1 3 2 4 1 1 5 2 1 4 1 1 5 5 2 5 3 5 3 4 1 5 5 3 4 2 2 4 3 4 3 1 3 5 4 5 2 5 4 3 3 5 2 2 3 5 4 3 4 3 1 5 1 1
4 3 2 3 3 5 5 5 2 4 3 3 1 4 3 2 1 4 2 5 5 3 4 2 1 3 4 3 3 2 4 2 1 4 2 1 3 1 4 3 4 4 4 5 2 3 2 2 0 4 2 3 1 4 2 4 1 2 4 3 5 1 5 5 2 1 1 4 2 1 4 2 1 5 2 3 3 1 4 1 2 3 5 5 4 1 2 2 5 3 2 3 1 4 1 4 1 4 4 4 1 5 4 2 3 1 2 4 4 3 3 2 5 2 3 2 5 4 5 3 3 2 3 2 3 2 4 3 3 4 1 2 4 4 5 1 4 3 4 4 3 1 2 4 5 3 1 4 5 4 3 1 1 2 2 5 4 4 3 1 1 4 2 2 1 1 1 4 1 4 4 3 5 4 3 5 1 4 2 3 5 5 4 3 4 3 3 4 2 4 5 4 4 3 2 4 3 3 4 2
1 3 1 3 4 4 1 1 2 2 4 1 4 1 2 5 3 2 1 5 2 3 5 4 1 4 1 2 1 3 1 5 1 3 5 2 5 4 2 1 1 2 3 5 5 2 2 4 1 0 5 3 5 4 3 4 4 2 3 5 3 2 3 5 1 3 2 2 1 2 2 5 1 4 1 2 3 1 2 4 2 3 5 1 4 1 1 5 1 5 3 3 5 1 3 1 5 1 4 3 4 3 1 1 2 2 4 1 3 4 2 3 2 2 2 3 4 2 1 2 5 4 2 1 5 4 4 5 2 3 3 1 1 1 3 2 3 3 3 3 4 5 4 5 1 5 2 1 1 4 5 1 1 1 3 1 2 3 4 2 4 3 2 4 5 1 5 5 3 1 1 4 3 3 3 2 1 3 4 4 1 5 3 1 2 2 1 1 3 2 4 5 3 5 3 4 2 3 4 1
1 3 1 4 5 1 3 4 1 5 5 5 4 2 4 1 2 3 4 2 2 1 1 3 2 1 1 2 5 1 1 2 3 4 1 5 4 5 1 3 4 2 4 2 2 1 3 1 4 1 0 4 2 1 1 1 3 2 2 3 5 4 4 1 2 2 5 3 4 4 2 3 2 4 2 5 1 3 2 4 1 3 5 1 1 5 2 5 2 3 2 1 2 1 1 4 2 4 3 3 4 1 1 5 2 1 3 4 5 4 4 3 1 5 3 1 3 5 2 4 5 3 4 2 3 3 3 4 5 2 4 5 5 1 1 5 5 2 5 1 5 4 4 1 2 5 1 5 2 1 3 2 5 1 3 3 3 2 4 2 2 4 4 3 1 2 1 5 1 4 1 2 5 5 2 4 5 3 5 2 4 1 3 2 1 1 4 1 4 4 3 5 3 1 4 1 4 1 1 4
1 1 4 1 2 2 1 2 1 1 3 2 4 4 3 2 2 4 3 2 5 3 4 1 3 5 1 3 2 5 2 4 5 3 2 1 2 5 3 4 3 2 5 4 3 2 5 5 3 3 4 0 4 2 3 1 3 3 4 2 2 1 5 1 2 2 5 4 2 2 5 2 4 4 2 5 2 1 1 3 4 3 5 2 4 1 2 5 4 1 3 5 4 1 5 5 2 2 4 3 5 2 3 2 3 1 1 5 4 1 4 5 5 3 1 4 3 2 1 4 1 3 1 4 2 3 4 2 3 3 2 4 3 3 5 5 3 3 1 4 3 5 1 3 4 2 1 1 1 4 1 5 1 3 1 1 5 4 2 4 2 4 3 5 4 3 2 1 5 1 3 4 4 5 2 3 5 4 1 2 5 4 5 4 3 3 2 4 5 1 1 5 5 1 4 4 4 5 4 5
2 5 4 4 1 4 4 4 4 5 4 4 3 1 4 4 2 1 1 1 2 2 3 2 3 1 4 1 3 2 4 3 3 2 4 4 5 2 1 1 3 3 2 2 2 2 1 5 4 3 3 1 0 3 1 4 2 3 1 3 2 5 3 3 1 1 3 3 4 1 4 3 5 5 4 5 5 1 4 3 4 2 2 4 3 5 5 1 1 2 2 5 2 5 5 4 3 2 4 4 2 1 4 3 4 4 2 2 4 1 5 4 2 2 4 1 2 1 3 3 1 5 5 3 2 1 2 1 3 5 5 4 4 2 1 2 3 1 2 4 2 4 2 4 5 5 1 5 3 3 5 3 1 2 2 5 4 4 4 5 4 2 5 3 2 4 4 1 1 4 3 2 1 3 2 1 3 1 5 4 3 5 3 4 3 1 2 5 5 1 5 5 3 4 2 2 4 4 2 3
3 5 3 4 2 1 5 5 5 3 2 1 4 1 4 4 4 3 2 2 1 1 4 5 3 3 1 1 3 1 1 5 1 3 4 2 4 2 3 2 3 3 5 4 4 5 4 5 2 1 3 1 3 0 4 4 4 1 2 4 5 3 4 1 4 5 2 1 4 1 3 3 2 1 3 2 1 1 2 5 4 5 4 5 4 1 3 5 1 3 4 2 2 3 3 1 3 1 3 4 2 3 3 2 5 3 2 2 3 4 1 3 2 5 2 5 5 2 1 4 3 1 1 1 2 3 3 5 2 1 1 2 2 1 2 1 3 2 4 3 5 2 3 5 2 1 2 3 2 3 1 2 3 4 5 3 5 5 3 2 4 3 2 2 3 3 5 2 5 4 3 1 4 4 4 5 4 4 3 3 4 3 4 5 1 1 5 3 4 4 3 3 4 2 2 4 2 4 3 5
4 4 2 3 5 1 3 2 1 5 3 3 2 1 3 1 2 2 4 2 1 4 4 1 1 5 1 3 2 2 4 5 4 3 5 4 1 4 5 4 5 1 1 5 4 4 5 2 2 1 1 5 3 2 0 4 3 1 4 5 2 3 5 3 2 5 1 3 1 1 2 3 4 3 2 2 2 5 2 4 3 3 5 4 2 2 1 5 2 5 2 3 4 4 3 5 1 5 4 1 5 3 3 3 2 3 2 5 4 4 1 4 1 5 3 3 3 1 3 1 4 3 1 2 3 2 4 2 1 4 5 2 2 5 1 3 2 4 5 3 1 1 3 3 4 5 4 2 3 4 5 3 5 3 5 4 4 1 5 3 1 1 1 4 2 3 5 2 2 3 5 1 5 4 4 4 1 4 1 1 4 1 3 3 4 3 5 2 2 4 1 1 5 4 3 3 3 2 1 1
3 1 1 2 3 2 2 1 5 5 3 5 4 3 4 1 2 4 1 4 4 1 1 3 1 1 5 3 1 5 5 5 5 4 4 3 3 3 3 1 1 1 4 1 5 1 1 2 2 1 5 2 5 5 5 0 4 3 1 4 2 1 5 4 2 1 1 2 5 1 5 4 3 1 2 3 1 2 1 2 3 1 1 5 4 4 5 5 3 5 1 5 5 5 3 3 2 1 4 4 4 5 4 2 2 4 5 1 4 3 5 2 5 1 3 4 2 4 5 3 2 5 5 3 2 4 1 3 1 3 5 2 4 5 4 3 4 2 5 5 2 2 3 4 5 5 4 5 1 4 1 4 2 2 3 3 1 1 2 1 3 1 4 5 4 4 5 1 2 3 1 1 3 4 4 1 4 1 4 3 1 5 1 3 2 5 4 3 2 1 4 5 5 4 4 1 2 3 4 1
3 5 1 1 4 1 3 5 2 2 2 2 2 3 5 4 1 3 1 4 1 2 1 3 3 4 5 1 1 4 5 1 4 5 5 2 3 1 3 4 4 1 4 1 2 2 3 1 5 2 1 2 2 5 4 3 0 5 1 4 2 2 1 5 3 2 2 5 4 3 3 2 4 1 3 1 5 5 5 2 1 4 4 1 1 5 5 4 5 3 2 2 1 3 4 5 5 4 5 3 4 4 4 4 1 3 4 1 5 1 4 3 1 5 3 2 5 4 2 2 3 4 5 2 2 3 3 3 1 4 5 4 5 4 5 4 3 1 5 4 5 2 1 3 1 5 2 1 4 2 3 3 3 4 2 4 4 1 4 3 4 3 1 3 4 5 3 2 5 3 3 1 1 5 3 5 4 2 1 2 4 1 3 4 3 1 1 1 2 4 2 1 4 4 5 4 3 5 3 4
5 2 3 5 4 5 5 5 3 3 2 5 5 3 1 4 3 4 3 1 2 2 4 5 4 5 1 4 3 2 5 5 2 5 1 3 4 2 2 3 1 1 4 2 3 5 4 2 4 1 3 2 4 4 4 2 3 0 2 3 2 5 4 1 3 5 5 2 4 5 2 1 5 4 5 2 4 5 5 1 5 3 2 2 3 3 3 4 2 3 3 1 1 3 2 2 5 5 5 3 2 1 3 5 1 4 5 1 2 1 1 4 5 1 5 5 4 5 5 3 1 1 2 4 5 2 2 4 4 4 2 4 5 4 1 1 1 2 4 2 4 5 1 4 4 5 2 1 3 4 5 4 4 1 1 4 2 1 1 3 4 1 2 4 5 1 4 1 1 1 3 3 2 1 5 1 5 1 3 3 4 2 3 4 3 3 1 3 1 2 4 5 4 5 4 3 2 5 1 2
4 2 1 2 1 4 2 1 2 3 4 2 1 4 5 3 4 1 1 4 2 3 3 4 2 5 2 2 4 1 1 1 2 4 5 3 3 1 5 4 5 3 5 1 4 2 3 1 4 1 2 3 2 3 3 3 2 2 0 2 1 5 4 2 3 4 2 5 5 3 2 2 3 4 5 4 3 1 3 3 4 3 5 1 5 2 4 5 4 4 2 5 5 1 5 5 5 1 3 4 5 5 2 2 1 5 1 5 3 2 1 1 1 1 2 1 4 5 3 4 3 4 2 4 5 2 2 5 4 3 5 4 5 4 2 3 3 2 4 3 4 4 5 2 2 4 2 3 1 3 3 5 4 1 2 3 4 1 4 4 5 2 1 2 3 1 5 5 4 2 4 4 4 2 3 4 1 4 4 4 5 5 5 1 2 4 3 1 1 3 3 4 1 1 3 3 1 2 4 4
1 4 2 2 1 1 3 2 4 2 5 5 2 1 1 2 5 2 5 5 4 1 5 2 1 4 4 2 2 4 4 3 1 1 4 2 4 4 5 1 1 2 4 2 2 4 4 2 1 3 3 3 4 5 1 1 3 1 5 0 4 2 1 5 1 2 4 4 1 3 5 1 2 1 4 5 1 5 5 3 1 5 3 5 5 2 3 2 3 3 1 3 4 1 4 2 3 3 4 2 3 1 1 5 4 2 3 5 1 5 2 2 1 2 3 2 5 2 5 1 2 5 1 5 5 2 2 1 3 1 3 2 5 3 2 4 5 2 3 5 2 4 2 2 1 5 2 5 5 3 4 3 3 4 5 4 1 3 3 2 4 4 5 4 3 2 3 3 4 1 2 1 5 3 1 4 5 2 1 4 2 5 4 5 5 2 4 1 5 3 3 2 3 4 2 4 4 3 2 4
3 3 3 4 3 4 1 4 3 1 4 2 5 3 4 5 5 4 1 5 1 1 2 5 5 1 2 1 1 5 5 3 3 3 5 2 1 5 4 2 5 4 1 3 2 2 4 3 5 2 4 2 3 4 1 1 4 1 1 3 0 5 2 5 5 1 2 1 2 3 5 1 3 1 1 2 2 1 4 4 4 4 4 5 3 1 1 4 2 4 1 3 1 4 5 1 5 2 3 4 5 5 3 2 5 3 4 2 4 4 1 1 5 4 1 3 5 1 4 3 4 1 1 3 2 5 2 4 4 4 4 2 3 4 3 4 3 5 5 3 4 4 4 1 2 2 4 5 2 2 5 3 5 2 3 5 1 5 1 2 5 4 3 3 3 3 3 1 2 3 5 1 3 5 3 1 4 1 5 4 1 1 1 2 4 3 2 3 2 3 4 3 1 3 3 3 4 1 3 5
1 5 2 3 3 5 1 3 1 4 5 4 3 1 5 1 3 2 2 1 4 3 3 3 3 5 2 4 4 2 3 2 2 3 2 4 3 3 5 1 3 1 3 5 5 3 3 1 2 3 4 2 5 4 5 3 5 2 1 2 3 0 2 3 5 4 3 1 3 3 3 5 3 4 2 2 3 5 1 4 1 1 5 3 2 5 3 5 4 1 3 2 3 5 4 1 1 5 3 1 5 4 1 4 3 4 1 1 2 5 4 3 3 5 5 5 4 5 1 4 5 1 4 4 3 4 1 4 2 2 2 4 5 3 2 2 5 5 1 4 3 3 2 1 5 5 3 1 4 3 3 1 3 5 4 4 4 5 4 2 2 5 1 3 2 1 5 3 4 4 5 4 5 4 2 3 4 3 1 2 3 4 3 4 1 5 3 1 5 2 5 4 2 5 1 3 2 5 4 4
2 4 1 5 3 5 5 5 3 3 3 3 1 1 1 4 4 1 1 3 4 4 3 5 4 2 5 2 1 3 4 3 4 3 1 4 1 3 2 2 1 4 4 3 5 4 3 5 2 1 5 3 5 1 1 4 4 5 5 1 4 4 0 5 1 4 2 4 2 4 3 4 2 5 1 1 4 4 5 3 2 1 5 2 1 5 5 2 4 5 3 1 5 4 3 1 3 5 3 2 4 2 3 3 2 3 1 4 3 2 2 1 1 1 2 3 1 2 4 1 1 3 2 2 4 4 5 3 1 1 3 3 5 2 1 5 2 3 1 5 4 1 4 3 4 2 3 4 4 3 1 5 4 1 5 5 5 5 2 1 3 4 1 1 5 5 1 4 4 3 1 4 4 2 5 2 1 2 4 2 5 3 1 1 4 4 2 5 4 3 2 4 1 4 5 3 3 2 4 1
2 1 4 5 3 3 5 5 4 4 2 4 5 3 3 1 1 2 2 4 2 3 4 1 5 4 2 3 4 2 4 5 1 1 4 2 2 1 5 4 3 3 4 2 3 3 2 1 5 3 5 2 4 5 3 4 5 5 1 5 2 3 2 0 1 2 3 2 1 1 2 2 4 4 1 3 3 4 1 3 4 3 3 4 4 4 3 2 2 4 4 4 2 1 2 3 2 2 5 3 2 5 3 2 3 1 2 1 5 5 4 5 2 4 5 2 1 2 1 5 2 1 1 4 3 5 3 5 3 1 4 1 4 5 4 1 4 4 2 5 4 2 2 4 2 5 1 5 4 5 1 1 2 2 5 3 3 4 1 3 5 3 2 5 3 5 2 2 2 1 3 2 3 1 5 3 3 1 2 3 1 5 2 3 3 1 4 2 4 3 1 1 1 3 4 1 3 2 2 3
5 1 3 5 4 3 3 3 1 3 5 2 3 5 2 2 4 3 5 1 3 3 4 4 2 3 5 1 5 3 2 5 3 5 5 2 1 1 1 4 4 4 4 1 3 1 1 1 3 3 1 3 1 2 3 5 5 1 1 2 5 4 1 4 0 4 1 4 5 4 4 4 3 2 3 1 1 2 5 2 4 3 5 5 1 1 4 1 4 4 2 2 1 4 3 2 2 2 1 3 4 5 3 2 2 3 4 1 5 1 3 4 1 1 2 1 5 4 3 3 3 4 1 2 3 4 5 2 4 2 5 4 4 5 5 5 2 1 2 3 4 5 4 2 5 5 2 3 4 4 1 4 5 4 2 1 2 2 1 1 1 2 5 3 2 3 1 2 4 2 1 4 4 3 3 5 4 2 4 2 5 4 2 3 3 2 3 5 2 2 5 4 1 4 3 1 4 1 3 3
4 2 3 2 3 5 2 3 5 5 1 1 1 4 1 4 2 1 2 3 5 2 3 4 3 3 2 2 5 5 5 5 2 2 2 2 5 4 4 2 4 1 4 1 4 3 3 3 3 4 1 1 5 5 2 4 5 4 2 3 2 3 5 1 4 0 3 5 2 2 2 5 3 5 5 3 3 5 2 3 1 3 1 1 2 2 2 5 3 1 1 3 2 4 5 4 3 1 1 3 4 5 1 5 5 2 1 5 4 1 3 2 4 3 3 5 2 1 5 3 5 3 1 3 1 5 1 3 1 4 5 4 1 4 1 3 2 4 4 2 3 2 2 4 1 3 1 3 3 3 3 2 2 1 3 3 3 1 2 1 5 3 1 1 5 4 2 5 5 3 4 4 3 4 1 3 2 2 3 2 1 4 1 2 2 5 1 5 4 4 2 2 3 4 4 1 2 1 2 2
2 5 2 1 2 5 3 5 1 4 5 2 2 5 1 1 4 4 2 3 4 4 2 2 5 4 4 3 2 1 4 1 3 3 1 3 2 4 1 2 5 3 4 1 5 2 2 4 2 2 3 1 2 5 1 2 5 1 3 3 2 4 2 1 1 2 0 1 1 4 5 1 3 1 1 2 4 3 4 4 1 4 4 1 4 3 1 5 5 1 1 3 1 3 3 2 4 1 2 3 1 5 2 4 2 1 4 3 3 5 1 5 5 2 4 5 1 5 3 3 1 1 2 3 3 1 1 2 2 5 2 4 1 1 2 1 3 3 1 2 2 4 5 5 4 1 5 5 1 3 2 1 2 4 4 3 3 1 3 2 1 3 1 1 3 3 3 1 2 2 5 4 4 5 4 3 2 3 1 5 2 3 5 5 2 2 5 2 2 4 5 4 1 4 5 4 3 4 5 3
4 2 4 4 2 5 4 2 3 1 1 3 3 5 5 2 2 1 3 4 3 4 5 5 2 1 1 1 3 3 3 2 3 2 3 1 1 4 3 4 2 3 4 2 5 5 1 5 4 2 3 5 2 5 4 4 5 2 2 4 3 4 4 1 5 4 2 0 3 1 1 3 1 4 2 1 3 1 2 1 3 4 5 3 2 4 3 2 3 5 3 2 2 4 3 3 5 1 3 3 3 2 3 2 3 4 5 4 1 2 2 1 4 1 1 4 5 2 4 2 3 4 1 2 1 5 4 3 3 4 1 3 4 3 2 2 2 5 3 3 3 3 2 2 5 3 3 4 4 5 4 2 4 4 1 5 5 1 5 1 3 4 5 5 3 2 1 3 2 2 1 4 2 1 1 4 2 4 1 3 1 5 1 5 3 4 2 5 2 1 1 2 5 2 1 1 3 1 3 5
3 5 1 4 2 2 2 4 5 2 5 4 5 4 1 5 2 4 4 5 4 2 2 3 5 3 2 3 5 1 4 3 5 1 3 3 4 4 3 3 4 1 3 5 5 1 2 5 3 3 5 3 3 5 1 4 1 4 3 3 5 4 2 4 2 1 3 5 0 1 2 4 5 3 4 1 3 1 3 4 3 1 4 5 1 3 5 5 5 4 1 4 4 4 3 2 2 4 4 4 2 2 2 4 5 4 2 4 4 3 4 3 1 3 1 3 5 1 4 1 2 1 2 1 3 5 5 2 3 3 3 2 4 2 1 2 1 5 2 5 4 5 3 2 2 2 2 1 3 3 3 3 4 4 3 5 2 4 3 5 3 4 2 1 3 4 4 2 5 4 2 3 2 3 5 5 2 4 5 1 4 3 4 5 3 1 2 3 1 5 4 4 1 4 4 4 1 4 4 2
1 3 3 2 3 4 1 5 5 3 1 3 3 1 1 1 4 3 4 4 3 1 5 2 4 3 4 4 5 3 3 5 2 1 3 2 3 2 4 3 1 2 1 4 2 3 1 3 3 1 3 2 4 2 3 1 5 2 2 1 4 5 3 1 1 3 2 2 1 0 1 3 1 3 1 1 1 1 2 5 4 1 1 3 3 4 1 4 2 2 4 5 4 5 2 1 3 1 2 4 2 1 3 4 5 5 1 5 5 3 4 5 2 4 5 1 2 5 4 4 3 2 3 1 2 4 4 1 3 2 4 5 2 2 1 4 1 4 4 4 3 3 1 4 3 4 3 4 4 1 4 2 1 3 5 4 5 1 2 3 1 2 5 5 5 2 2 5 3 2 5 1 5 4 1 5 5 1 3 5 1 4 2 5 2 5 1 4 3 1 1 1 5 4 4 4 2 4 4 5
1 3 2 3 2 4 1 4 5 2 5 4 4 4 4 1 5 1 5 1 3 1 2 3 5 3 5 1 3 5 2 2 5 5 4 2 3 5 1 2 3 2 1 4 5 1 5 3 1 3 3 2 2 3 4 5 2 5 5 3 4 3 5 2 5 1 3 1 1 3 0 4 1 4 1 5 1 2 4 2 5 1 3 4 4 4 3 3 2 3 3 1 2 3 1 2 5 4 5 4 1 5 3 2 4 5 1 2 4 3 4 3 2 4 5 2 4 4 2 3 5 1 1 3 3 1 3 2 1 3 3 4 2 1 1 5 3 3 4 3 2 3 1 4 3 2 3 3 3 5 1 1 5 2 2 5 5 1 4 3 3 5 2 5 3 4 5 3 3 4 5 4 3 1 3 1 4 1 4 2 2 4 2 2 3 4 3 4 5 2 5 1 5 4 1 2 3 4 5 2
3 2 1 2 4 5 4 1 3 3 5 2 4 2 3 3 2 1 4 3 3 4 5 1 1 1 2 1 1 2 4 4 3 1 5 3 3 5 2 4 2 1 4 4 5 2 1 5 3 4 2 3 3 4 3 5 4 1 5 2 3 4 1 3 2 3 2 5 3 4 5 0 1 3 4 5 2 5 3 1 5 3 3 2 4 5 1 3 4 3 1 1 4 2 3 3 3 3 4 2 1 4 3 4 5 4 1 1 5 5 3 1 5 3 3 3 1 1 5 2 2 1 1 3 3 1 2 4 4 3 1 2 4 1 2 4 5 2 3 1 1 5 5 3 4 3 2 2 2 5 3 1 2 1 1 3 2 1 4 2 4 3 4 3 5 4 1 5 2 2 1 1 1 4 4 5 3 3 3 3 5 5 4 1 5 2 2 5 2 4 5 1 5 2 2 2 4 3 3 2
5 3 4 3 2 4 5 1 3 1 5 5 3 2 3 1 1 2 4 3 3 2 2 5 5 2 1 4 1 2 1 2 5 5 1 4 2 3 2 4 4 3 3 1 4 1 1 3 1 2 1 2 2 2 2 4 1 5 4 4 3 5 4 3 2 3 5 5 1 2 5 2 0 3 5 5 3 2 5 1 3 3 3 4 1 3 4 2 1 2 3 2 1 3 3 2 2 1 3 2 4 1 1 2 1 4 1 5 1 3 2 2 2 4 4 2 4 2 2 2 1 3 1 4 5 4 1 1 2 1 2 2 3 5 5 3 3 2 1 4 4 1 3 3 2 4 4 1 4 2 2 2 4 4 2 3 3 3 2 2 3 3 3 2 5 1 3 5 2 3 1 1 2 2 2 1 2 2 1 3 5 4 4 4 5 1 5 3 5 5 3 1 3 5 5 4 1 5 5 4
2 3 2 1 3 2 2 5 5 1 4 1 4 4 1 2 5 2 1 1 3 3 1 2 2 5 4 1 2 4 3 2 3 4 1 3 1 1 3 1 1 1 3 3 5 3 1 3 2 3 3 3 1 5 4 4 1 2 5 1 4 3 1 2 3 1 4 3 4 5 1 3 1 0 3 2 3 1 5 5 3 1 1 4 2 2 5 5 4 1 1 4 5 2 1 1 3 5 3 2 5 3 2 1 3 5 1 2 4 3 1 4 5 3 3 3 2 1 1 5 2 1 1 2 3 2 2 3 1 2 2 1 2 5 1 2 5 3 4 2 4 3 4 3 5 3 2 5 3 2 4 3 1 5 1 3 4 4 5 2 1 1 4 3 5 5 1 1 3 1 5 3 3 4 1 1 3 3 3 4 5 5 4 1 3 5 1 3 3 5 3 4 3 2 1 1 1 2 2 3
5 1 1 3 5 5 4 4 1 1 2 5 1 4 3 2 2 3 4 2 3 1 2 4 5 1 5 1 3 1 1 2 5 3 2 5 3 2 2 1 4 3 2 3 4 5 1 2 4 2 2 5 2 4 3 5 3 3 3 5 1 2 2 2 4 2 4 5 1 5 2 2 2 4 0 2 4 4 5 3 1 5 4 3 2 4 1 5 2 5 2 5 4 1 3 1 4 2 5 2 2 4 2 2 3 5 3 2 4 4 4 3 3 5 4 2 4 3 1 2 4 5 1 3 5 2 5 4 4 4 1 5 1 5 4 5 3 1 2 1 2 5 2 5 3 4 3 5 4 3 5 3 3 1 3 3 3 4 5 2 5 4 3 2 3 3 2 2 5 2 2 2 2 1 1 5 2 2 4 3 2 5 3 5 1 4 1 2 4 5 2 5 2 1 5 3 4 2 3 3
4 3 4 3 5 1 5 5 1 3 1 4 3 5 1 2 1 4 1 4 1 1 4 2 4 4 2 2 2 2 3 4 5 4 3 1 4 3 5 1 5 2 1 2 1 1 2 1 4 1 5 3 1 1 5 2 1 5 1 1 4 1 2 5 4 3 1 1 3 4 4 1 2 4 2 0 4 5 4 3 2 4 5 1 1 4 3 3 3 4 2 4 3 2 1 5 5 3 4 4 2 1 4 5 1 1 2 3 4 2 4 3 4 4 5 4 1 2 2 3 5 5 2 4 2 1 5 5 2 2 3 2 1 5 4 3 2 2 2 2 3 4 5 3 4 1 5 1 4 4 1 3 5 5 4 4 4 2 4 2 2 5 4 4 5 5 2 2 2 3 3 2 5 1 2 1 2 1 2 4 3 2 2 4 2 3 4 4 2 2 1 2 4 1 5 2 1 4 2 3
5 2 3 2 4 3 4 1 2 5 5 1 5 2 5 1 4 2 5 3 2 3 1 1 1 4 4 2 5 3 1 3 4 5 4 2 5 4 2 4 2 1 3 2 1 4 4 3 4 2 3 3 3 3 5 4 3 1 5 5 5 1 3 5 1 3 5 4 1 3 2 2 2 1 5 3 0 3 1 2 2 5 5 2 3 2 1 2 1 2 2 2 3 1 5 2 3 5 3 1 4 3 4 4 2 1 5 2 3 2 4 2 1 4 2 3 2 2 5 4 4 5 4 2 3 4 1 3 4 2 3 4 4 1 3 3 2 2 2 4 4 4 1 3 2 3 4 2 5 2 5 1 1 1 5 2 3 5 4 2 5 3 3 4 1 2 4 4 3 2 4 3 5 3 3 3 2 4 5 2 5 5 3 3 5 4 5 2 3 2 5 5 4 5 2 3 3 2 2 1
3 1 3 3 4 4 4 3 1 2 3 5 5 2 5 3 3 1 2 4 4 4 2 4 3 1 2 4 1 3 2 5 5 2 4 1 1 4 1 3 2 2 2 4 1 3 2 5 1 4 1 5 3 3 2 1 3 5 5 4 2 3 2 5 3 4 5 2 3 2 5 4 5 1 4 3 1 0 3 1 1 5 1 2 3 2 4 4 2 1 1 3 3 3 1 2 2 1 3 2 1 2 4 3 1 4 4 3 4 2 3 4 3 2 1 1 3 3 3 1 4 2 5 5 4 5 3 5 4 5 4 5 4 5 5 3 3 1 1 5 5 4 3 1 5 5 2 2 2 5 1 1 1 1 4 1 4 4 3 5 4 1 1 3 4 1 2 2 1 2 2 4 2 4 1 3 3 3 4 1 1 4 1 1 1 4 4 3 5 1 5 5 5 5 2 1 3 1 5 4
4 5 3 4 1 3 4 1 2 4 3 4 3 1 2 1 3 1 2 3 1 4 4 1 2 5 5 2 4 5 5 4 2 3 5 1 2 3 2 2 3 4 3 3 2 5 2 2 5 1 2 1 3 5 2 4 1 3 3 3 3 2 4 1 1 4 5 4 3 3 4 5 2 5 3 2 2 1 0 2 4 2 1 4 5 5 1 1 5 5 1 5 4 5 2 1 5 4 2 3 4 2 3 1 2 1 5 5 5 2 4 2 1 2 5 2 4 4 1 2 2 4 5 4 5 4 1 2 4 2 4 1 4 1 5 1 3 5 4 4 4 4 4 5 2 1 3 5 3 5 2 5 3 1 4 2 2 3 2 3 2 1 5 1 3 3 2 4 4 4 1 4 5 2 5 3 2 3 3 3 2 2 5 1 2 1 3 2 2 3 4 4 4 5 1 1 4 4 3 4
5 5 2 5 1 3 4 5 4 4 5 4 4 1 1 5 3 3 3 2 3 3 5 5 5 2 1 4 1 1 3 4 3 5 4 1 1 2 5 3 4 3 3 5 5 1 1 1 2 2 4 3 3 1 2 3 3 2 2 5 4 5 5 5 4 1 3 4 3 5 1 5 2 5 4 4 3 3 3 0 5 5 1 4 4 3 4 5 4 4 2 2 3 5 5 2 4 2 2 2 5 2 2 4 4 5 1 3 1 1 1 1 4 4 1 3 4 2 1 4 4 3 5 5 4 1 3 5 5 4 5 5 4 3 1 5 3 5 3 3 1 5 2 1 4 5 4 2 3 3 5 4 3 4 2 5 5 2 4 3 4 4 5 2 3 3 4 5 4 3 2 1 3 5 5 4 1 3 2 4 2 5 2 3 2 5 2 5 5 4 1 2 5 3 5 1 4 1 2 5
1 1 3 2 5 1 4 4 1 2 4 2 3 4 4 1 4 1 5 4 5 1 4 3 4 1 1 1 4 5 5 5 4 3 2 5 1 2 5 2 2 3 2 5 4 2 4 5 5 3 3 5 3 5 5 1 1 5 1 4 2 4 2 2 4 2 4 3 1 4 4 5 4 1 5 5 1 5 2 1 0 3 1 2 1 5 1 1 2 5 4 4 3 5 1 4 5 5 1 4 5 1 4 5 2 1 1 1 2 4 1 3 1 3 5 1 1 4 5 1 2 4 3 2 5 3 3 5 5 2 2 3 2 3 4 3 5 5 1 1 1 5 1 2 2 3 2 5 5 3 1 2 5 4 4 5 4 5 3 2 2 1 3 2 3 1 1 3 2 2 2 4 4 3 4 3 1 4 4 1 1 5 4 3 4 5 4 4 3 4 2 3 2 4 1 1 1 4 1 4
4 4 2 4 2 5 2 2 3 3 5 1 5 3 2 1 1 2 4 1 1 1 2 4 1 1 1 1 4 5 4 3 5 2 3 5 2 5 2 2 5 3 2 3 1 3 3 1 3 1 5 2 5 3 5 2 1 2 1 1 5 1 2 4 1 2 3 2 4 5 1 2 5 2 5 2 3 4 3 5 4 0 1 5 3 4 3 5 3 1 1 5 3 2 1 2 4 1 4 1 1 4 4 4 4 5 1 3 5 1 5 1 1 5 5 3 3 4 3 1 1 2 5 3 4 1 4 2 4 2 2 5 5 5 4 4 5 3 5 4 3 1 4 5 2 3 5 2 1 1 4 1 2 5 4 4 4 3 3 5 1 1 2 2 4 4 2 1 2 4 3 1 4 1 5 5 3 4 3 4 1 3 1 4 5 2 5 4 3 5 4 1 4 3 2 4 2 1 4 5
5 4 1 2 3 1 3 2 3 2 1 3 4 5 2 5 4 1 3 5 5 4 5 5 5 2 5 3 3 2 1 1 3 4 2 1 1 5 3 4 3 2 2 3 5 1 3 5 4 1 4 5 2 3 3 4 2 4 3 1 1 3 2 3 2 3 3 2 2 5 3 3 4 3 2 1 4 4 3 3 3 4 0 4 4 1 3 4 5 3 1 4 4 3 3 4 1 1 4 2 1 4 3 4 5 3 1 2 3 1 4 5 1 4 5 4 4 4 5 1 1 2 1 2 5 1 2 2 1 2 3 2 2 3 4 2 2 2 2 2 5 4 2 2 2 1 5 3 4 4 2 4 5 4 4 3 1 4 1 3 5 4 4 3 3 2 3 1 3 2 4 2 5 2 3 5 5 2 3 3 4 5 4 1 1 5 3 2 4 4 5 4 5 1 1 4 2 5 1 3
5 1 3 4 3 1 4 3 3 4 3 2 4 1 2 1 4 4 1 3 2 4 5 4 5 2 3 4 2 4 1 2 5 4 1 1 4 5 4 3 5 1 3 4 5 4 5 4 1 4 4 2 1 4 3 3 5 5 2 4 4 4 4 1 5 5 4 4 2 2 4 4 1 2 5 2 2 5 1 4 5 3 1 0 4 1 1 5 5 1 2 2 2 5 4 3 3 4 4 2 4 3 3 4 3 2 1 5 4 3 5 3 5 2 1 3 2 2 4 4 3 5 4 3 3 3 3 2 5 5 3 5 1 5 1 3 3 1 3 5 4 4 1 4 4 2 3 1 2 1 1 1 2 2 4 4 1 4 1 5 1 5 1 4 4 3 1 3 3 3 4 3 2 1 1 4 1 1 4 5 4 3 3 4 3 5 2 1 1 4 5 2 2 1 5 3 1 1 2 4
5 4 3 1 3 1 5 1 4 5 5 1 5 5 4 2 4 1 2 2 1 2 2 1 3 4 4 2 2 4 1 3 5 2 3 3 3 3 5 3 2 1 4 4 3 2 2 3 3 3 2 3 1 4 4 5 2 5 4 4 3 5 1 5 5 3 5 1 3 3 2 4 5 1 4 1 4 1 3 4 3 4 2 5 0 2 4 3 1 5 1 1 5 3 5 2 2 2 2 4 2 1 4 5 3 3 2 2 5 5 1 1 3 4 3 1 1 2 5 4 4 2 4 1 1 1 4 4 1 4 1 2 3 3 4 4 4 4 5 1 2 1 4 4 1 1 4 1 1 1 4 2 3 5 1 2 2 2 4 3 2 4 5 2 4 4 5 2 3 1 4 3 2 2 4 3 2 3 2 4 1 4 4 1 3 2 5 2 3 3 2 5 4 3 1 2 1 1 2 2
3 3 1 5 4 3 5 4 3 5 3 5 1 4 3 2 2 4 3 5 4 4 2 2 4 2 3 4 1 4 3 3 5 5 3 4 4 5 1 3 2 4 4 2 4 1 3 2 2 3 2 3 1 3 3 2 4 2 3 3 5 1 3 1 3 2 1 1 3 4 1 4 4 4 1 2 2 4 4 5 3 4 1 4 5 0 1 3 2 1 1 4 1 4 2 2 4 1 1 2 3 4 3 4 4 1 5 4 2 4 3 2 5 3 4 4 3 5 5 5 3 2 4 4 4 3 3 5 4 2 2 3 2 5 3 1 5 4 3 2 4 1 3 2 1 3 5 5 2 1 3 3 1 4 4 4 1 3 4 1 2 4 2 3 2 2 2 2 5 4 5 2 1 5 5 2 4 1 3 2 2 5 4 4 2 5 3 1 5 5 1 1 3 5 5 1 2 5 2 5
1 5 4 1 3 4 1 3 1 4 2 1 4 4 2 1 5 4 3 4 3 2 3 4 1 1 2 1 3 3 2 2 3 5 5 5 4 2 3 4 3 3 5 3 1 1 3 2 3 2 3 1 3 4 1 2 2 3 2 2 1 1 2 2 3 3 5 4 2 1 3 2 2 5 4 5 1 3 4 3 5 2 5 2 3 1 0 3 2 4 1 2 5 4 5 4 5 3 3 2 4 5 2 1 3 1 4 3 4 5 1 1 1 5 5 5 1 2 4 1 3 5 5 5 2 3 5 5 1 1 5 3 1 4 1 4 1 3 5 1 5 3 4 1 3 3 4 5 4 3 5 4 1 5 3 3 2 2 4 3 4 4 2 3 1 3 1 2 3 3 4 1 1 3 3 5 4 3 1 4 4 1 3 2 5 3 1 3 3 4 2 5 2 2 5 4 4 2 1 2
3 1 3 2 3 1 4 2 5 5 4 5 1 3 3 1 5 4 1 2 4 3 5 2 4 4 4 3 1 5 4 2 3 2 4 2 4 2 2 2 1 1 4 5 2 5 4 3 4 2 2 3 3 3 2 5 2 2 4 3 2 3 2 2 3 5 4 3 5 1 1 1 5 4 4 1 5 2 1 1 4 1 3 1 2 5 5 0 5 3 4 1 1 4 2 1 4 2 1 4 5 5 1 4 4 2 1 2 4 1 3 5 4 2 4 1 1 3 5 4 5 4 1 1 2 2 1 4 2 3 5 4 1 1 2 4 3 2 3 3 5 2 1 4 1 5 5 1 1 4 5 1 5 1 2 1 1 2 3 3 4 5 3 4 5 3 4 2 3 3 2 2 4 1 2 4 1 1 4 5 3 2 3 2 2 1 2 4 3 5 5 1 1 4 1 4 2 2 5 5
2 4 1 5 3 4 3 5 5 4 1 5 3 2 2 3 4 2 5 4 3 3 4 5 5 5 3 2 2 4 1 5 4 1 1 2 4 5 4 3 1 3 4 5 1 1 3 4 5 2 1 5 1 4 2 1 2 1 4 1 2 2 2 4 1 3 3 1 5 5 3 1 1 1 5 2 3 3 3 5 4 3 1 4 5 1 4 2 0 1 2 2 4 3 4 1 1 2 5 1 3 5 3 2 1 2 5 4 5 4 3 3 2 1 5 4 1 2 4 4 3 2 1 2 5 5 4 4 1 5 2 4 2 5 1 5 1 2 5 1 3 4 2 1 1 3 5 5 1 3 2 5 2 2 1 3 1 4 2 3 3 3 5 3 2 3 2 3 4 3 2 4 2 2 4 2 4 4 1 4 3 5 3 4 2 4 2 1 1 2 4 4 5 1 4 3 1 5 2 1
2 3 4 3 2 1 4 5 4 2 1 2 4 2 5 1 1 3 4 1 3 3 5 4 4 3 4 3 2 2 2 4 2 3 5 1 1 2 5 3 5 3 4 2 5 2 2 4 2 4 2 2 2 4 1 5 3 3 4 2 4 3 3 1 1 1 5 5 5 5 4 5 3 4 4 3 3 2 2 5 2 2 2 2 1 2 2 5 5 0 3 3 4 4 2 5 4 3 2 1 2 2 2 3 2 3 3 2 3 4 5 4 2 5 1 1 1 2 1 4 2 4 1 5 2 1 4 3 5 3 5 1 4 4 4 4 2 4 3 5 1 3 4 5 5 5 1 3 1 4 1 5 2 4 2 5 2 3 1 3 2 3 3 1 5 5 2 1 3 4 2 2 3 3 3 5 1 2 5 1 1 2 1 3 1 2 5 1 4 4 4 5 5 4 5 1 1 4 5 4
3 3 2 5 4 5 2 4 3 1 4 4 4 1 3 1 5 4 5 1 4 3 1 5 2 2 1 2 4 1 1 1 4 3 5 5 2 3 5 1 1 3 3 4 2 5 3 2 4 1 3 2 1 2 3 1 2 2 2 3 5 4 5 2 5 1 5 1 3 1 4 2 3 3 1 3 5 2 2 4 1 5 3 1 4 4 5 3 1 2 0 1 2 3 1 1 1 3 5 2 3 5 1 5 4 4 2 5 3 2 3 5 4 5 3 4 1 1 2 3 3 5 1 1 1 4 4 2 2 3 5 4 1 4 5 5 5 4 4 4 4 2 2 4 5 1 1 3 5 4 3 2 1 1 4 5 2 3 4 5 3 5 1 5 2 5 3 4 2 1 4 3 3 3 4 4 4 2 4 2 4 3 4 4 5 5 4 1 5 5 3 5 5 1 2 2 1 4 3 4
2 3 1 4 1 4 4 3 5 3 2 5 1 2 5 2 3 1 5 2 2 2 1 5 1 5 5 3 3 1 4 2 1 2 1 4 2 3 1 3 2 3 4 1 2 5 3 1 1 2 5 3 5 2 2 4 3 1 1 2 4 3 5 3 5 1 5 5 1 5 3 5 2 5 2 1 5 5 1 2 3 5 2 2 3 4 3 1 2 1 1 0 3 4 2 4 2 3 3 2 1 4 4 4 4 1 3 2 1 3 4 2 1 4 1 3 4 2 3 4 1 1 3 1 3 5 3 4 3 5 5 2 5 2 4 5 3 4 5 2 2 1 2 3 5 1 5 2 3 5 2 2 2 3 3 1 4 2 5 5 2 5 5 5 3 5 4 5 3 1 3 1 3 4 5 1 4 3 3 5 3 3 3 4 5 2 1 2 5 3 3 4 1 5 1 3 1 2 2 3
5 1 3 4 4 5 3 2 4 3 2 2 3 2 2 4 3 1 3 1 3 3 1 1 2 2 4 1 5 3 3 1 2 1 5 5 4 4 3 4 1 4 5 4 5 4 3 2 2 3 2 5 5 5 2 2 3 4 3 5 3 4 5 3 5 4 1 1 1 1 4 4 4 5 1 2 1 5 1 5 1 4 1 2 3 5 1 4 3 1 2 2 0 5 3 5 2 3 3 3 3 1 3 3 2 5 1 1 4 2 5 1 5 2 5 3 2 1 3 2 3 4 3 4 2 1 5 3 2 5 3 5 4 3 1 1 1 2 5 5 3 4 2 1 1 2 5 1 2 4 3 3 4 2 2 4 5 1 1 4 2 2 5 3 4 5 2 2 1 4 2 2 1 2 4 2 3 4 2 3 3 3 4 4 2 2 5 4 4 3 1 4 1 5 5 2 1 5 5 3
1 3 4 5 3 5 2 2 5 3 5 2 4 3 5 1 2 1 3 4 5 2 3 2 3 5 3 1 1 1 1 1 5 4 1 5 3 2 2 1 2 4 2 4 1 2 1 2 2 3 3 1 3 4 4 5 5 3 1 3 1 5 1 2 1 2 1 2 4 3 5 1 2 3 1 5 3 3 3 2 3 2 4 3 1 4 2 2 2 1 2 3 5 0 3 4 3 1 3 4 2 5 4 3 5 3 3 1 2 1 1 2 5 1 1 2 4 5 3 4 3 2 4 4 2 1 1 2 2 5 2 2 3 3 5 3 3 4 3 4 4 5 5 1 3 1 5 4 3 2 2 4 3 3 4 1 3 5 3 3 3 4 4 2 2 4 4 4 2 4 4 4 5 1 2 4 3 3 5 4 1 4 1 3 1 1 2 3 4 5 3 5 2 4 2 3 2 5 2 3
5 5 3 5 1 1 2 1 2 5 5 3 4 3 2 4 3 3 2 1 1 4 5 2 2 4 5 4 2 1 4 3 5 2 5 4 5 2 4 1 5 4 5 5 3 3 2 2 4 4 2 4 1 3 2 4 2 2 4 5 2 3 2 1 1 1 4 3 5 3 5 4 1 1 4 3 5 2 4 3 2 2 4 4 2 3 4 3 2 5 2 1 5 5 0 2 3 3 2 4 2 3 1 4 3 5 5 2 4 5 3 5 1 1 5 1 1 1 2 3 5 2 1 5 5 4 1 2 2 3 4 1 2 1 4 3 3 2 2 5 2 3 3 1 4 1 2 4 1 2 1 3 4 2 2 4 4 1 2 3 3 2 2 2 4 4 1 2 2 3 5 1 5 1 3 2 5 2 4 3 3 3 4 1 3 3 1 1 4 2 2 3 3 5 1 4 1 3 4 1
5 4 1 4 4 3 3 1 2 4 2 5 4 3 3 4 1 1 1 5 1 2 5 4 1 3 3 4 3 1 5 1 2 2 5 5 4 2 3 3 1 1 5 3 4 2 3 1 4 1 4 5 2 4 1 4 2 4 2 4 4 5 3 3 3 5 3 4 5 1 5 4 4 4 5 1 1 4 5 1 1 3 2 1 3 5 3 1 2 3 3 5 1 1 5 0 1 5 5 4 3 1 1 1 3 1 5 5 1 3 4 5 2 2 2 5 1 3 1 3 2 3 3 3 4 1 5 5 4 5 4 4 2 4 5 5 1 4 1 4 2 1 5 5 3 5 2 2 4 3 2 5 1 3 2 1 5 2 4 5 2 1 5 5 4 1 5 4 4 2 4 2 2 5 1 5 4 3 5 3 3 5 4 2 5 3 1 4 3 5 2 2 4 2 5 4 1 1 3 1
3 2 4 5 5 3 1 1 5 1 1 3 1 5 5 4 1 3 1 2 4 4 1 1 2 5 4 1 1 5 4 4 4 2 3 1 2 3 1 2 2 4 3 4 1 4 4 3 3 2 5 3 2 3 3 3 3 3 2 2 4 4 1 2 2 4 2 1 2 2 5 5 2 2 1 5 5 2 1 4 1 5 2 3 3 3 3 3 1 3 2 3 4 1 1 2 0 5 4 4 5 4 1 4 2 5 2 3 2 4 5 2 2 2 5 2 2 5 5 3 4 5 2 3 2 2 3 3 4 5 5 2 2 3 2 2 1 4 3 3 2 2 5 2 5 4 3 4 5 3 1 2 4 1 4 5 4 2 5 1 2 3 1 3 4 5 1 5 1 1 4 1 2 4 2 2 2 1 5 2 3 4 1 5 4 3 5 1 4 4 2 2 3 3 1 1 3 1 4 4
5 1 3 3 1 4 2 1 5 2 2 1 1 1 5 4 5 2 2 4 4 1 5 2 2 3 1 3 3 2 4 4 4 1 4 2 3 5 5 2 5 4 4 2 3 2 5 4 5 4 2 5 4 5 1 3 4 3 5 3 5 5 5 4 5 1 4 3 1 5 3 3 1 5 4 3 1 3 3 5 4 5 2 1 1 5 2 3 3 5 3 3 1 2 2 4 2 0 2 1 2 1 2 3 5 1 2 2 2 2 2 5 5 1 3 1 2 1 1 1 1 3 1 2 3 2 5 1 1 3 4 1 2 1 4 1 5 4 2 3 2 5 5 4 1 4 2 4 3 1 4 2 4 4 1 2 5 4 1 2 5 5 4 4 4 4 2 1 4 1 4 3 4 4 1 2 5 1 3 1 1 2 2 1 5 1 2 5 4 5 5 5 5 3 3 2 2 4 3 2
5 4 3 2 2 5 1 2 1 4 5 3 3 1 5 5 1 2 3 5 2 1 3 2 3 5 5 1 5 3 3 5 4 3 2 1 3 2 4 1 4 4 1 4 5 2 3 2 2 1 1 4 1 4 4 2 3 2 2 3 2 3 4 2 4 5 2 3 5 2 5 2 4 4 5 5 5 3 2 4 1 2 1 2 2 1 5 2 4 3 1 5 4 4 2 2 1 1 0 1 4 1 3 4 1 2 3 5 2 3 3 2 2 2 5 1 3 3 2 5 3 5 4 3 1 4 4 1 2 3 1 2 1 1 2 5 3 2 5 4 4 4 3 4 1 4 3 4 5 5 2 3 1 5 4 2 2 4 3 3 5 5 3 2 2 2 3 3 1 4 5 2 1 5 5 1 5 1 4 2 4 3 2 3 1 1 1 3 2 2 5 1 4 2 2 1 1 3 1 3
3 1 4 2 1 2 1 5 2 5 1 2 1 3 3 2 1 2 5 4 4 1 3 5 3 4 3 2 2 5 5 5 4 1 4 4 4 5 1 4 2 2 5 4 5 1 5 5 1 2 4 1 4 3 3 3 1 2 5 5 3 3 5 4 5 2 5 4 5 3 5 3 5 5 3 1 3 3 1 1 4 4 1 2 5 5 5 4 2 5 2 4 1 2 3 4 5 1 3 0 5 4 1 4 4 3 5 3 3 3 3 3 4 2 1 1 1 3 3 5 5 1 4 5 1 1 2 1 2 2 2 3 5 3 1 2 4 2 5 4 3 3 4 3 5 1 5 5 2 5 5 4 3 4 3 4 1 5 1 4 5 3 3 4 2 5 2 5 5 4 1 4 5 3 4 1 3 1 5 1 5 2 2 2 1 1 3 3 3 5 1 4 3 5 2 3 3 1 5 5
1 5 3 2 3 3 2 1 3 3 2 4 2 5 1 2 2 4 1 4 1 3 3 3 1 3 2 1 3 1 5 3 4 4 3 3 3 3 3 4 4 1 2 3 3 4 5 4 3 4 3 2 3 5 5 4 4 1 1 3 3 3 5 1 4 1 2 3 1 1 4 1 4 2 1 4 1 1 5 2 2 5 3 2 4 1 1 1 2 5 4 3 3 1 5 2 4 3 2 4 0 2 3 4 4 3 4 5 1 3 1 1 4 2 4 5 3 2 1 2 2 1 3 5 2 4 4 1 4 2 1 5 5 4 5 1 1 4 4 4 2 4 3 3 5 2 3 5 2 1 4 5 5 5 2 5 4 5 2 1 5 3 1 1 1 3 3 1 2 3 1 1 1 5 5 2 5 3 4 3 5 5 2 4 4 1 4 4 1 4 4 1 2 3 2 3 2 1 4 5
3 2 3 3 4 4 4 1 4 4 5 5 3 1 4 3 3 3 5 4 4 4 4 3 1 4 4 1 3 2 3 1 3 5 4 3 2 2 2 2 3 1 4 2 2 3 3 1 4 1 3 4 4 2 1 1 5 4 3 4 1 1 2 3 4 4 2 3 1 3 2 1 3 3 3 4 1 4 4 3 4 3 2 3 1 2 1 2 1 4 3 4 2 3 5 5 2 5 5 4 5 0 4 1 4 2 3 5 5 5 3 5 1 1 5 2 2 2 2 3 3 3 2 4 5 1 4 2 4 5 3 1 3 4 3 3 4 1 3 5 3 2 3 1 1 5 1 5 3 2 2 2 2 4 1 5 4 1 1 5 5 5 5 3 5 2 1 5 1 1 2 1 2 5 2 5 3 2 5 2 4 4 4 4 2 4 2 5 5 5 2 3 3 5 2 1 3 1 5 5
2 1 1 3 4 2 2 2 4 5 5 5 1 4 2 3 2 3 4 3 4 1 3 4 4 4 2 3 5 3 2 1 4 4 2 4 1 2 1 2 5 4 4 1 5 5 4 5 1 2 4 1 2 5 3 3 1 2 5 4 3 1 1 5 1 4 4 5 2 5 3 4 2 4 4 5 1 1 5 1 5 3 5 3 4 5 2 4 5 4 1 1 2 5 2 3 3 2 3 3 5 5 0 4 4 5 3 5 2 4 5 4 1 3 5 4 5 3 5 5 5 2 1 1 2 5 1 3 3 3 3 4 3 2 5 2 5 5 5 1 5 1 5 4 3 5 2 5 2 4 2 1 2 1 5 2 3 3 5 3 2 2 3 3 4 1 3 3 2 2 2 2 5 2 3 3 4 2 1 3 4 3 1 5 5 3 3 2 2 3 5 1 3 2 2 1 1 2 4 5
4 2 1 4 4 1 5 3 1 5 4 1 3 5 2 4 4 4 1 3 4 1 3 1 3 1 5 3 4 4 2 1 4 4 2 4 3 5 1 4 4 4 1 3 5 5 4 2 4 2 1 5 4 3 3 2 1 4 1 4 2 4 1 5 2 2 5 4 1 2 1 4 2 2 4 1 3 4 2 5 4 5 2 5 4 4 3 1 1 5 4 2 2 5 2 5 2 4 3 1 2 3 2 0 3 4 1 5 3 4 5 1 4 3 4 5 5 1 4 3 4 5 4 4 2 3 5 1 5 2 5 1 1 2 5 5 4 2 4 4 4 4 4 5 5 5 3 5 5 2 4 1 4 5 5 1 3 4 1 1 2 4 5 2 2 2 3 3 4 1 2 4 4 1 5 1 1 1 3 4 4 4 4 5 1 1 5 4 1 4 3 5 4 5 5 3 2 3 2 1
2 5 4 1 5 4 5 5 5 4 5 5 3 2 3 3 2 3 3 3 5 2 2 1 5 5 4 3 1 4 3 3 3 4 5 2 1 2 3 2 1 2 2 2 1 2 1 3 4 2 2 1 2 4 1 5 3 4 2 2 2 4 2 3 5 5 3 1 3 4 5 3 2 5 3 1 1 3 3 1 3 4 3 4 1 3 3 4 4 3 1 2 5 4 3 2 1 2 1 2 3 4 2 3 0 5 1 1 2 2 3 3 3 4 5 3 1 4 1 4 4 4 4 1 2 5 3 2 2 1 4 4 3 5 3 4 1 1 3 5 3 3 4 2 1 5 5 2 4 4 4 1 5 2 4 3 4 3 3 5 3 4 1 1 4 4 3 2 2 1 3 3 2 2 5 5 5 3 5 4 5 1 1 5 5 4 4 1 4 2 1 1 2 2 2 2 1 2 5 3
5 1 3 3 3 5 1 5 5 2 1 3 1 3 2 2 1 3 1 5 5 2 1 4 2 2 4 2 3 5 1 3 5 5 2 1 2 5 5 2 4 1 4 4 5 4 1 2 5 1 1 2 4 5 2 5 4 1 3 3 3 4 3 3 5 2 4 5 2 1 2 1 1 5 2 1 5 4 1 1 5 5 4 5 4 2 5 2 5 2 1 3 5 2 3 5 5 5 4 4 5 2 2 1 2 0 1 4 2 1 2 3 1 4 4 5 1 3 4 5 2 1 3 4 5 3 5 1 4 2 1 2 1 1 4 4 2 5 2 2 4 4 1 2 4 5 4 5 2 5 1 5 1 5 1 4 4 1 2 1 2 4 5 4 2 5 3 3 3 2 4 1 1 3 2 3 5 4 4 4 2 2 4 1 3 1 4 2 1 4 4 5 3 5 4 4 1 4 3 2
4 3 4 1 4 1 5 2 2 4 5 4 5 1 3 5 1 3 1 3 3 4 4 5 2 1 3 1 4 1 5 1 4 5 1 4 1 5 3 4 3 2 1 1 3 3 2 1 4 1 4 3 2 4 2 5 3 2 1 2 1 1 5 4 4 4 4 4 2 4 5 2 1 5 1 2 1 1 5 4 2 4 5 4 2 1 2 5 4 1 1 4 3 1 4 4 3 1 2 2 4 1 2 1 5 4 0 4 3 3 4 3 3 2 1 5 3 2 3 1 4 5 1 3 4 1 3 5 1 5 1 4 2 3 2 4 4 4 3 5 2 2 4 4 5 4 1 5 2 1 4 5 5 1 1 2 5 1 1 1 3 5 4 2 5 5 5 2 1 4 3 3 2 2 4 1 4 2 2 3 4 5 4 2 3 5 2 2 4 3 3 1 5 2 4 3 3 2 1 5
4 4 2 3 2 5 2 3 4 2 2 4 4 5 5 4 2 3 3 2 1 2 4 4 1 1 2 4 1 5 2 5 5 4 5 5 3 5 5 3 3 3 1 1 1 3 3 4 3 3 1 5 3 3 3 1 1 1 2 4 5 1 3 4 2 2 5 1 1 4 1 5 5 5 3 1 4 3 1 5 4 5 3 4 5 1 2 3 3 5 1 3 3 2 4 3 1 3 2 1 1 4 4 2 1 4 2 0 2 4 3 5 3 4 2 1 3 4 3 3 3 3 3 1 1 1 3 1 5 2 2 2 5 3 2 5 3 2 1 5 2 5 4 5 5 3 3 2 5 3 1 2 5 2 3 1 4 2 1 1 4 5 1 4 4 5 2 5 4 4 2 2 1 4 5 1 4 2 3 3 4 1 3 2 4 5 1 1 4 4 4 2 3 4 2 3 3 1 5 3
3 2 4 3 5 3 3 4 3 2 2 4 1 3 1 5 1 2 5 1 3 2 4 2 1 5 5 4 4 2 5 4 3 2 5 4 2 5 5 4 3 2 2 4 3 2 3 2 3 1 3 5 2 3 3 1 2 5 3 1 3 2 3 1 4 1 5 2 3 3 4 4 5 3 5 2 2 1 2 3 2 5 4 1 5 4 1 1 5 4 4 3 1 4 3 3 2 2 2 3 2 3 4 2 3 3 3 2 0 3 1 1 1 2 1 3 4 1 1 4 5 5 2 1 2 3 1 4 3 5 1 4 1 3 5 2 3 5 4 3 1 5 3 5 2 2 3 3 4 5 3 4 1 2 1 3 4 1 2 1 1 3 1 5 4 1 1 3 2 1 3 2 3 2 4 5 4 2 4 5 3 3 1 3 4 4 4 5 1 2 4 2 5 3 1 3 3 3 4 4
3 3 4 1 3 3 5 2 5 2 2 3 5 5 1 2 4 1 3 1 2 4 1 4 5 1 3 3 1 3 4 3 3 5 2 2 3 2 3 3 5 1 2 1 4 4 4 5 3 2 1 5 2 3 2 5 2 4 2 3 1 5 3 3 5 2 2 1 4 5 4 1 3 3 1 3 3 3 5 3 3 1 2 3 1 3 5 3 1 2 2 2 4 1 2 3 3 1 5 2 3 3 3 2 1 2 2 5 2 0 3 1 5 4 5 5 4 3 3 2 1 2 1 1 4 4 1 4 1 5 2 5 3 3 4 2 1 5 1 3 4 4 4 2 4 2 2 1 2 1 2 5 1 2 3 4 1 5 1 1 4 1 3 4 3 2 1 4 5 4 2 4 5 4 2 4 2 4 2 1 1 4 1 3 3 3 3 1 5 2 5 1 4 4 1 2 2 2 1 2
2 1 1 1 1 4 1 1 5 5 4 2 3 1 4 1 3 1 3 4 5 1 3 5 4 2 5 4 3 3 2 4 1 2 2 5 4 2 4 3 3 3 4 4 1 2 3 4 5 3 1 3 2 1 5 4 5 1 2 4 3 4 1 5 2 4 3 5 5 2 3 5 5 3 2 3 1 5 1 4 5 3 1 3 1 1 3 5 1 1 3 2 3 1 5 4 1 2 2 1 2 2 4 3 5 4 3 3 4 3 0 3 1 2 1 2 1 3 5 4 3 1 2 5 1 3 5 2 2 4 4 4 4 4 3 3 3 3 1 1 5 3 2 1 4 3 5 1 3 4 3 4 2 5 5 3 4 3 5 5 3 5 5 2 1 5 4 5 5 3 3 4 3 3 4 4 2 3 2 1 2 1 1 5 1 3 3 2 1 4 5 3 1 3 2 3 2 1 3 1
3 4 2 3 3 1 4 1 2 1 2 4 5 1 1 1 5 1 4 5 1 1 1 1 3 2 3 4 4 1 2 3 2 1 3 3 4 2 2 3 5 4 2 2 2 3 5 1 4 3 3 2 2 2 4 1 5 3 3 3 4 3 3 2 4 4 1 4 1 5 4 2 4 4 1 3 3 2 4 2 3 4 4 4 4 1 1 1 4 3 2 5 5 4 2 1 2 4 4 3 4 5 2 1 1 1 4 4 2 4 4 0 2 1 5 2 1 5 1 3 1 4 4 5 1 2 3 5 5 3 4 1 4 4 1 3 1 5 2 3 3 5 1 1 1 5 4 4 1 3 4 3 1 5 1 4 5 1 2 1 4 1 1 3 5 2 2 3 2 4 3 4 3 1 2 1 5 4 2 4 2 1 1 2 4 2 4 1 2 1 4 2 5 1 5 1 4 4 5 1
4 4 2 1 1 3 4 1 2 2 5 4 1 1 3 5 2 1 1 5 5 2 4 2 4 5 3 3 5 4 1 2 2 2 4 1 5 3 5 3 1 1 1 5 1 2 3 2 3 4 2 1 2 3 5 5 1 5 4 5 1 5 5 2 4 1 5 5 2 2 1 2 4 1 4 2 4 4 3 5 1 1 5 3 4 5 5 1 3 2 3 1 2 3 3 2 4 2 1 4 4 3 3 2 4 4 4 1 1 5 3 5 0 2 5 5 1 2 4 1 5 5 5 3 2 1 1 3 3 2 1 2 3 3 2 1 1 1 4 3 1 1 5 4 2 3 1 2 4 2 1 2 1 5 1 3 5 4 5 3 3 3 3 3 1 2 1 3 5 3 2 3 3 3 5 5 3 1 4 4 4 2 1 2 2 5 3 2 4 5 4 3 1 5 1 3 1 3 3 4
5 1 1 2 4 4 2 5 2 4 4 1 1 4 2 4 4 4 4 4 4 2 3 2 2 2 3 4 2 1 2 1 3 4 3 3 4 1 3 4 1 1 3 5 4 5 1 3 5 2 1 3 3 3 4 4 2 2 4 1 1 4 3 4 2 3 4 5 4 3 2 3 5 3 2 3 1 2 4 1 2 3 2 2 4 4 1 3 2 4 3 1 1 3 1 3 2 2 3 2 1 4 3 5 3 3 5 4 4 2 5 2 3 0 3 4 3 3 5 1 3 3 5 2 3 4 2 4 2 2 2 2 1 2 3 1 1 3 2 3 3 5 1 3 4 1 4 2 2 5 4 1 4 1 3 5 1 4 4 2 3 2 3 1 3 4 4 2 4 4 2 2 1 1 5 5 1 3 1 1 2 2 1 3 3 5 5 4 5 5 3 5 1 4 1 3 4 1 2 3
1 3 1 5 1 1 1 3 5 2 1 3 4 5 5 5 2 1 1 3 2 1 1 3 4 4 3 4 3 1 5 5 2 3 4 3 3 1 5 3 3 2 4 3 2 1 4 3 4 3 3 5 1 1 3 1 2 5 5 4 3 3 2 3 4 3 5 3 3 2 3 1 3 4 2 2 2 4 5 1 5 1 2 4 5 2 3 2 3 3 4 3 2 5 1 3 5 4 2 3 2 1 2 4 2 5 4 5 4 4 5 4 3 1 0 1 2 4 5 2 5 1 4 4 3 5 2 3 1 2 2 4 5 2 5 5 3 4 5 4 5 3 4 1 3 5 3 3 2 5 4 5 2 3 5 2 4 4 5 2 1 1 4 2 4 1 2 4 4 3 5 4 5 5 1 2 3 2 4 3 2 2 3 1 1 1 1 3 1 4 1 2 5 1 4 1 1 1 4 1
5 5 3 1 3 2 2 2 5 1 4 5 5 5 2 4 1 1 5 2 5 4 3 3 4 5 1 1 2 2 1 2 2 4 4 2 3 3 4 1 1 3 2 2 4 3 3 2 3 1 1 5 5 4 1 3 5 1 2 3 5 3 3 5 4 5 1 3 3 2 3 1 4 1 4 1 3 1 2 5 1 4 2 3 3 4 1 5 4 5 1 3 5 3 4 2 4 1 5 2 1 1 2 5 3 3 2 2 5 2 4 3 1 3 5 0 4 3 4 4 2 3 1 2 2 3 1 4 2 2 5 2 4 1 3 3 2 5 4 5 4 5 3 2 4 4 2 5 2 5 3 2 3 2 5 2 4 5 3 5 5 2 3 3 3 5 5 4 4 3 5 1 5 5 1 2 3 3 1 3 5 1 5 5 3 5 5 1 1 1 5 3 3 1 2 2 1 2 5 5
5 3 2 5 3 5 1 4 3 2 1 4 4 5 5 3 1 1 5 1 4 3 1 2 2 4 2 2 5 3 1 3 2 3 4 5 4 1 3 4 5 4 3 2 4 1 3 4 4 4 4 4 3 5 5 3 1 3 1 3 4 1 1 1 4 1 3 2 5 3 4 2 5 2 4 5 2 1 2 3 4 3 2 2 3 3 1 3 3 4 2 3 2 5 1 2 2 1 2 4 1 1 4 2 1 5 1 5 3 2 2 2 3 3 4 4 0 2 1 2 3 2 4 2 1 2 3 5 5 1 5 4 1 4 2 5 4 4 5 5 3 1 3 4 1 5 4 4 3 3 3 5 3 4 5 4 2 3 4 5 5 3 3 2 4 5 1 3 3 2 3 3 3 1 4 2 5 2 1 2 2 4 3 2 4 3 1 4 2 4 1 5 3 3 5 2 3 4 3 2
4 1 4 4 1 3 2 4 5 4 1 3 5 5 5 2 3 1 4 1 1 4 4 5 3 5 1 2 1 2 4 3 4 1 2 2 3 2 2 4 4 3 1 3 2 5 4 1 5 4 4 5 4 3 2 5 2 2 5 1 4 2 2 3 1 1 4 2 4 3 4 4 4 3 1 4 4 2 5 2 5 5 2 4 5 5 5 3 4 2 2 3 2 1 5 4 3 4 2 1 4 2 3 3 3 1 1 3 1 2 2 1 3 1 4 1 1 0 4 4 3 1 4 5 3 3 3 3 1 2 4 5 5 2 1 4 1 2 3 5 4 5 4 2 4 3 4 2 4 2 1 3 1 4 5 4 3 1 1 1 3 5 3 1 2 1 3 3 1 3 2 1 5 3 1 3 3 4 2 2 1 4 3 4 2 4 2 1 4 2 3 2 1 4 2 4 4 4 3 1
2 5 3 4 3 2 1 5 3 2 2 3 2 1 5 5 5 2 2 1 3 1 4 3 2 2 5 2 1 4 5 2 1 4 4 1 5 4 3 2 3 2 3 1 3 5 5 3 4 4 2 4 1 3 1 4 2 3 1 5 2 5 2 3 3 1 5 4 5 2 2 1 5 3 5 5 1 5 1 5 1 4 4 4 5 4 4 5 1 2 3 3 4 2 4 1 4 5 5 2 1 2 4 1 1 1 1 5 3 3 3 2 2 1 2 4 1 2 0 3 3 5 2 4 4 3 3 3 1 1 4 3 3 3 1 5 1 1 2 5 2 1 5 5 4 1 4 4 5 3 3 3 5 3 5 2 3 1 5 3 3 2 1 3 3 2 1 1 3 2 4 3 2 3 4 5 2 4 2 5 4 2 1 1 1 5 3 3 3 4 4 3 1 4 3 3 2 2 5 4
5 2 4 4 3 1 4 5 4 4 5 3 5 3 1 4 1 2 2 4 5 1 3 1 5 5 4 1 2 2 5 5 2 5 5 3 2 4 3 3 3 3 3 1 4 2 5 5 4 2 1 2 1 5 5 4 5 2 4 5 2 2 4 1 5 3 1 1 3 2 2 4 4 5 1 4 2 1 2 4 4 4 5 2 5 3 1 3 1 1 3 1 1 1 3 2 2 1 5 1 5 4 1 1 4 1 4 3 2 3 5 2 2 2 5 2 4 5 4 0 4 4 3 4 2 4 4 3 4 4 3 2 2 4 1 2 4 2 4 3 5 4 1 3 2 3 5 5 1 4 2 3 4 1 5 3 5 1 3 4 3 3 1 2 2 1 5 4 5 2 4 4 2 4 2 1 2 4 1 4 1 5 5 4 4 2 5 2 4 3 4 1 2 5 3 2 2 4 1 5
4 1 2 5 5 1 2 4 3 4 5 2 3 4 3 3 5 1 1 2 2 4 5 1 3 4 3 3 2 1 1 3 1 4 5 1 5 3 2 2 1 4 2 2 3 2 3 2 3 2 5 5 5 5 2 4 3 5 5 4 3 2 2 5 3 5 5 3 3 1 3 5 5 4 4 1 2 3 1 4 2 3 4 1 1 1 2 2 3 4 3 3 1 5 1 4 3 5 4 4 4 1 3 2 3 3 3 1 3 2 4 2 2 2 5 5 4 3 5 2 0 2 3 3 4 3 2 3 4 4 1 1 5 4 4 4 1 2 3 1 3 1 3 3 5 1 1 2 4 5 3 2 5 1 2 3 5 4 1 2 4 2 1 2 5 1 1 2 5 2 5 2 1 3 2 2 5 4 5 3 2 5 4 1 3 1 3 1 2 3 4 4 2 4 5 2 3 2 4 1
4 3 4 5 1 1 5 2 4 1 4 4 1 1 5 3 4 2 1 2 5 3 2 2 1 1 2 2 4 1 4 3 5 1 3 3 5 1 4 1 3 2 3 2 1 2 4 5 4 3 2 3 2 3 2 5 4 3 3 1 1 5 5 2 3 5 2 2 1 1 1 1 2 3 1 5 5 3 5 2 2 1 3 4 1 4 4 2 4 3 1 2 3 4 3 5 2 4 5 4 2 3 1 3 4 3 3 5 3 3 2 3 5 4 4 4 1 4 5 4 2 0 4 4 2 4 4 1 5 3 4 2 4 5 4 2 2 5 5 4 2 1 4 3 1 4 4 4 3 5 3 2 1 4 3 1 1 2 2 3 3 3 3 4 2 3 2 5 4 4 5 3 3 1 5 2 4 2 5 5 4 2 5 2 1 1 3 3 2 2 1 5 3 4 5 1 3 5 1 4
3 4 4 4 3 3 4 4 3 5 2 2 2 2 3 5 4 4 5 5 4 2 3 1 3 3 3 1 4 4 2 4 1 5 5 5 5 5 1 4 4 4 5 2 5 3 1 1 5 1 5 1 2 3 3 2 5 3 4 1 3 5 3 1 2 2 3 2 2 2 5 5 4 3 1 4 4 2 1 1 4 4 1 4 3 5 5 3 4 5 3 1 1 4 4 5 5 2 4 2 2 2 1 4 4 2 1 5 1 3 1 4 4 1 3 1 5 2 4 5 3 4 0 2 2 2 4 4 2 3 4 5 2 2 2 4 5 5 1 4 2 5 5 5 4 4 5 5 2 4 1 2 1 1 2 4 4 2 2 4 5 4 1 1 3 4 1 5 2 4 1 2 3 5 4 1 1 1 1 2 2 2 1 5 4 1 5 1 5 3 5 4 4 3 5 3 4 4 3 4
5 4 4 2 2 2 5 1 4 1 4 1 4 2 2 1 1 4 1 2 5 2 3 5 5 4 2 1 4 5 4 2 4 4 1 5 1 5 5 4 4 2 4 3 2 2 5 4 4 1 5 3 2 4 4 1 3 5 4 4 1 2 1 4 4 1 5 1 2 2 1 5 5 5 1 2 3 1 2 4 2 5 2 3 1 5 2 3 4 4 1 5 2 2 1 5 1 4 5 3 5 4 4 2 5 1 2 3 3 1 4 1 3 5 3 5 2 2 1 1 2 4 1 0 2 5 4 3 3 5 4 5 5 1 5 2 5 2 2 1 1 4 3 3 1 3 3 3 3 2 5 1 4 5 2 3 3 3 2 4 2 5 2 1 5 3 2 2 2 1 2 1 1 4 2 3 1 3 4 4 2 1 1 4 5 4 2 3 5 1 5 1 3 5 4 2 2 3 1 4
2 1 4 1 4 5 1 3 3 1 3 1 1 4 1 5 5 3 5 3 3 1 1 4 5 1 4 3 1 5 2 1 4 3 4 4 3 3 5 3 3 4 2 5 5 2 5 2 1 1 2 4 2 1 3 3 2 4 3 5 1 4 3 3 4 5 3 4 4 4 2 5 4 2 2 2 3 5 2 1 1 3 3 1 3 4 4 3 2 2 2 3 1 1 1 1 1 1 4 4 3 2 1 3 5 1 1 5 5 1 2 2 3 1 2 5 5 3 4 1 5 3 3 4 0 4 3 2 1 3 3 5 4 3 1 1 3 2 1 5 5 2 5 2 1 1 1 5 2 5 3 2 1 3 4 4 2 5 3 5 2 5 1 3 1 2 5 4 3 2 5 2 3 3 4 4 1 4 4 2 1 3 5 5 4 1 1 5 5 4 1 3 4 3 3 3 4 5 5 2
4 4 2 5 4 5 1 4 2 5 4 5 5 5 2 5 4 3 5 2 3 4 5 3 5 2 2 3 4 3 5 5 1 5 3 1 2 5 3 1 2 4 3 5 2 1 5 5 1 2 2 4 3 4 2 3 3 2 1 3 5 2 1 5 1 4 2 3 1 1 2 1 4 5 4 4 4 2 3 5 4 4 2 2 5 2 4 1 2 3 4 5 2 3 1 3 1 3 2 4 5 5 3 3 3 5 2 1 5 4 4 3 2 2 1 4 2 4 4 1 1 4 5 1 5 0 3 5 2 1 4 5 1 4 4 4 5 1 3 4 3 4 5 4 3 5 4 2 2 2 3 4 4 1 5 5 5 2 2 1 4 3 1 5 2 3 5 4 3 4 2 2 5 4 3 5 2 2 3 4 5 5 4 5 5 1 4 1 1 4 4 5 1 2 5 4 3 3 2 5
5 1 1 3 2 3 5 5 4 3 5 3 3 3 2 3 3 1 4 1 4 2 2 1 2 5 3 2 1 3 5 4 2 1 5 3 1 5 2 4 2 1 5 3 3 3 3 4 3 1 3 5 2 1 5 2 1 1 2 3 2 5 1 3 5 4 4 4 1 1 4 1 3 5 5 5 4 2 1 5 1 5 5 5 1 1 3 5 2 4 2 5 1 2 3 2 2 2 5 4 5 3 3 4 4 5 3 1 1 3 4 2 1 4 2 3 2 5 1 3 3 2 3 5 1 4 0 5 4 1 1 3 4 3 2 3 4 3 1 4 3 1 3 5 2 3 1 4 3 2 4 5 2 2 3 1 4 5 3 4 4 2 3 3 3 4 4 3 5 1 1 3 5 2 5 3 5 3 4 2 3 4 1 5 5 4 1 4 2 3 5 2 4 5 3 3 2 3 2 5
3 2 4 3 1 1 4 3 4 2 4 4 4 5 2 5 4 1 5 2 2 4 3 3 3 4 4 2 3 5 1 5 1 2 1 3 2 2 1 1 2 1 4 3 2 3 4 5 3 1 1 2 4 2 3 1 5 5 3 2 4 5 4 1 2 3 4 1 2 4 4 2 1 4 3 4 5 1 1 5 4 2 2 1 1 4 1 4 3 3 1 4 3 3 1 5 2 5 3 2 3 4 3 5 4 4 1 4 3 5 3 2 1 2 5 4 5 5 3 5 2 1 1 1 5 2 3 0 3 5 2 3 5 1 1 4 3 1 2 4 2 1 5 4 3 3 5 4 4 4 2 5 1 5 4 3 2 5 5 4 2 3 1 2 2 1 3 4 3 2 2 3 4 1 3 1 3 1 3 2 3 1 2 1 3 3 1 1 3 1 3 2 1 1 3 4 3 4 5 2
4 4 2 4 1 2 4 4 3 4 2 1 2 4 5 2 4 4 3 1 3 2 2 5 3 2 4 2 1 5 4 2 4 2 2 4 5 1 3 3 1 4 2 2 3 2 3 1 2 3 5 4 5 3 1 1 5 4 1 1 2 1 5 3 3 5 4 4 2 2 5 3 4 5 3 4 3 2 2 2 4 1 5 1 2 1 1 5 2 5 4 2 1 2 4 1 5 4 2 1 3 5 2 4 2 5 1 3 2 2 1 1 2 2 2 4 2 4 4 3 4 1 1 3 3 4 2 4 0 2 1 1 5 1 2 4 1 5 2 4 5 1 3 2 3 1 3 1 5 4 2 5 4 4 1 1 2 1 5 4 3 5 5 5 3 4 1 2 3 2 2 1 4 2 1 2 2 3 4 4 1 1 3 4 3 3 1 2 2 2 2 5 4 2 4 1 4 5 4 4
5 2 2 4 5 5 5 2 1 3 2 1 5 1 4 2 5 3 2 1 1 3 4 2 2 4 1 4 5 2 1 5 1 4 3 2 3 2 1 4 2 1 1 1 4 3 1 5 4 4 3 5 3 3 5 2 3 4 1 2 1 5 4 1 3 4 2 2 4 4 2 3 3 1 4 1 2 3 5 3 4 4 4 2 1 2 5 4 1 2 3 3 2 4 3 2 2 4 2 1 1 3 1 3 2 3 3 5 5 3 5 1 1 5 2 4 4 4 4 2 2 4 1 4 3 4 5 3 3 0 5 3 3 4 3 2 5 1 4 4 3 1 3 3 1 4 1 3 3 4 3 4 3 1 3 5 5 2 4 1 1 2 4 3 3 3 4 4 2 4 5 2 5 5 3 3 2 2 3 2 4 4 5 4 1 5 3 2 4 4 2 5 5 3 1 2 4 2 3 4
3 1 2 3 3 3 1 1 4 5 5 1 1 1 1 1 4 4 4 2 2 1 3 2 2 4 2 4 5 2 4 2 3 4 3 2 5 5 4 4 4 1 4 5 5 4 3 5 3 3 1 1 2 4 4 1 1 2 3 3 5 5 4 3 1 2 3 2 5 5 3 4 4 1 2 1 1 3 3 5 5 3 4 3 1 2 2 3 3 2 2 3 1 4 3 5 1 4 5 4 5 2 2 1 5 4 3 2 3 4 2 5 2 2 5 2 5 5 4 5 5 1 1 3 1 1 4 2 1 1 0 4 2 1 3 3 4 4 1 5 2 2 1 2 3 1 3 3 5 4 3 3 1 5 2 2 5 1 4 4 5 1 5 4 2 2 5 5 1 3 1 1 1 2 2 3 1 3 3 3 3 5 4 3 1 4 3 1 5 3 4 3 4 2 1 3 2 1 1 3
1 2 2 1 3 1 3 5 1 1 1 4 3 5 5 5 2 2 4 4 5 1 3 4 5 4 4 1 4 2 5 3 5 1 1 2 1 2 1 1 2 1 3 4 1 1 5 1 1 2 5 4 4 3 2 1 1 2 1 1 4 2 4 3 3 1 1 2 5 2 5 5 1 1 3 3 4 1 3 1 2 1 5 4 4 4 3 3 4 1 3 1 5 3 2 2 4 1 2 3 5 4 2 3 2 5 1 3 4 5 2 3 3 3 5 3 5 3 4 1 5 1 5 5 3 5 4 2 1 3 4 0 4 5 4 1 4 5 3 1 1 2 3 4 2 5 5 2 2 5 1 4 1 3 2 3 2 1 5 3 2 3 1 5 4 3 3 5 2 2 2 1 2 2 5 2 3 1 5 4 3 2 1 4 4 1 4 4 1 2 5 1 4 5 5 4 4 5 4 3
4 4 1 4 5 1 2 5 1 1 2 3 3 3 4 4 1 3 3 3 2 3 5 5 1 4 2 4 2 2 4 3 5 2 2 3 3 1 3 2 5 1 3 1 4 3 4 4 1 4 3 2 3 4 4 3 4 4 5 5 3 5 3 3 5 1 5 3 1 5 5 3 1 1 3 1 5 2 3 2 4 1 3 4 2 5 2 2 4 5 1 2 5 2 5 1 2 4 5 4 4 5 2 1 5 2 2 4 4 2 5 2 3 5 5 1 4 5 1 3 3 4 3 1 1 3 5 4 1 1 5 4 0 4 4 3 2 3 3 3 2 3 2 3 3 3 2 5 5 4 4 4 2 3 4 2 2 5 5 2 1 2 2 3 3 1 3 1 5 4 5 4 5 3 4 1 5 4 5 5 2 2 1 4 1 3 2 5 1 3 1 4 3 2 1 4 4 4 5 4
3 1 2 3 4 3 1 5 5 5 1 5 3 4 1 2 1 1 4 1 4 2 5 4 3 3 5 4 4 4 4 3 2 2 3 5 2 1 2 4 4 2 2 2 5 5 2 4 3 1 3 1 1 5 4 2 1 2 3 2 4 4 5 4 4 1 1 3 3 5 3 5 5 2 3 5 4 4 3 2 4 2 2 2 2 2 2 1 2 3 4 2 5 2 1 4 2 5 4 4 1 3 1 3 2 1 4 4 3 1 4 2 3 5 3 3 2 4 5 3 1 3 1 3 2 5 4 2 4 2 3 2 2 0 5 2 1 2 3 5 1 1 2 2 5 3 2 1 2 3 3 2 5 1 3 3 2 4 1 1 2 3 1 2 4 2 5 1 4 1 2 2 4 2 3 3 5 2 5 2 3 5 5 3 2 4 5 4 4 4 2 5 2 5 2 1 1 3 4 1
3 3 3 2 1 3 3 2 4 1 1 5 2 5 5 1 3 4 5 4 3 4 4 3 1 5 1 4 3 4 4 5 1 4 1 2 2 3 3 1 2 4 2 5 3 1 3 2 4 1 5 3 1 3 1 5 4 4 4 3 2 2 4 5 1 4 4 3 3 1 3 1 5 1 5 1 5 3 3 4 4 3 2 5 4 1 1 1 5 4 2 4 1 2 5 4 5 2 3 4 5 2 3 1 4 1 1 3 4 1 1 2 4 3 1 4 1 5 2 3 4 2 3 3 1 4 3 5 4 1 2 3 3 5 0 5 2 4 2 1 4 3 4 4 5 4 4 5 2 1 2 3 2 5 4 4 4 4 4 1 4 2 4 4 4 5 2 1 1 4 1 2 5 5 2 4 5 1 2 4 5 1 2 1 5 3 1 4 5 4 3 4 3 4 3 3 3 1 2 5
4 4 2 2 4 2 5 5 3 1 2 4 4 2 5 1 4 2 5 5 1 4 2 2 1 5 2 2 1 3 4 3 2 2 2 3 5 2 1 3 1 1 3 2 4 1 3 2 1 1 5 3 4 5 2 4 5 5 4 5 1 3 1 3 5 3 2 5 4 4 1 3 5 5 2 4 5 1 5 3 2 3 4 3 4 1 3 5 5 5 3 5 3 2 3 5 5 3 5 3 3 3 1 1 3 3 4 5 5 5 2 3 1 2 3 1 4 5 1 3 3 3 4 2 5 1 5 1 4 4 5 5 5 2 4 0 2 4 1 4 5 2 1 3 2 3 4 5 1 1 1 5 1 4 5 5 3 2 3 2 4 4 3 3 2 4 3 3 4 1 2 2 2 4 4 5 1 1 3 5 1 2 2 2 4 2 1 1 2 5 1 5 3 4 1 3 3 2 3 5
3 2 3 1 1 5 3 4 2 5 2 4 5 2 1 1 2 2 4 4 1 4 5 1 2 4 2 1 5 5 2 3 2 4 4 5 5 1 1 3 2 2 2 5 2 3 3 1 5 3 1 4 4 1 5 1 1 5 5 5 4 1 2 1 5 2 1 1 4 5 5 2 5 1 2 3 3 5 5 1 4 4 4 2 4 3 4 5 3 2 1 2 1 3 5 5 2 3 4 2 1 3 2 1 2 3 3 1 3 1 3 3 1 1 1 2 5 1 1 1 4 4 4 4 3 3 4 4 5 1 2 2 3 5 2 1 0 4 4 4 1 3 2 4 2 5 4 1 1 3 4 5 3 3 1 4 4 1 3 2 4 1 1 4 5 4 5 3 4 2 1 3 5 3 3 4 5 1 1 2 1 5 2 5 4 4 5 5 1 5 3 4 3 4 2 4 4 2 3 5
4 1 2 4 5 5 4 3 4 3 5 5 2 1 4 5 4 2 1 4 3 3 4 3 4 5 4 2 4 5 5 3 2 2 1 4 3 5 3 4 2 3 3 5 2 5 5 5 1 1 4 4 5 3 1 2 2 2 5 4 1 4 3 5 3 4 1 5 1 5 5 2 2 1 4 4 5 1 5 5 5 1 5 2 5 4 5 5 5 2 3 3 1 5 1 1 2 5 2 4 2 4 3 4 4 4 1 2 3 1 4 4 1 4 3 5 5 2 1 5 2 1 2 1 5 5 5 4 5 1 4 1 4 5 3 2 4 0 1 5 1 1 3 3 3 3 4 5 4 5 2 5 1 4 2 3 2 4 3 2 4 1 1 4 3 5 5 1 1 3 3 2 5 5 4 1 5 1 2 5 1 3 3 1 5 5 5 1 4 4 5 2 2 5 2 4 1 1 4 2
2 3 2 2 2 3 4 2 1 2 3 1 5 2 5 4 4 3 5 1 1 1 3 3 1 1 1 1 5 3 2 1 1 2 4 1 2 4 5 1 3 1 3 3 5 1 1 3 4 3 2 4 2 5 4 5 4 3 4 3 4 3 4 3 5 4 1 4 3 4 5 4 3 2 4 4 2 2 2 5 1 3 4 5 4 4 5 5 3 1 1 2 1 1 1 4 4 2 2 1 5 4 1 1 4 1 5 1 3 5 3 2 5 5 2 3 3 1 2 2 1 4 5 1 1 1 3 2 4 5 3 4 2 5 4 2 2 3 0 3 2 3 5 3 4 2 4 1 1 1 4 5 1 3 5 4 2 2 5 4 1 4 5 3 4 1 5 2 5 2 2 1 4 1 1 3 3 4 3 3 1 5 4 5 3 3 3 5 4 1 1 4 3 4 4 1 1 3 4 3
5 5 1 4 2 5 4 2 1 3 3 4 1 1 2 4 1 3 2 5 4 1 3 5 2 3 2 1 5 5 4 4 2 2 3 3 5 5 3 2 5 3 1 3 5 5 4 3 3 3 5 3 3 1 4 5 5 3 1 3 3 4 1 1 3 3 2 1 3 2 5 4 4 3 3 5 2 4 5 2 3 3 3 2 5 1 1 5 5 2 2 2 2 3 3 3 5 2 1 3 4 3 3 1 1 1 5 5 4 3 4 4 1 3 2 2 2 5 1 1 3 1 4 4 5 2 1 4 4 3 1 4 5 2 3 3 1 5 5 0 1 4 3 4 3 1 3 1 3 5 4 3 3 3 4 2 5 1 2 5 3 5 1 4 1 1 2 2 3 2 3 3 2 3 5 4 3 3 4 1 1 4 2 5 4 1 3 1 3 5 2 1 3 5 5 1 3 5 1 2
2 4 1 2 1 3 1 5 5 1 3 3 2 4 2 1 2 2 2 4 5 3 5 1 1 4 1 4 5 4 4 2 2 4 1 2 2 2 1 2 2 2 1 3 1 1 4 5 5 1 1 4 5 4 4 1 1 4 1 5 1 2 3 1 5 5 4 1 1 5 1 3 1 4 2 5 5 2 5 3 5 1 4 2 1 2 4 3 4 3 4 2 5 1 5 4 4 3 1 1 5 4 3 2 4 5 4 2 2 4 1 2 2 4 4 4 3 4 3 3 4 4 3 3 4 5 4 5 4 1 4 3 4 3 2 2 1 2 1 5 0 3 4 5 2 5 5 1 4 2 3 5 1 1 5 2 1 4 4 3 3 1 1 3 5 3 5 5 1 2 3 4 3 2 5 5 4 3 3 2 5 4 1 1 1 5 2 4 2 2 4 4 5 5 1 4 3 4 5 4
1 3 3 2 2 5 1 3 4 4 1 3 2 5 1 3 1 2 3 2 2 1 4 5 5 3 1 2 5 5 5 4 1 5 2 1 3 2 5 1 5 4 5 5 4 2 3 3 5 3 5 3 4 1 2 2 3 3 5 3 2 3 5 4 1 2 3 1 4 5 2 4 3 1 4 1 2 2 1 4 1 2 5 2 4 2 4 1 4 4 1 2 4 5 5 2 1 4 2 3 1 3 4 4 5 1 5 5 3 4 2 5 3 2 4 5 1 4 3 5 4 2 2 1 2 2 2 3 4 5 1 2 4 4 5 1 2 4 4 2 4 0 4 4 5 3 2 4 2 3 5 2 4 1 5 5 5 1 5 3 5 1 4 4 3 2 2 1 2 2 2 3 4 1 3 1 5 2 3 5 5 4 3 2 5 5 2 2 5 1 5 3 4 5 2 3 3 5 3 5
1 4 4 1 3 1 5 2 2 1 3 3 3 2 5 1 1 1 2 3 4 1 3 3 1 1 4 4 1 1 2 5 3 2 4 1 3 3 5 1 5 3 1 5 2 4 4 1 2 3 3 3 5 3 2 3 2 3 4 3 4 5 3 3 5 4 3 3 5 1 2 2 1 3 1 4 2 2 2 4 4 3 5 1 1 2 1 3 4 2 4 3 5 2 5 2 3 2 5 4 5 2 1 1 2 4 4 5 1 5 1 4 5 2 3 1 3 3 3 2 4 2 2 1 1 5 1 3 1 5 1 3 1 2 5 1 4 2 3 3 1 1 0 2 2 5 4 5 2 2 4 3 1 1 1 1 2 2 3 4 4 5 4 2 1 2 4 3 5 3 2 1 5 3 5 2 3 2 1 2 5 2 4 3 1 4 5 3 5 5 3 5 4 5 1 4 3 3 3 4
3 2 2 4 3 3 1 3 3 2 4 3 4 4 5 1 1 2 2 4 1 3 4 5 3 1 4 1 5 2 4 5 2 4 1 4 3 5 2 1 3 1 2 3 1 1 1 3 4 2 2 5 2 4 4 2 3 1 3 5 5 3 4 1 3 1 5 3 3 2 3 3 5 5 3 4 3 5 1 3 4 3 1 5 1 1 4 1 1 5 3 3 1 3 4 3 3 2 3 3 1 5 3 1 4 5 2 3 2 5 2 3 4 1 2 4 4 1 3 4 3 3 2 4 3 2 3 5 3 2 2 5 1 5 5 5 1 2 4 1 4 4 5 0 2 5 3 3 4 5 1 3 1 4 2 3 1 4 3 4 5 4 5 2 5 2 5 5 2 2 1 3 5 5 3 1 4 2 4 1 4 3 4 5 1 5 5 2 4 4 5 1 3 2 1 1 1 4 1 3
3 1 1 3 4 2 1 2 2 2 2 3 5 2 2 2 1 1 4 5 4 4 4 1 2 1 2 2 2 3 1 5 2 3 2 3 4 2 5 3 5 2 5 2 4 1 4 4 2 1 3 3 4 5 2 4 1 4 2 2 5 5 4 2 3 4 3 2 3 3 2 3 3 1 3 3 1 5 5 2 1 3 2 4 1 2 2 3 4 4 3 4 5 1 2 3 1 5 5 4 4 5 2 3 4 3 4 3 5 5 4 1 3 4 1 3 4 4 3 3 4 5 1 3 4 3 3 5 1 1 3 1 5 5 1 5 2 3 5 2 1 1 4 1 0 3 4 3 5 4 3 5 4 3 4 4 3 2 2 5 4 1 5 5 3 2 5 3 4 3 1 1 5 1 1 1 4 3 2 5 2 3 4 3 2 2 3 3 5 4 5 5 3 2 2 2 2 4 3 3
4 4 3 3 1 3 5 5 3 3 2 5 1 3 3 3 4 1 1 4 5 3 3 5 2 4 4 3 2 5 5 1 2 5 4 5 5 4 1 1 5 1 1 5 3 4 1 1 5 1 1 3 4 5 2 2 2 4 1 4 1 4 5 3 3 3 3 5 3 3 2 4 3 3 5 1 5 1 3 4 4 1 5 4 3 3 3 5 4 5 1 1 4 4 4 4 4 5 2 1 4 2 1 3 3 3 3 2 1 1 1 5 3 3 5 5 1 5 1 5 5 1 4 1 4 1 2 2 3 3 2 2 3 3 1 2 5 1 2 2 5 1 1 2 2 0 2 5 5 5 3 3 5 4 5 3 5 3 2 4 3 3 1 5 3 4 2 1 4 3 5 3 1 3 4 2 3 3 1 4 5 3 4 2 1 2 5 4 2 3 3 1 1 5 5 1 3 4 5 1
2 2 3 2 2 1 3 4 5 3 4 4 5 2 2 1 1 4 2 3 3 2 4 4 4 3 3 4 5 1 5 5 3 4 3 1 3 3 5 1 4 4 4 5 2 5 2 4 4 4 5 2 3 3 2 4 4 1 5 5 1 3 3 5 4 1 5 4 2 5 1 2 2 2 5 3 5 4 4 2 5 5 1 1 3 4 2 4 4 2 3 4 5 4 2 2 2 2 4 1 1 4 2 3 5 5 1 5 1 4 4 5 4 4 2 4 1 3 2 2 2 2 2 2 4 4 3 3 2 4 1 2 2 2 4 5 3 1 2 1 1 5 3 5 5 3 0 1 5 1 2 3 3 3 5 1 1 4 4 1 3 3 1 1 4 4 5 2 5 4 5 1 4 1 1 5 5 4 4 5 4 3 5 4 3 4 3 3 5 5 4 5 4 2 1 4 2 2 1 5
2 4 1 1 1 3 3 4 4 5 4 1 1 1 5 3 1 3 3 1 3 2 3 4 3 4 1 4 2 5 5 5 2 5 1 3 5 3 4 2 4 3 3 2 2 4 1 1 2 1 5 2 4 4 1 3 5 5 1 4 1 1 3 3 5 5 4 4 1 2 3 5 2 1 1 1 1 5 2 2 1 5 4 4 5 5 3 3 1 5 4 3 1 1 3 1 3 5 1 1 5 5 4 4 2 5 2 5 3 1 3 2 4 2 2 1 1 3 1 1 2 5 1 3 5 1 4 5 5 5 1 3 2 5 4 5 2 5 5 3 4 3 3 4 2 2 5 0 4 4 2 3 5 4 2 5 4 1 1 5 4 4 5 1 2 5 5 5 4 4 3 3 3 5 1 3 2 1 5 1 2 1 4 5 5 4 5 3 1 4 3 3 4 3 2 2 2 4 4 5
1 2 1 2 1 1 5 2 5 1 5 5 5 3 1 4 2 3 1 5 5 4 5 3 3 5 4 4 5 1 4 5 5 5 5 2 1 3 3 2 3 4 3 3 2 5 5 2 2 1 4 5 3 5 2 1 2 2 3 3 4 3 3 4 1 1 5 5 1 4 5 3 1 1 4 2 2 5 4 1 2 1 3 2 4 3 4 1 5 5 4 2 2 1 5 3 1 1 4 3 5 4 4 1 4 4 2 5 4 4 1 5 4 2 4 5 2 4 5 2 2 4 1 3 3 5 5 2 2 2 3 1 2 1 5 1 1 5 1 3 3 1 3 3 4 4 3 5 0 4 4 3 3 5 4 4 4 1 2 4 1 2 2 5 4 5 3 5 4 4 3 2 2 5 5 1 1 1 2 4 1 1 3 3 3 5 4 3 2 1 4 2 4 3 4 3 3 4 4 1
4 5 3 4 1 1 3 5 2 2 4 3 2 5 5 2 1 4 4 3 2 2 1 5 2 3 3 1 4 4 1 5 5 1 2 5 5 2 5 1 4 2 2 2 3 2 2 2 1 1 5 1 4 1 4 1 3 2 1 5 4 4 4 3 1 1 1 4 4 1 1 5 1 4 2 1 3 4 5 2 5 2 3 3 5 3 1 5 1 5 3 5 4 1 4 2 3 1 2 1 3 3 3 5 4 3 2 3 5 1 5 5 4 4 2 3 2 1 1 2 3 1 4 5 2 3 5 5 2 3 1 4 3 1 2 4 5 3 1 5 2 4 3 2 4 4 2 3 2 0 2 5 1 1 5 4 2 4 1 1 3 2 3 3 4 5 3 1 5 4 3 2 2 3 5 5 1 2 4 3 2 1 1 2 5 1 4 2 5 1 1 3 4 3 2 4 4 4 4 3
3 5 1 3 5 1 2 4 2 3 4 1 4 4 5 4 2 2 5 1 1 1 3 1 3 1 1 3 1 4 3 2 4 1 4 5 2 5 5 2 3 3 3 2 4 4 5 1 1 4 3 4 4 3 5 3 1 4 1 3 4 3 3 2 2 4 5 2 3 1 2 4 2 2 5 2 1 3 3 3 4 4 5 1 3 1 5 5 5 5 3 5 3 5 1 2 5 1 1 3 1 5 3 2 1 4 3 4 4 1 5 2 2 5 4 5 4 3 4 5 2 3 2 3 1 5 4 5 2 3 3 5 3 4 3 3 1 4 5 5 1 1 4 1 3 3 3 2 1 5 0 4 1 4 4 2 4 4 2 5 1 3 4 2 5 5 2 3 1 4 1 4 5 1 3 1 5 1 3 4 5 1 4 1 1 5 1 1 2 2 2 4 2 4 5 3 4 1 2 3
4 5 4 2 1 5 2 4 3 5 2 2 3 1 4 2 3 1 3 2 1 3 4 2 4 5 1 4 5 5 5 4 2 3 3 5 4 5 2 2 5 3 5 5 1 3 5 1 2 3 3 4 3 4 4 2 5 2 1 5 2 4 4 5 2 4 5 2 5 1 1 5 3 5 1 1 4 5 2 5 3 4 3 3 2 3 4 1 2 4 1 3 2 4 1 2 5 5 5 3 2 4 3 5 1 1 4 1 1 2 2 1 4 2 3 2 4 4 1 1 3 3 1 5 5 5 2 4 4 4 3 1 1 4 4 3 1 2 2 3 3 1 1 3 5 2 3 3 4 2 2 0 4 5 2 4 5 1 5 2 5 1 1 1 5 2 2 3 5 4 1 2 1 4 3 3 5 1 2 1 5 5 2 5 2 5 2 1 1 3 2 4 1 4 4 1 4 2 5 4
5 2 2 2 3 4 3 3 2 4 4 1 4 2 4 3 5 2 3 1 1 2 4 2 5 5 4 2 4 4 4 4 2 1 3 3 4 4 1 3 5 4 1 5 4 1 2 1 3 3 2 4 2 2 3 4 5 4 5 1 5 3 5 5 3 3 2 1 3 3 4 1 3 4 1 1 2 3 1 5 2 2 3 2 2 3 4 3 1 3 2 1 4 1 2 1 1 3 2 4 4 2 2 3 2 3 4 1 5 3 3 4 3 3 5 1 1 4 3 4 3 4 2 5 2 5 5 4 5 2 4 4 2 1 5 2 1 3 3 3 2 2 2 2 5 1 1 5 3 2 2 2 0 1 5 5 1 1 3 5 3 1 4 5 2 4 1 1 2 3 1 1 4 3 4 3 1 4 4 3 2 4 3 5 4 1 5 3 2 5 2 2 2 1 5 4 4 3 3 1
5 2 3 3 4 5 5 5 3 4 3 2 4 4 4 3 3 3 4 1 4 1 4 5 1 1 5 3 1 4 3 3 4 3 4 2 2 1 2 2 5 1 2 1 2 1 1 2 2 2 4 1 2 4 2 5 2 3 1 5 5 4 2 4 4 2 5 2 5 4 2 2 1 2 1 2 5 5 1 4 2 3 4 1 5 4 3 4 3 1 2 3 1 1 4 1 5 5 5 2 4 5 4 5 1 4 1 2 1 3 2 2 2 3 1 3 2 1 5 5 5 1 5 4 1 1 2 4 2 3 2 3 3 1 5 3 3 4 2 3 5 4 2 2 3 2 1 1 2 4 3 1 4 0 4 4 3 4 2 4 2 2 1 1 2 1 5 4 5 1 3 4 4 1 2 2 1 1 2 3 3 5 1 5 1 3 3 2 4 3 1 4 5 2 3 1 4 4 5 1
5 2 4 5 3 4 1 2 5 3 4 1 3 3 3 5 3 2 5 4 1 4 3 3 4 5 5 4 4 2 2 4 1 5 4 3 5 5 4 4 3 3 4 5 2 1 1 3 3 4 1 1 1 2 4 4 3 4 4 4 4 1 2 4 4 4 2 1 3 3 3 5 2 4 5 2 4 2 4 5 1 5 4 5 3 1 5 5 5 1 1 3 4 4 4 3 1 1 1 3 4 4 1 3 2 3 5 4 4 4 3 5 5 3 2 5 4 1 5 4 2 4 4 3 3 5 2 1 4 5 5 3 3 4 2 2 3 3 3 4 2 3 2 2 1 3 4 5 3 4 3 5 1 3 0 5 4 4 2 4 2 3 4 4 4 1 3 1 2 3 1 3 3 4 4 3 3 1 2 4 2 5 5 1 2 3 3 2 4 5 1 4 1 3 3 1 3 1 4 1
2 5 1 2 3 2 2 1 4 4 1 2 1 4 5 5 1 3 5 2 2 4 3 5 2 4 4 2 5 1 5 1 1 5 4 1 1 1 3 4 5 1 4 5 1 3 5 3 2 1 3 3 5 1 2 1 1 4 2 5 5 2 5 4 3 1 4 3 1 3 2 1 1 3 2 3 4 2 2 5 4 4 2 5 2 1 1 2 1 3 3 2 2 1 1 1 1 3 1 1 4 3 1 1 3 4 1 3 1 4 3 3 1 1 5 2 2 3 2 2 4 1 5 2 4 3 4 5 2 3 2 2 4 4 1 2 1 5 1 2 4 3 4 1 5 5 3 4 1 3 4 1 4 4 3 0 2 5 4 3 2 3 1 1 4 5 2 1 5 3 2 1 2 4 1 4 2 2 1 5 1 5 1 3 5 2 1 1 5 1 2 5 5 4 1 3 4 2 2 3
2 5 2 2 2 2 5 2 4 3 2 5 5 3 2 5 3 2 2 5 4 4 2 5 5 4 4 4 2 3 1 4 2 4 1 1 2 1 4 4 1 4 4 4 4 4 5 3 2 2 4 3 1 1 5 2 5 2 3 1 3 4 1 1 5 1 4 2 3 3 1 1 2 4 2 3 3 2 5 1 1 2 2 3 4 2 5 3 3 2 4 2 1 2 1 4 3 5 4 4 4 1 4 3 1 3 1 5 1 5 5 5 5 4 4 5 2 2 2 4 1 3 3 1 4 3 2 2 4 3 3 3 2 4 5 5 2 5 1 3 1 4 4 1 5 4 2 1 3 5 3 2 3 4 2 5 0 1 5 4 3 4 3 3 3 5 5 2 2 2 4 3 2 4 2 2 4 3 3 4 5 2 2 4 2 1 3 1 5 1 3 5 2 2 5 4 4 3 5 3
3 1 4 4 3 1 2 5 2 5 1 3 1 3 5 5 4 2 5 3 5 4 1 5 4 4 2 1 4 2 4 3 3 2 4 4 1 3 3 2 2 1 3 5 3 5 2 1 3 2 5 2 4 4 3 2 5 5 4 4 1 1 5 5 2 3 3 5 4 4 5 3 2 5 4 5 5 5 1 5 5 3 4 5 5 4 4 2 2 2 2 2 4 4 4 4 1 3 2 2 4 1 4 1 5 3 1 3 1 2 5 4 1 4 1 1 3 2 5 4 5 1 5 4 4 5 3 2 5 4 3 4 5 1 2 2 2 5 3 4 2 3 2 3 5 5 5 3 3 2 5 5 5 4 4 2 3 0 1 5 5 4 2 2 2 1 5 2 2 3 4 1 3 4 2 1 2 1 3 1 4 5 2 3 5 4 3 5 4 1 4 3 3 3 1 3 4 3 3 1
3 4 3 2 2 1 3 2 3 5 1 5 5 1 3 2 1 3 1 1 3 4 2 1 2 2 3 2 3 2 4 2 3 5 5 1 5 3 3 2 5 3 4 5 4 3 1 1 1 4 2 4 3 4 3 2 5 1 2 4 5 5 3 3 3 2 2 2 1 3 5 1 5 4 1 4 3 5 2 1 4 2 4 1 2 2 4 5 1 4 2 4 3 5 2 1 1 1 1 4 2 3 1 1 1 1 2 4 4 1 1 4 4 4 3 2 2 2 4 4 3 4 3 2 2 5 5 2 1 5 5 5 2 5 3 4 1 3 2 2 5 4 3 3 1 2 4 4 3 3 4 5 1 1 3 2 1 4 0 3 2 5 4 2 1 2 5 5 3 3 4 4 1 5 3 3 1 1 1 3 3 2 3 5 5 1 5 3 3 3 2 4 2 5 1 4 4 5 5 3
4 5 2 1 1 2 1 4 1 5 2 2 2 3 4 3 3 2 3 5 3 3 4 4 4 5 2 3 1 1 3 2 1 1 2 3 2 1 4 1 5 1 4 5 1 3 4 2 3 3 3 1 4 5 4 1 4 1 5 4 5 4 3 3 5 2 4 2 1 2 1 4 1 1 2 4 1 5 1 5 1 4 2 2 3 5 4 5 2 5 4 4 5 5 2 3 5 1 5 2 3 5 4 5 2 4 2 4 1 1 2 5 3 4 1 2 1 4 2 1 4 2 4 3 5 4 2 4 1 1 5 4 3 4 3 2 1 5 3 2 5 3 4 1 5 3 4 1 1 4 1 1 3 3 3 2 2 3 5 0 3 1 2 1 4 4 4 3 3 2 5 1 5 3 1 3 1 1 5 1 4 1 1 1 5 4 4 4 3 1 3 5 1 2 3 4 1 2 4 1
5 2 2 1 1 3 2 3 2 5 5 1 4 1 4 3 4 3 2 1 2 4 4 3 5 2 3 1 4 2 3 2 1 3 1 5 1 5 3 3 2 1 2 1 2 5 1 3 2 4 3 5 5 2 4 1 5 4 3 4 3 2 2 5 2 5 1 4 5 1 1 1 1 2 4 1 3 5 1 3 3 5 2 2 4 1 5 4 2 5 1 3 3 2 1 4 3 4 2 4 2 4 3 4 3 5 4 2 2 5 2 4 2 4 5 4 1 2 4 4 3 2 2 5 2 5 2 3 2 1 1 4 4 1 2 2 2 2 5 1 5 4 1 3 3 3 1 5 1 1 4 5 2 3 5 2 1 5 2 1 0 3 1 2 3 5 4 3 2 4 5 3 1 4 3 2 1 4 1 1 5 3 3 4 3 1 4 4 4 2 4 2 3 3 5 3 1 1 3 2
1 5 3 2 4 5 4 2 4 4 1 4 3 1 3 3 3 2 3 1 3 3 3 2 5 1 4 1 2 4 1 2 4 5 3 2 5 1 2 1 5 1 5 4 3 1 5 5 2 4 4 3 5 5 1 2 5 2 1 3 1 5 4 5 4 1 2 4 3 5 4 1 1 5 2 5 2 3 5 5 5 3 2 5 3 1 1 5 5 2 1 1 1 2 1 5 2 3 3 1 3 1 1 2 3 2 2 5 1 2 2 3 3 1 1 4 4 5 1 4 2 4 3 4 1 4 2 1 4 4 4 2 2 4 1 2 3 1 5 5 2 4 4 5 3 4 5 4 4 2 5 2 3 1 5 5 5 5 4 1 4 0 1 2 1 1 1 1 5 2 1 2 1 1 2 2 3 2 1 3 3 2 4 3 5 3 5 3 1 4 1 5 1 3 3 1 2 2 1 2
5 3 3 2 5 1 5 3 1 4 3 5 4 1 2 4 3 4 3 4 4 3 3 5 1 5 3 3 2 5 2 4 1 4 4 1 5 1 1 1 5 4 3 5 2 5 3 3 2 2 3 2 2 2 2 4 4 5 5 2 4 4 1 1 5 4 1 3 4 5 1 2 4 4 4 4 3 4 4 1 3 4 5 5 4 2 4 1 4 3 3 3 4 2 1 2 1 1 3 4 3 1 1 5 4 4 1 1 5 2 5 2 2 4 2 1 4 4 4 5 2 5 4 5 2 5 4 4 2 5 4 1 5 4 5 1 4 5 4 4 5 2 2 4 2 1 2 5 1 4 3 3 3 4 5 4 5 2 5 3 2 3 0 1 2 1 1 2 1 2 1 2 2 3 3 4 1 3 2 2 5 2 4 3 1 3 4 2 2 2 3 3 5 2 4 4 4 1 3 5
3 4 4 5 1 4 3 2 2 5 3 2 2 5 1 3 2 3 2 1 1 1 4 5 2 2 2 1 4 3 5 1 2 2 3 1 2 2 2 4 5 3 1 3 3 2 4 3 1 3 2 4 2 2 2 3 4 4 2 2 4 1 4 4 3 4 3 1 4 4 2 1 1 3 2 4 5 5 1 5 1 3 5 4 5 4 1 1 2 4 3 3 5 3 5 1 2 5 4 2 4 5 4 4 5 1 2 4 5 4 5 1 3 4 2 4 3 1 1 5 3 4 4 3 3 1 2 2 2 3 4 5 1 5 3 1 3 4 3 5 2 1 2 4 2 2 1 5 5 2 4 1 3 1 1 5 4 1 4 4 2 2 3 0 5 1 5 3 1 2 5 4 3 1 1 2 1 2 1 4 5 3 1 4 2 4 2 4 1 5 3 3 4 1 1 1 4 5 4 1
3 2 1 1 3 4 2 4 1 4 4 4 2 2 2 3 2 3 5 5 2 2 2 4 1 5 4 2 1 2 1 4 4 2 2 2 1 2 1 4 4 4 3 1 1 1 2 3 4 1 4 3 3 1 1 3 4 1 3 1 3 1 3 5 1 2 2 4 5 4 2 2 3 1 1 3 1 1 2 3 1 2 4 4 4 2 1 5 2 4 4 5 2 1 2 4 1 4 4 2 5 5 3 4 3 3 4 2 4 1 3 5 5 1 3 1 5 4 3 1 2 4 4 3 2 1 3 5 4 2 1 2 3 2 3 5 1 2 5 1 3 3 3 3 5 3 5 3 4 5 4 3 5 4 3 2 2 4 4 1 2 2 3 3 0 3 3 4 4 2 4 1 2 3 4 5 3 1 3 4 5 5 5 2 1 5 5 1 2 1 1 3 3 3 2 4 2 2 1 2
3 5 4 2 1 2 5 1 5 2 5 1 4 1 2 2 1 3 4 2 4 4 3 5 4 2 2 4 3 3 1 5 1 1 2 1 3 3 4 2 2 3 2 4 2 1 5 3 5 4 2 2 5 1 2 2 5 2 3 2 1 3 5 4 1 2 3 2 1 1 4 3 3 2 3 4 3 5 2 1 2 3 2 3 4 2 4 2 3 5 4 5 3 1 2 1 4 5 3 4 1 3 3 1 5 4 3 1 1 5 2 1 4 3 5 4 2 4 5 2 1 4 4 4 1 2 5 5 1 5 5 4 2 1 3 2 2 4 5 1 2 1 5 3 1 3 1 4 1 2 1 5 2 5 4 1 2 2 1 4 4 1 2 4 3 0 1 1 4 1 2 1 2 1 3 3 5 2 1 3 2 4 4 5 1 5 3 1 3 1 5 5 5 2 4 4 4 5 1 5
5 2 2 3 3 5 2 5 2 2 4 4 3 5 1 5 2 1 4 4 3 2 5 3 2 3 5 3 4 3 5 1 1 2 5 2 3 3 1 1 3 4 1 2 4 3 1 2 1 1 3 5 3 1 2 3 5 5 5 5 1 3 4 4 5 2 2 5 3 2 1 3 4 4 2 2 3 3 2 3 2 1 3 2 4 5 5 5 1 4 4 1 3 5 1 2 4 5 3 2 1 2 1 5 2 1 3 3 1 4 4 1 4 2 3 2 3 4 2 1 1 1 5 2 3 2 1 4 4 1 1 2 4 4 2 4 2 3 3 1 5 5 4 5 5 5 2 3 1 4 1 5 1 5 1 4 5 2 4 5 2 4 1 5 1 5 0 4 5 3 1 1 4 2 5 3 5 1 2 4 2 1 2 2 2 1 2 1 4 3 4 5 4 3 2 1 2 2 3 1
5 3 4 5 2 1 4 3 5 4 3 3 1 5 3 4 2 1 3 2 3 2 3 5 5 1 1 1 5 5 3 2 5 3 1 3 1 2 2 3 1 4 2 2 2 2 2 4 4 2 4 2 4 1 2 2 2 5 1 3 5 5 2 4 2 3 5 4 4 2 2 5 4 2 5 4 2 3 4 2 2 4 1 2 3 5 3 2 4 3 4 3 4 3 5 3 4 5 1 3 2 4 4 3 1 4 2 3 5 5 4 2 1 4 2 4 1 5 2 3 5 5 5 4 5 1 5 2 1 3 3 3 2 1 1 3 4 4 4 2 1 3 2 3 2 5 4 1 5 2 4 4 4 1 3 1 1 4 5 2 5 1 3 2 1 3 5 0 1 3 5 4 4 4 3 5 5 3 3 1 5 3 1 5 3 1 4 3 2 4 1 2 5 1 2 4 1 3 2 3
5 5 4 1 2 2 1 4 1 1 2 4 5 5 1 3 2 4 4 5 5 1 3 1 3 5 3 1 1 4 3 5 2 2 3 1 1 5 2 3 2 1 1 5 5 3 2 2 3 1 2 2 3 1 4 1 3 2 1 5 1 5 5 3 2 3 4 5 3 2 1 3 5 3 5 4 1 2 1 2 4 1 2 3 1 5 1 4 1 4 2 2 1 1 2 3 4 1 4 3 5 1 2 4 1 5 1 2 4 3 4 5 4 1 4 5 1 4 5 1 2 5 4 2 3 5 3 4 2 5 2 3 5 4 3 3 3 1 5 2 4 2 5 5 5 2 3 5 4 5 2 4 1 4 2 3 3 4 5 5 4 3 5 1 5 3 3 3 0 4 2 4 3 3 2 5 5 4 3 2 4 1 1 4 4 3 2 4 1 4 2 1 1 3 3 3 4 3 3 2
4 2 2 5 3 1 1 3 3 2 3 4 4 5 2 3 5 3 1 3 1 4 2 4 2 2 5 4 2 1 2 1 3 2 5 1 1 4 4 1 2 1 4 3 5 2 5 2 2 1 1 1 5 4 4 4 4 4 5 3 3 1 3 2 4 1 3 2 4 2 4 5 4 2 3 4 5 2 3 1 2 2 4 3 3 1 3 2 1 4 2 3 4 5 3 5 5 3 1 4 2 5 2 1 5 4 4 5 4 2 5 5 1 3 2 1 2 2 4 3 4 2 5 3 1 5 4 2 2 2 4 4 2 5 1 3 2 2 2 5 2 4 3 2 1 2 2 1 3 5 3 5 4 4 4 1 3 5 2 5 1 2 2 1 2 3 1 1 5 0 5 4 4 2 1 2 4 4 4 3 3 1 4 1 4 3 4 2 1 2 3 3 1 4 1 1 2 5 4 1
2 4 2 2 1 2 4 2 5 1 4 1 4 3 5 4 4 2 3 4 2 4 5 3 2 2 4 2 5 2 5 5 2 3 1 5 5 5 2 1 2 4 4 5 3 5 2 1 4 1 4 3 2 5 4 3 1 2 1 2 5 5 3 1 5 3 3 2 4 5 4 2 4 4 3 2 3 4 1 1 3 4 3 3 1 3 4 4 5 2 4 2 4 2 3 3 3 4 4 3 5 3 1 1 4 3 2 2 3 2 2 5 1 1 2 5 5 2 5 1 2 3 3 1 3 4 4 3 1 5 2 2 3 2 1 4 5 1 5 2 1 1 1 5 2 5 1 5 5 4 1 4 4 1 2 3 1 1 1 2 2 2 5 5 2 3 5 5 2 3 0 1 2 3 4 2 3 4 4 5 2 1 3 3 1 3 5 3 4 3 2 5 4 3 3 4 1 2 1 2
2 5 3 2 3 1 2 1 5 1 2 3 4 3 5 3 5 1 3 1 3 2 4 1 3 3 1 3 3 3 5 3 4 5 4 5 1 5 1 3 4 2 4 2 3 4 3 1 4 4 1 3 2 4 4 1 3 4 3 4 4 5 2 3 5 5 4 2 5 4 2 5 4 5 2 1 1 5 2 1 2 1 2 4 4 4 4 1 1 1 3 4 3 3 5 5 1 1 4 4 2 4 2 2 2 3 5 2 5 2 1 1 4 1 1 3 4 1 1 1 4 5 1 1 5 4 3 3 5 4 3 5 4 3 2 2 4 5 4 5 4 2 4 3 2 2 4 2 5 5 3 5 2 4 3 4 5 4 5 5 5 2 5 2 3 3 5 5 5 4 5 0 5 2 3 5 2 3 2 2 3 1 4 2 4 1 4 2 1 2 3 3 4 5 2 3 4 2 2 5
2 3 3 1 5 4 4 1 2 5 3 2 3 1 5 5 4 1 2 1 1 4 1 4 2 2 5 4 3 5 2 5 3 2 4 2 4 3 3 2 3 2 4 2 5 3 4 3 1 2 4 1 1 5 5 3 1 5 1 3 4 4 1 3 1 4 2 3 2 4 4 3 3 3 2 4 5 4 5 3 5 3 1 4 2 5 4 3 1 4 2 2 5 1 5 1 3 5 1 4 4 2 4 5 1 2 5 3 5 3 4 1 5 2 3 5 3 1 3 4 4 1 4 3 2 2 1 1 5 1 2 5 3 2 2 3 1 4 4 1 2 4 5 5 2 2 4 5 4 3 5 2 3 1 1 2 4 3 4 5 3 4 2 4 4 2 3 4 3 4 5 2 0 5 4 1 4 1 4 2 1 1 1 5 4 2 1 5 3 5 1 3 5 3 4 2 4 2 3 2
5 3 1 2 1 3 4 1 4 5 4 4 1 2 1 5 2 4 4 5 5 4 3 2 5 4 5 4 2 2 5 5 2 1 3 5 4 5 3 4 4 1 5 1 1 1 3 1 5 3 2 5 5 2 5 5 1 2 1 3 3 2 1 2 5 1 5 1 5 5 3 4 4 1 4 3 5 4 1 4 1 1 2 2 2 5 4 3 2 5 4 1 4 2 3 3 2 5 5 2 3 1 3 2 3 2 2 4 2 4 4 5 2 3 2 3 4 1 3 5 2 3 4 2 3 2 5 5 3 2 1 3 2 1 3 2 3 3 5 5 3 1 4 5 5 3 2 5 4 2 5 1 5 4 2 4 4 5 1 3 4 4 2 3 4 4 4 2 1 4 4 3 3 0 2 4 2 1 2 2 4 4 3 5 5 3 5 3 3 5 3 3 1 4 1 2 2 1 1 3
3 3 2 5 1 1 3 1 3 2 2 5 1 4 2 3 2 4 2 4 1 3 2 2 2 4 2 1 1 5 4 3 5 4 4 2 4 2 1 1 2 2 3 3 3 2 5 2 3 1 2 4 1 4 1 3 1 3 1 4 5 5 2 2 3 3 4 2 1 4 1 2 1 2 3 4 2 4 5 4 3 1 4 3 3 3 5 2 1 5 3 3 4 3 5 4 1 3 1 1 5 5 4 1 1 4 4 5 5 5 3 3 1 1 5 2 4 4 4 5 1 4 2 1 1 4 1 5 1 1 3 2 1 3 3 5 1 1 3 1 3 3 1 1 5 1 4 4 4 5 2 1 1 1 4 1 2 3 1 3 2 3 1 2 5 3 4 1 2 4 1 2 4 4 0 5 1 2 5 1 4 3 3 3 3 5 2 2 2 3 5 1 2 2 1 1 1 1 2 3
4 1 4 3 5 4 5 4 5 2 2 3 2 3 1 5 2 2 1 5 4 2 2 4 3 4 3 2 3 3 2 2 5 4 4 1 1 2 3 3 2 4 5 1 2 3 3 3 3 3 3 4 1 5 3 4 4 1 2 5 1 5 4 1 5 2 4 5 2 5 3 1 3 2 5 2 1 1 4 2 4 1 5 4 3 3 1 1 1 2 3 1 2 5 5 5 2 3 5 3 1 5 3 4 4 1 2 3 5 5 3 4 1 2 5 2 5 2 5 3 4 5 3 2 1 4 4 1 4 1 5 3 1 3 2 4 4 3 3 4 1 1 1 1 4 3 1 5 4 2 3 4 5 2 5 1 1 1 1 5 4 1 2 2 2 5 3 4 4 3 3 4 4 2 4 0 5 2 2 1 1 4 3 1 2 1 5 5 1 2 1 4 2 4 3 4 3 3 4 5
2 1 1 2 5 2 1 1 1 2 4 5 4 5 5 5 1 1 5 5 5 4 1 1 2 3 4 1 5 3 4 5 5 5 3 3 2 5 3 4 2 2 2 3 2 3 3 2 3 3 2 2 3 1 1 1 4 3 5 3 1 2 2 4 4 5 2 5 4 1 2 4 3 1 1 1 2 3 1 4 4 5 1 3 5 5 3 2 5 5 2 1 2 1 2 2 5 5 2 4 1 5 2 5 1 3 1 2 1 3 5 5 5 2 5 3 3 5 2 3 2 3 5 3 5 5 5 5 3 5 4 2 2 1 5 5 5 1 2 3 2 1 2 3 5 5 5 3 4 1 3 4 5 1 2 4 1 4 2 2 4 2 1 3 1 1 1 2 4 4 3 1 4 4 1 3 0 4 5 2 5 3 5 3 4 5 2 5 5 2 4 1 3 5 2 2 3 3 4 5
2 3 4 5 3 3 1 1 4 5 2 2 4 4 1 5 4 2 4 5 4 1 5 3 4 3 3 2 1 3 1 5 4 1 1 2 1 3 2 4 4 2 3 3 3 2 1 2 4 4 1 4 5 1 5 5 4 1 5 1 2 1 5 5 1 5 5 5 5 2 3 5 2 1 4 5 3 5 5 3 5 3 4 5 3 3 1 5 1 3 2 4 1 5 1 4 5 1 4 2 2 1 2 3 4 3 2 1 3 4 3 5 3 4 4 5 3 3 1 5 1 2 4 5 1 4 2 4 2 3 1 4 2 1 3 1 5 5 5 3 1 3 5 2 1 5 3 3 1 2 4 3 5 1 2 2 2 3 2 2 3 3 3 2 5 2 5 4 2 2 1 4 5 5 3 3 1 0 4 4 2 5 5 2 3 3 5 3 3 3 1 1 3 5 4 3 1 5 5 1
2 2 1 1 1 1 4 3 3 4 1 5 2 1 4 5 5 4 3 4 5 3 4 4 1 2 2 2 5 2 1 1 2 5 3 3 5 5 3 3 1 1 4 5 2 3 4 5 1 1 2 1 1 4 4 4 3 2 1 2 2 2 1 2 4 3 2 4 1 1 3 5 5 2 5 3 4 2 5 5 3 2 1 5 3 5 5 5 2 4 4 3 1 2 4 1 3 3 3 4 2 2 4 1 3 5 3 5 3 1 2 2 4 4 5 4 3 3 3 3 1 5 5 1 5 3 4 5 1 5 2 5 4 2 5 3 5 4 1 3 5 4 4 3 5 1 5 4 3 5 2 3 4 3 1 1 2 1 2 4 4 5 4 5 5 4 5 1 3 4 1 1 5 1 1 4 4 4 0 2 4 4 5 5 2 1 5 5 1 3 3 5 4 3 3 4 2 5 3 4
4 5 1 5 4 4 3 3 1 2 5 4 2 1 1 5 5 3 5 2 1 2 5 2 5 2 4 2 2 1 2 4 2 1 1 4 5 1 1 1 1 4 2 2 4 4 1 3 1 2 4 4 5 3 4 2 5 2 3 1 5 2 3 2 5 2 3 2 2 2 4 1 4 3 5 4 4 2 2 4 1 5 2 4 3 1 4 5 5 1 3 4 1 5 3 2 1 3 5 2 5 2 2 2 5 4 3 5 4 5 4 3 1 4 5 2 5 4 1 2 3 2 2 4 4 2 1 3 1 1 5 1 3 5 3 4 5 1 3 1 2 1 1 5 5 3 4 3 5 1 3 5 1 5 1 4 4 4 3 2 4 2 1 5 4 4 3 1 3 2 1 4 3 2 1 3 2 2 4 0 5 2 5 4 5 3 3 2 5 1 2 1 3 4 3 1 2 4 2 2
1 3 2 2 3 4 1 1 5 1 3 5 4 1 3 1 5 1 3 3 1 3 2 3 3 5 5 1 1 2 5 1 4 4 2 1 2 3 2 3 5 4 1 5 5 4 3 5 4 1 2 5 3 5 4 3 4 5 1 4 5 2 2 2 1 5 3 4 2 1 4 2 5 1 3 4 4 4 2 1 3 4 1 1 2 5 2 5 4 1 2 5 5 3 4 4 3 2 4 4 4 4 2 2 1 5 2 5 5 4 1 5 4 4 4 2 4 4 4 4 2 3 1 4 2 5 3 5 3 5 4 5 4 1 1 1 4 5 1 2 3 1 5 5 3 3 3 5 3 2 5 5 4 1 1 2 1 3 4 4 4 1 4 2 4 5 4 1 4 3 4 1 3 5 3 2 1 3 4 4 0 3 3 2 1 3 4 1 3 1 1 4 5 4 1 2 2 2 4 3
3 1 3 4 3 2 2 5 5 3 5 3 2 1 5 2 2 4 4 3 1 1 2 1 5 5 5 2 2 4 3 4 5 4 2 5 1 3 2 3 2 2 3 5 2 3 1 3 1 1 2 2 3 5 1 3 1 1 5 2 4 5 4 3 2 5 2 1 5 1 2 1 2 1 2 5 1 4 3 1 2 4 1 2 3 4 2 4 4 2 2 3 4 5 5 3 3 1 4 1 4 5 3 3 4 5 1 5 3 3 1 3 3 2 2 1 3 4 5 5 5 1 4 2 2 1 3 4 5 3 3 2 5 1 2 5 1 1 3 2 3 4 1 4 2 2 3 4 2 2 3 3 4 2 1 5 5 5 2 1 3 1 5 4 5 1 3 4 5 1 2 4 2 4 3 4 5 4 4 1 2 0 3 3 3 2 4 5 4 1 4 2 5 3 1 1 3 1 2 5
3 3 2 3 2 1 5 2 3 5 5 2 4 3 2 1 3 2 5 4 1 4 1 2 3 3 3 2 4 3 4 4 3 4 1 1 3 4 4 1 3 4 2 2 4 5 1 1 1 1 3 4 1 2 5 4 2 3 5 4 4 1 1 2 1 3 5 2 1 1 1 5 4 1 2 5 2 4 5 4 3 5 3 4 1 3 3 1 3 5 3 2 2 3 1 3 1 2 3 4 1 1 2 3 5 4 5 1 2 3 1 2 5 4 1 2 4 3 1 3 4 4 4 1 1 3 5 2 5 3 3 4 4 2 3 3 3 1 1 1 1 2 5 1 2 1 3 4 2 3 1 4 2 5 5 2 3 4 3 4 2 2 4 1 3 3 3 3 1 1 2 3 5 3 5 1 1 3 1 1 2 3 0 2 4 5 4 3 2 4 5 3 2 2 2 3 1 5 5 2
2 1 2 4 2 3 5 2 4 5 3 2 4 4 3 4 1 1 1 2 5 3 4 5 5 5 4 2 2 1 4 2 5 2 2 5 1 1 1 3 1 1 5 1 3 5 3 1 4 1 1 2 2 2 5 5 2 5 4 5 4 5 2 3 5 5 2 1 1 3 3 3 4 5 2 1 3 5 5 5 4 2 3 5 3 1 1 3 4 1 3 5 4 4 5 3 4 5 1 4 3 2 3 2 4 5 4 5 2 2 3 1 3 5 4 5 2 4 3 3 1 2 1 1 2 3 3 2 4 4 1 3 5 5 5 2 5 1 4 2 5 5 1 2 4 2 3 3 4 1 5 5 5 3 2 3 2 2 1 4 3 3 1 2 3 5 5 1 2 4 4 4 1 2 3 1 1 1 3 4 5 3 5 0 1 4 5 2 1 3 3 5 5 4 1 3 4 2 1 3
2 5 4 5 5 2 1 2 5 1 2 2 3 3 5 5 5 3 4 4 1 4 5 1 4 1 4 1 3 3 1 4 5 1 2 5 4 3 1 4 2 2 2 4 5 4 4 2 4 4 2 4 5 2 3 5 1 4 4 1 3 3 3 2 2 1 3 4 4 5 2 4 5 2 3 2 3 2 4 3 3 1 1 5 3 2 4 1 5 3 1 3 1 4 5 3 5 4 3 3 4 5 4 2 1 3 5 4 3 3 1 2 5 5 3 4 2 3 3 4 3 2 4 1 4 1 2 4 4 3 1 5 2 3 5 2 4 2 5 2 5 3 4 3 4 3 3 1 1 3 2 2 4 5 4 5 5 1 5 5 4 1 3 3 4 2 2 1 3 1 5 2 2 4 5 2 4 2 2 2 4 3 1 5 0 4 4 2 4 5 2 5 4 3 3 1 1 5 4 1
5 2 4 4 4 3 3 2 1 1 5 3 1 3 4 5 1 2 3 4 5 1 1 5 1 4 1 3 1 4 4 3 2 2 4 1 4 4 5 3 1 3 5 3 2 2 2 3 2 1 3 5 2 3 4 2 4 4 1 2 3 1 4 5 3 4 4 1 2 1 2 5 5 1 3 2 1 3 4 2 5 5 3 1 3 3 3 4 3 4 2 2 2 2 3 1 2 5 3 2 3 4 1 4 4 5 1 4 2 3 1 3 3 1 2 3 5 5 1 5 2 5 4 2 4 1 1 2 2 5 4 2 3 5 1 2 1 4 2 2 4 4 4 1 1 5 3 2 3 4 4 4 1 5 3 2 2 3 3 2 1 1 2 3 2 4 2 2 1 2 5 4 1 5 4 2 3 4 4 3 2 3 1 3 5 0 4 3 4 2 5 1 4 5 2 1 3 1 2 1
5 1 2 1 5 3 3 5 4 3 3 1 3 1 3 5 5 2 2 3 2 1 5 1 1 1 1 1 4 3 2 3 4 2 4 5 2 3 3 3 3 4 5 1 1 2 5 1 3 1 2 4 5 3 5 4 5 1 3 3 3 1 5 5 1 5 5 3 2 1 1 5 4 1 1 4 2 3 4 2 2 1 1 5 1 2 4 3 3 4 3 5 1 5 5 2 2 5 3 1 1 1 2 3 5 3 3 1 2 2 3 4 3 2 4 4 1 3 5 2 3 2 2 4 4 4 2 2 1 2 2 4 5 4 5 4 3 3 3 2 5 1 2 3 1 1 5 2 2 3 2 3 1 2 4 4 4 1 1 4 3 3 2 1 4 3 4 4 2 1 3 2 4 5 2 2 3 2 2 5 5 4 4 3 5 1 0 5 4 3 1 3 4 1 1 1 3 2 3 4
5 5 3 5 4 2 2 4 4 4 5 1 5 5 5 1 4 1 5 3 2 4 5 3 1 5 4 1 4 3 3 4 1 3 5 4 3 2 4 1 2 1 4 2 3 2 3 2 4 1 5 3 4 1 3 4 5 4 2 2 2 2 5 4 4 1 1 5 3 5 2 4 1 1 1 3 2 5 3 2 2 4 4 4 2 4 2 4 2 4 2 5 1 4 4 1 5 1 2 2 5 4 3 5 3 4 2 3 5 3 5 3 5 5 3 2 5 1 5 4 1 2 3 2 2 5 3 2 3 4 4 2 5 1 2 3 5 5 3 4 2 5 1 3 2 5 4 2 3 2 4 4 3 2 5 3 2 4 1 3 1 5 2 5 1 3 4 3 2 4 3 1 2 5 3 3 3 2 3 4 1 4 2 3 5 4 1 0 5 5 1 1 1 5 4 3 4 3 3 4
3 5 4 2 2 5 3 1 4 5 3 1 2 3 2 5 1 1 4 1 2 2 3 3 1 3 1 4 2 2 1 3 2 3 4 4 2 3 3 2 1 2 2 2 5 2 1 5 1 1 1 5 5 3 1 2 4 1 5 3 1 2 4 4 5 2 4 4 5 2 4 3 2 1 4 4 3 2 1 3 5 2 5 3 2 1 4 5 4 3 1 5 4 3 3 1 3 4 5 3 4 5 3 5 3 4 2 2 2 4 5 4 5 4 2 5 5 1 5 1 4 2 5 1 5 1 5 2 2 2 3 3 3 1 4 5 3 4 3 4 5 3 1 2 4 5 1 4 5 4 5 4 2 3 4 3 4 3 3 1 4 4 3 5 4 3 5 1 1 3 4 3 2 2 4 3 1 3 5 2 3 1 4 1 4 1 4 1 0 5 4 1 2 5 2 1 4 1 4 4
5 4 1 5 1 3 4 3 4 1 4 3 1 3 2 5 5 1 3 4 3 1 5 4 2 1 4 1 2 2 3 1 3 1 1 2 5 4 5 2 3 4 2 5 2 5 3 2 5 1 2 5 3 3 4 2 2 1 1 3 1 3 5 2 2 3 4 5 2 3 3 2 1 5 1 3 5 5 4 5 3 4 4 4 1 4 5 1 3 3 1 4 5 1 2 5 2 1 1 1 4 5 2 2 5 3 1 3 3 4 1 4 4 2 2 3 4 1 5 4 3 5 3 5 2 4 4 4 4 1 2 4 2 2 4 3 1 5 4 4 5 4 3 5 4 4 1 4 5 3 3 1 4 3 4 4 5 3 4 4 1 5 5 3 2 2 5 1 1 1 4 1 1 1 5 5 1 1 3 5 3 1 4 1 3 1 4 5 2 0 2 4 2 5 2 1 4 5 5 1
1 5 4 1 1 3 4 1 5 3 5 1 4 5 2 2 5 3 1 4 5 4 4 5 1 3 2 4 1 3 5 5 2 5 2 4 3 4 2 1 1 1 3 3 3 2 4 2 2 3 3 3 2 4 3 2 4 5 5 4 3 5 3 2 3 3 2 1 2 1 3 3 5 5 5 5 1 5 1 4 1 3 5 3 4 4 5 4 2 2 2 5 2 3 5 4 3 1 2 2 4 5 2 4 1 1 4 3 5 2 2 1 3 3 1 4 3 1 3 4 1 3 5 3 3 2 2 1 1 2 1 5 2 5 3 4 2 3 2 5 5 1 1 1 5 2 1 5 2 1 1 2 3 3 2 1 3 1 4 3 4 5 3 1 3 2 1 5 2 1 4 1 3 1 5 1 1 1 2 3 5 3 3 2 5 2 5 2 3 3 0 3 3 2 2 2 1 3 2 3
5 1 1 1 3 5 2 5 3 2 5 5 1 5 2 1 1 2 4 2 5 2 1 4 3 2 5 4 5 3 1 3 3 3 3 2 5 1 4 4 2 3 3 2 4 3 5 1 5 3 3 4 1 4 5 2 5 1 2 1 4 3 2 1 4 2 4 4 4 2 1 1 2 2 3 2 4 1 1 4 5 3 2 4 5 2 1 2 5 2 3 3 4 3 4 2 1 3 2 4 4 3 1 4 4 3 2 4 2 1 4 4 1 5 3 3 3 3 2 2 3 2 2 5 3 4 5 2 1 1 3 3 4 3 2 1 2 2 2 3 5 1 2 3 3 1 3 1 2 1 2 3 2 3 1 2 2 4 1 5 4 5 5 4 3 5 2 3 5 1 2 2 1 3 3 5 2 2 1 2 2 3 1 5 2 3 5 4 3 4 4 0 4 1 5 2 2 4 3 3
1 1 2 3 4 3 5 4 1 5 2 1 3 3 1 4 2 3 4 1 2 3 1 4 5 1 4 1 4 5 5 2 3 3 4 1 3 4 3 1 2 4 2 1 1 5 4 4 1 4 1 4 5 5 5 5 2 5 5 3 2 5 2 4 5 2 4 2 4 5 4 3 2 3 5 4 2 2 3 5 4 4 3 1 4 5 3 1 1 1 2 1 1 3 2 4 5 4 5 1 2 1 2 1 1 5 5 2 5 1 5 2 4 5 1 5 3 3 3 3 2 3 4 5 4 5 5 4 5 1 1 1 3 5 3 5 4 2 2 4 2 4 3 3 1 4 4 4 2 3 1 1 1 3 1 2 3 1 1 3 3 3 4 4 4 3 4 2 4 1 2 1 3 2 2 3 5 4 2 2 4 5 5 1 1 4 4 5 1 3 4 4 0 2 5 3 4 5 4 3
5 4 2 2 2 4 4 1 3 4 1 3 4 3 4 1 3 4 4 2 1 2 5 1 3 1 4 2 2 1 2 1 4 4 4 4 4 3 1 4 2 3 4 2 4 4 3 1 1 2 5 2 1 2 3 3 1 3 3 5 3 3 2 2 2 4 3 2 5 2 3 2 5 3 2 5 2 1 2 3 1 2 5 5 5 2 3 5 4 4 1 2 3 5 1 1 5 5 2 2 5 5 1 3 1 1 2 2 1 4 3 3 4 2 1 3 5 1 2 4 4 1 1 5 2 2 3 3 5 2 2 4 1 4 4 2 4 3 5 3 4 1 2 4 4 1 2 1 3 1 1 2 1 1 2 2 5 3 2 4 4 2 4 4 3 5 1 3 4 1 4 4 5 3 3 4 3 3 4 1 4 1 5 1 2 3 1 4 3 2 1 1 3 0 3 2 3 5 4 1
3 2 1 2 5 5 5 2 4 4 5 4 2 1 3 1 2 1 5 5 3 4 5 5 2 2 5 4 1 3 3 2 5 3 4 4 5 1 2 4 3 2 1 1 5 3 3 2 5 4 2 4 1 5 2 1 3 4 1 4 5 1 3 2 1 1 2 1 4 2 4 4 2 1 1 1 5 3 5 3 3 5 2 1 5 4 2 3 5 4 2 5 2 4 5 3 1 3 5 1 3 1 2 1 1 1 4 3 3 4 2 5 4 3 1 1 5 4 1 3 1 1 2 4 3 2 2 2 1 2 5 1 1 5 2 1 3 1 2 1 3 3 1 2 4 5 4 4 3 5 3 2 2 2 2 3 4 4 2 1 1 3 3 4 5 1 3 3 3 4 4 3 1 5 3 5 1 1 3 1 4 5 1 2 3 3 2 3 1 4 2 1 1 1 0 1 4 5 2 2
3 5 1 1 5 5 4 3 4 4 5 3 2 5 4 3 5 4 3 5 3 2 2 3 1 2 1 2 2 1 2 1 3 5 5 4 1 5 3 4 4 4 3 3 3 2 5 2 3 4 3 2 2 4 4 1 3 5 3 4 2 2 2 3 4 3 2 2 5 2 1 3 2 3 2 3 3 4 1 4 2 3 1 3 2 2 3 5 2 3 2 5 1 1 2 5 2 5 4 4 2 2 2 4 5 3 3 2 3 2 1 2 4 1 5 1 5 1 2 3 5 4 2 5 4 2 3 3 3 4 2 3 4 2 2 1 2 4 4 5 4 1 5 5 5 4 1 2 2 1 3 4 1 4 3 3 3 4 2 3 5 2 1 1 3 5 3 5 2 1 2 2 1 2 4 5 3 3 2 2 4 2 5 4 5 1 1 1 3 3 5 5 1 4 3 0 4 1 1 5
4 5 4 2 5 3 2 1 1 3 1 5 5 1 2 5 2 2 4 4 4 1 3 1 2 1 3 3 1 3 1 4 1 4 5 2 4 4 3 3 4 2 2 3 1 2 3 1 4 4 5 2 2 2 1 1 3 5 4 5 5 2 2 2 3 4 2 3 5 5 2 3 5 3 3 3 5 4 5 1 2 2 2 1 5 2 2 3 3 3 4 3 1 4 1 1 1 1 5 1 5 2 2 3 1 3 2 2 2 4 1 2 4 2 4 2 3 1 4 2 1 4 4 5 2 1 2 5 1 5 2 3 1 1 3 2 2 3 3 3 1 5 1 1 1 3 2 2 3 1 1 3 3 1 3 4 3 5 5 5 1 3 2 2 2 4 1 5 2 3 5 2 2 3 3 3 3 2 5 5 4 3 1 3 4 1 4 4 3 3 3 2 5 4 3 3 0 4 4 2
4 2 3 2 4 1 1 2 2 4 2 1 3 2 4 3 2 4 1 4 5 3 3 1 1 5 4 2 2 5 3 4 4 1 5 2 4 1 1 1 1 1 1 5 4 5 4 5 2 3 3 2 4 5 4 5 5 3 3 3 3 5 2 4 2 5 2 3 3 1 2 2 4 1 3 3 5 2 1 3 3 2 4 1 4 4 1 4 5 4 2 4 3 5 3 3 4 3 4 3 3 2 1 2 1 1 5 1 1 3 2 5 3 1 4 1 5 2 3 4 5 5 4 3 1 1 3 1 3 1 2 1 2 2 2 5 2 1 4 3 3 2 1 1 1 1 3 5 2 3 3 4 1 4 3 5 4 5 5 2 4 1 2 4 2 3 3 5 4 4 4 2 1 2 2 4 4 4 1 1 3 1 1 4 4 3 3 2 3 3 5 3 5 3 4 4 4 0 5 5
3 2 4 4 2 4 1 5 2 3 2 2 5 4 3 1 3 4 4 2 2 2 1 1 1 1 4 4 5 1 4 5 4 4 4 5 3 2 4 1 2 2 3 1 2 5 3 3 3 2 1 4 1 3 1 5 5 4 3 2 4 2 5 3 3 3 2 5 2 4 1 2 4 3 4 4 1 3 5 4 5 5 4 4 4 5 5 5 3 4 1 2 3 5 4 3 1 3 1 1 1 1 2 1 3 3 2 3 1 4 3 5 3 5 3 1 3 5 3 1 3 3 5 4 4 4 5 4 3 4 3 2 1 4 3 4 3 4 4 1 4 5 1 5 4 1 2 2 4 4 5 1 3 4 5 5 2 3 5 5 3 3 4 5 3 4 2 1 1 3 5 2 3 2 5 5 4 4 1 4 4 4 2 5 5 1 1 4 2 1 3 2 1 4 3 4 4 2 0 4
5 5 3 4 4 4 5 2 3 3 4 3 4 3 4 1 5 3 1 5 3 1 3 1 4 2 4 2 5 5 4 3 2 4 3 2 1 5 4 2 3 4 1 2 2 5 1 5 3 4 3 2 4 4 3 2 3 4 1 3 4 5 5 2 1 3 4 2 2 2 5 5 5 3 5 1 5 1 5 4 1 1 1 2 2 1 3 1 3 3 2 3 4 1 3 3 1 4 1 2 2 4 3 5 4 4 1 2 3 1 2 2 2 2 4 4 1 2 2 3 5 5 3 2 2 1 2 3 5 3 1 5 1 5 2 1 5 3 3 1 2 1 2 1 5 2 2 2 3 5 4 2 1 3 5 3 3 5 1 1 2 1 1 4 1 3 2 4 3 2 3 3 2 2 1 4 2 2 5 2 3 1 2 5 3 2 2 2 2 4 2 4 5 3 2 1 4 3 3 0
