100
46 32 43 39 32
29 39 14 30 2
25 49 38 5 2
42 49 34 32 13
20 32 50 8 15
6 44 32 18 36
6 38 21 41 33
8 40 26 38 11
7 45 29 9 23
21 50 44 8 21
34 10 37 32 20
27 30 41 10 33
46 17 37 38 2
37 24 24 28 4
47 45 26 49 31
11 45 13 31 18
11 37 38 46 38
25 25 15 34 37
39 45 11 48 31
41 40 23 34 28
34 24 30 21 11
16 17 10 35 18
11 42 27 34 32
36 9 7 38 9
22 33 8 7 17
21 38 24 46 40
27 19 39 49 34
50 50 29 35 29
37 36 10 11 39
33 37 6 12 6
12 33 26 37 35
43 29 29 14 24
16 24 49 12 9
26 11 24 17 29
44 8 29 27 7
45 29 23 14 5
48 34 12 30 34
40 47 30 26 24
26 13 31 8 37
30 32 33 38 1
21 18 11 20 1
50 40 6 39 12
18 47 38 29 33
7 9 11 29 18
36 49 45 25 23
48 43 50 14 14
13 32 29 30 25
44 25 38 26 40
43 11 26 10 25
30 8 12 24 30
12 43 5 36 40
27 41 26 5 18
38 45 42 36 26
28 33 41 46 9
10 11 5 5 4
6 7 19 38 35
29 30 41 50 17
14 7 46 31 27
38 34 42 26 35
44 14 45 40 8
18 29 40 50 5
38 28 24 33 40
33 8 34 50 15
31 29 37 49 26
19 37 50 41 37
24 27 31 19 24
27 24 8 15 35
32 21 28 35 0
27 7 32 40 4
20 35 5 22 30
39 32 10 29 4
25 35 49 40 34
20 7 11 48 38
50 12 44 45 40
32 19 20 27 21
39 24 30 41 9
38 48 34 11 1
50 10 8 27 2
20 28 50 36 6
14 24 23 10 9
36 15 21 9 11
31 37 12 23 10
6 36 23 20 9
8 27 40 12 17
23 6 9 16 16
24 21 15 27 4
17 15 5 14 23
48 9 28 25 18
6 23 47 34 37
24 39 42 14 25
12 25 39 32 1
11 37 46 43 8
35 25 31 49 26
10 39 12 49 29
10 17 31 11 27
29 28 29 7 6
27 7 30 47 10
39 24 49 33 22
48 24 45 26 31
35 21 46 39 17
0 3 2 3 5 4 2 2 4 2 4 3 4 5 4 5 2 1 5 1 1 4 3 5 3 4 3 2 1 5 3 5 2 5 4 2 1 3 1 3 3 5 1 1 1 1 3 4 3 4 2 4 1 4 3 5 1 1 3 5 2 3 1 4 2 5 5 5 2 1 5 5 2 4 4 5 4 4 5 1 4 3 1 2 1 5 1 1 4 1 1 5 4 5 1 2 4 4 1 2
2 0 3 5 4 4 2 3 2 2 2 4 5 4 2 4 2 4 4 3 1 4 4 5 3 5 4 4 4 4 5 1 1 4 1 4 1 3 3 4 4 5 3 2 5 3 5 3 2 3 4 1 2 5 4 4 2 3 1 2 4 1 3 2 5 4 1 1 3 1 2 4 4 5 2 1 5 4 3 2 1 4 2 3 2 1 4 5 3 4 5 5 3 3 3 1 2 2 1 2
2 5 0 2 4 1 1 3 1 1 3 2 5 4 5 4 4 5 1 1 4 1 2 5 1 3 3 3 1 5 5 1 5 1 1 3 1 1 4 2 1 3 4 3 1 1 1 3 2 3 3 3 3 2 1 4 3 1 4 2 2 2 5 3 4 1 4 5 3 3 3 3 1 5 3 3 4 4 4 1 2 3 3 4 4 3 2 3 4 5 4 5 3 5 2 4 1 2 5 1
1 4 2 0 2 4 1 2 5 4 3 5 4 1 3 2 2 4 2 2 1 3 2 3 5 1 5 1 5 5 5 1 5 3 4 3 5 1 2 4 5 5 2 4 2 3 1 3 4 2 3 3 4 1 3 2 5 2 1 1 2 5 2 4 3 5 4 3 4 4 5 3 1 4 5 5 5 1 2 2 1 2 5 2 5 5 2 3 2 3 5 4 2 2 2 1 5 3 1 4
5 2 1 5 0 5 1 5 2 4 1 4 2 2 2 5 3 3 3 2 4 5 1 5 3 5 3 3 3 1 2 3 5 1 3 5 2 1 2 3 4 4 3 5 2 2 5 3 2 5 2 3 5 2 4 2 4 4 1 4 1 2 1 1 3 1 1 1 1 3 2 1 2 5 4 2 5 1 5 4 3 1 1 4 4 1 2 5 2 5 5 4 3 5 4 5 4 3 5 3
5 2 3 1 1 0 3 1 2 4 2 4 2 2 2 5 3 3 4 1 4 4 5 2 1 4 5 5 5 2 2 5 4 4 1 4 5 1 4 4 4 3 4 2 2 2 5 5 4 4 1 2 4 5 4 2 5 4 4 3 1 3 4 2 5 3 2 5 3 4 3 2 5 3 5 2 3 5 1 2 2 5 3 3 1 2 2 5 4 3 4 5 5 2 1 3 2 3 2 4
2 4 1 3 4 1 0 3 1 3 3 2 4 5 3 2 5 4 3 3 5 5 1 4 4 5 1 2 1 4 4 5 2 3 4 3 1 3 1 2 4 1 4 3 3 1 5 1 1 1 3 4 5 5 4 1 1 5 3 5 2 1 2 1 4 5 5 1 2 2 5 4 1 4 1 3 4 2 5 3 1 1 2 4 4 3 1 3 4 2 5 2 3 2 2 4 1 4 2 1
2 5 2 4 3 1 4 0 3 5 2 1 1 3 3 5 2 5 4 2 4 3 4 1 1 5 2 3 3 4 1 5 4 3 2 1 4 2 5 4 5 1 4 5 3 5 1 1 4 1 3 3 3 4 3 1 2 4 4 1 4 2 5 4 5 3 5 5 4 2 5 4 4 5 4 4 3 1 2 5 5 1 5 3 1 1 2 4 3 1 2 4 5 3 4 3 2 4 3 3
5 3 2 4 4 5 4 3 0 2 5 3 2 2 1 3 1 2 3 1 3 1 3 5 3 2 5 4 4 1 5 2 4 2 4 2 5 1 4 1 1 5 3 5 3 4 4 3 2 2 1 1 1 3 3 5 3 5 3 3 5 3 1 1 3 4 2 3 4 2 1 2 3 5 4 2 1 5 5 1 3 5 5 1 2 1 4 1 3 4 4 3 4 3 2 2 1 5 3 3
1 3 2 2 2 5 1 4 2 0 2 1 1 1 5 2 1 3 3 4 2 1 5 5 2 2 1 3 2 5 1 4 4 4 3 2 5 2 4 4 2 4 4 2 2 1 4 2 5 4 2 4 5 2 4 2 5 2 5 5 4 5 3 5 3 3 3 4 1 3 2 3 1 1 5 1 5 4 3 5 2 2 1 2 4 5 2 5 4 3 3 4 5 3 1 5 2 2 2 2
4 4 4 3 1 3 5 2 3 3 0 2 4 1 4 3 3 5 2 4 1 4 1 2 2 3 3 2 4 1 4 3 3 4 5 2 1 5 4 1 2 2 2 2 4 3 3 3 5 3 1 3 5 2 1 3 1 3 5 5 5 5 4 2 5 1 2 3 2 2 4 3 3 4 2 1 4 5 1 1 4 5 1 3 3 1 1 3 2 1 4 3 5 1 4 1 3 4 3 5
2 1 4 4 5 1 2 2 1 5 2 0 5 5 2 5 1 3 2 2 4 3 1 3 5 2 5 2 3 1 3 2 5 4 4 4 2 5 4 2 4 2 4 2 2 5 2 4 2 4 4 4 2 1 4 2 2 5 3 3 1 2 3 4 1 5 3 5 3 1 2 1 5 4 4 3 3 1 5 4 5 1 3 2 4 5 4 1 5 4 4 2 4 4 2 4 3 4 5 1
5 3 4 2 2 3 5 3 4 3 4 4 0 1 2 5 1 3 4 5 3 1 1 2 3 4 1 5 2 2 5 5 4 5 4 2 1 1 2 1 1 2 2 2 2 1 2 4 3 5 2 2 2 5 4 1 5 1 1 2 4 3 3 5 5 2 4 2 5 1 2 3 1 4 1 4 3 4 2 4 4 3 4 4 2 1 1 2 1 2 1 2 4 5 1 4 2 3 1 2
2 5 2 4 2 4 1 5 2 2 1 3 1 0 4 5 3 4 5 1 1 5 3 2 5 4 5 4 2 3 3 3 2 1 1 5 3 5 5 3 3 5 5 3 3 5 4 5 5 4 1 4 2 2 1 2 1 5 5 2 2 5 4 1 5 4 5 3 4 2 4 2 5 3 4 3 4 2 1 5 2 1 4 5 1 3 2 2 4 2 1 4 1 1 1 1 2 1 3 4
2 2 1 1 3 2 3 2 1 2 4 3 1 3 0 1 3 3 2 1 2 3 1 3 1 2 2 4 3 4 3 4 4 1 3 4 4 2 1 2 3 3 4 1 3 3 2 4 3 5 4 2 5 5 3 5 5 1 2 5 4 1 2 5 4 4 1 5 4 4 3 5 5 2 2 2 5 1 3 2 2 4 3 1 3 1 1 2 4 2 5 4 4 1 5 3 1 1 3 4
1 1 2 3 2 1 2 4 5 1 1 3 1 1 4 0 4 5 2 2 1 4 3 4 1 3 4 1 2 4 5 5 4 1 2 1 2 4 5 4 2 1 4 5 4 5 1 3 5 5 1 3 2 1 2 2 5 5 4 3 3 3 5 4 2 5 3 3 3 1 4 3 1 4 5 5 2 1 5 2 2 2 5 2 2 3 4 5 2 3 3 2 4 1 1 4 2 3 4 4
1 1 2 1 5 4 5 4 1 1 5 1 4 2 4 1 0 3 2 5 1 5 2 3 2 4 3 4 3 3 2 1 1 2 1 1 2 1 3 5 3 1 5 2 5 2 1 3 2 1 4 2 5 4 2 2 5 3 5 1 3 2 1 2 5 5 5 5 4 4 2 2 1 5 2 1 3 5 5 3 2 4 3 1 1 3 4 4 3 5 4 4 3 4 2 3 5 1 4 1
5 2 1 4 4 4 2 2 5 2 2 3 1 4 2 4 4 0 5 4 2 4 4 2 5 3 1 5 3 4 1 4 3 5 5 2 4 2 5 1 1 2 2 4 3 3 3 1 4 2 3 3 2 4 2 3 1 3 3 1 4 3 2 3 4 2 3 2 2 2 5 1 5 2 4 1 4 3 5 4 3 1 3 5 1 2 1 4 3 3 4 5 4 4 3 5 5 5 3 1
1 3 2 2 1 5 4 3 5 2 2 5 4 3 1 4 5 1 0 4 5 3 4 2 5 4 2 2 1 1 2 2 5 5 5 4 3 5 5 5 4 3 1 2 5 4 1 4 4 5 2 3 4 3 4 1 2 4 4 2 3 1 4 4 3 5 3 1 3 1 4 2 2 1 5 1 5 1 2 4 3 4 5 5 2 3 1 1 4 4 4 1 2 3 5 2 1 2 5 4
3 4 3 2 3 2 1 4 5 2 4 2 3 5 5 5 4 5 4 0 5 5 1 3 3 4 5 3 3 1 5 4 5 1 2 2 1 2 1 5 5 4 1 1 4 3 1 5 2 1 1 3 4 1 1 1 1 4 5 1 5 5 5 2 5 3 4 4 5 1 3 2 2 3 1 1 2 5 1 2 4 3 4 5 4 2 1 1 1 1 1 1 5 1 5 3 3 3 1 4
5 5 4 3 5 4 2 4 3 3 4 3 2 1 2 3 5 1 1 4 0 5 1 2 1 2 5 4 4 1 4 3 3 1 2 5 3 4 1 3 4 1 5 1 1 1 1 3 4 2 3 2 4 2 4 2 3 3 1 2 1 3 1 2 4 3 3 4 5 3 2 5 5 1 1 2 5 1 3 2 2 5 5 3 4 2 3 1 4 1 3 1 4 3 4 3 1 3 1 5
1 2 3 4 2 3 3 3 3 1 5 2 3 3 1 1 3 1 1 4 4 0 1 4 5 3 1 1 1 3 2 2 3 4 3 2 5 5 1 2 3 1 2 2 4 5 5 1 4 2 2 4 2 4 4 1 4 4 2 2 2 2 5 4 2 4 1 4 4 1 2 1 3 3 3 1 4 3 1 2 2 4 1 5 5 2 4 2 1 3 4 4 4 4 1 5 2 2 5 1
2 5 3 1 2 1 1 4 3 2 4 3 3 4 4 3 3 2 1 2 1 2 0 2 5 3 5 2 3 5 3 5 3 2 3 3 2 5 3 4 3 4 5 5 4 1 1 4 4 1 4 3 2 3 3 3 5 3 5 1 3 5 4 3 4 4 1 5 4 4 1 1 2 3 3 4 1 4 5 1 3 1 4 3 1 4 1 5 1 4 4 4 2 5 4 2 5 3 1 5
1 2 2 1 2 5 1 4 1 3 1 1 5 1 5 5 1 2 5 3 5 5 5 0 3 3 2 1 3 4 4 2 4 4 5 4 1 3 2 4 5 1 3 1 2 3 5 2 1 1 3 2 2 4 2 5 5 4 4 5 3 1 5 5 2 4 2 3 4 3 1 5 5 5 1 3 3 1 3 2 2 5 3 5 5 4 1 2 5 3 2 2 5 3 4 1 4 3 1 4
3 3 3 1 4 5 1 1 1 3 2 5 1 3 5 4 4 3 3 5 1 5 2 5 0 1 1 1 1 4 4 5 5 3 2 5 1 3 5 3 1 4 5 3 3 5 4 2 2 4 2 1 1 3 3 5 3 3 2 3 4 4 2 5 3 4 1 4 2 4 1 1 4 1 5 2 4 1 1 2 1 5 5 2 5 1 1 5 2 5 2 2 2 4 5 3 4 1 5 1
5 3 1 4 4 1 5 5 4 5 5 1 2 1 3 5 4 5 3 1 5 3 2 5 4 0 5 3 3 2 2 3 2 2 3 3 2 3 1 3 3 3 5 5 2 2 2 5 3 3 1 4 1 5 2 4 4 5 1 4 4 2 2 1 1 1 4 1 2 4 2 5 4 4 4 1 3 5 3 3 2 4 2 2 3 5 4 4 5 2 3 5 3 4 5 3 2 3 5 4
2 2 3 5 1 2 2 2 2 3 4 3 1 4 4 1 2 3 5 5 1 2 4 4 3 4 0 1 5 3 3 5 3 2 3 4 5 1 5 4 4 1 5 4 2 1 3 4 2 3 4 4 5 1 2 4 2 2 1 2 3 4 4 4 4 1 4 5 1 4 2 3 4 4 4 5 5 3 3 1 4 2 4 3 4 2 2 2 2 3 1 5 3 3 3 5 3 1 4 1
1 1 4 4 2 2 3 1 1 4 3 1 3 3 4 5 4 1 3 4 2 4 1 2 5 2 3 0 1 5 4 2 3 3 2 1 1 2 4 1 5 5 4 3 3 4 1 2 4 3 4 4 1 3 4 3 2 2 5 4 5 4 5 2 2 4 5 3 1 3 5 4 2 4 4 5 2 2 1 3 1 5 5 4 5 1 4 3 3 5 1 5 3 3 3 4 4 1 4 3
3 1 4 3 4 5 4 4 1 4 4 1 3 1 5 3 2 2 5 5 3 1 5 1 5 5 4 5 0 5 3 1 3 4 2 4 4 1 3 5 5 4 3 2 3 1 4 2 4 2 2 2 1 2 3 3 3 4 5 3 2 2 3 2 3 2 4 1 5 4 3 2 3 4 3 1 5 3 3 4 4 3 3 5 1 2 1 3 3 3 3 4 1 5 3 4 1 2 4 1
5 3 3 2 2 5 1 3 1 2 2 1 4 4 4 1 5 5 2 3 4 4 2 3 3 1 1 2 3 0 2 4 3 1 3 1 3 2 1 2 3 3 1 5 4 4 4 1 4 2 3 2 1 4 2 4 1 2 5 2 5 3 3 4 5 1 1 5 5 4 1 5 3 5 2 2 4 5 5 3 2 1 5 1 2 4 3 3 1 1 4 5 5 5 4 1 4 4 2 1
5 4 3 4 5 3 5 1 3 3 2 2 3 5 5 1 3 1 4 2 5 2 3 4 2 1 3 4 1 2 0 2 5 3 2 1 3 3 5 5 1 4 1 5 5 5 4 3 4 2 4 3 2 3 4 3 3 5 2 4 5 5 3 5 1 2 3 5 5 3 2 5 3 4 2 4 3 5 5 5 2 2 2 4 3 3 3 4 5 5 1 3 4 5 4 4 3 4 2 2
5 2 2 2 5 5 4 4 2 2 5 2 3 5 4 3 3 5 1 4 3 5 3 5 1 5 2 3 4 4 5 0 3 5 4 2 3 1 3 2 3 5 2 2 4 5 5 1 3 4 2 4 5 4 4 1 5 4 2 2 4 5 3 2 2 4 2 4 3 3 1 5 5 1 1 2 5 2 4 1 5 5 2 2 5 1 4 5 2 4 2 5 3 1 3 2 3 4 1 1
5 2 4 2 2 1 5 5 5 2 3 4 5 5 1 2 4 2 3 3 4 4 3 5 5 2 4 1 5 3 4 1 0 4 3 3 2 5 3 1 1 4 3 1 5 3 4 5 2 2 4 4 1 5 1 5 5 5 4 3 5 5 5 4 1 2 4 5 3 3 3 3 5 4 4 2 3 2 4 1 3 4 5 3 4 3 3 2 3 5 4 2 5 3 5 2 3 1 5 5
4 5 2 2 3 4 4 4 5 5 1 2 4 5 5 5 3 4 2 1 5 4 5 5 4 1 2 2 2 4 4 2 1 0 3 3 1 2 4 5 2 4 4 2 5 1 4 2 1 2 4 4 1 2 4 3 2 4 3 4 3 5 5 4 4 1 2 4 5 4 1 3 2 2 1 5 1 2 1 2 1 2 2 3 3 1 4 1 2 2 1 3 2 1 2 1 1 3 2 4
3 5 2 5 5 5 5 3 3 4 1 2 3 2 4 5 3 3 2 5 1 3 3 4 3 3 5 5 1 4 2 3 1 5 0 5 3 5 5 2 1 1 2 3 2 1 5 1 5 2 1 1 2 1 1 2 2 1 2 4 4 3 3 3 1 3 1 5 3 4 5 5 5 2 4 5 4 5 2 2 3 4 5 3 2 2 4 5 2 1 4 3 2 5 5 2 5 1 5 5
2 3 3 1 3 5 3 3 1 3 4 3 1 3 1 5 2 1 3 4 3 2 1 1 5 3 4 5 2 5 5 4 4 5 4 0 2 4 4 2 2 5 4 2 1 2 1 4 5 4 2 3 2 4 1 4 3 2 1 2 4 5 2 5 5 4 2 2 1 3 5 1 4 3 2 1 5 2 5 5 4 4 4 1 1 4 2 1 1 3 1 5 1 1 4 2 2 3 2 1
1 1 3 5 4 1 4 2 3 3 5 3 1 2 5 2 4 3 4 4 4 3 3 5 1 5 5 5 3 1 4 1 3 4 5 2 0 4 3 2 5 5 5 4 2 3 3 1 2 3 4 4 5 5 1 5 2 2 3 2 5 1 4 1 3 2 1 3 4 4 4 1 2 2 5 3 3 4 3 5 1 2 5 4 1 3 1 2 3 1 2 4 5 4 2 5 3 1 3 1
3 5 1 2 2 1 2 2 2 5 2 4 1 5 2 4 3 1 4 2 1 5 1 4 1 4 3 5 2 2 5 3 4 1 1 4 3 0 5 1 1 1 3 3 2 3 1 3 1 4 1 1 4 1 3 1 1 2 5 2 3 5 2 2 2 4 5 3 4 2 5 5 2 1 3 5 3 3 3 4 4 2 1 2 1 1 1 5 1 4 1 3 5 5 3 1 3 4 5 1
1 2 4 1 2 5 1 5 2 5 3 5 3 3 5 4 4 1 5 5 1 3 5 2 3 5 3 5 5 2 1 2 2 4 3 2 2 5 0 1 3 2 1 1 4 1 3 3 2 4 4 1 1 2 3 3 3 1 1 1 4 1 1 2 3 5 1 3 2 2 4 1 1 5 4 3 3 4 1 1 2 1 4 3 4 5 2 2 1 3 2 4 5 4 4 4 3 3 4 5
5 5 3 3 4 4 3 1 2 2 4 5 1 4 5 3 3 2 2 2 4 3 5 5 4 1 2 5 2 4 3 5 2 1 4 2 4 4 2 0 4 1 1 2 1 3 1 1 5 1 1 1 1 2 4 2 3 4 1 2 2 3 2 2 3 5 2 1 1 1 4 4 4 2 5 3 5 1 5 1 1 3 3 5 4 3 3 3 5 3 4 1 2 1 1 3 4 4 5 5
3 3 2 1 2 3 2 4 4 4 3 5 5 1 4 4 5 3 2 4 3 5 4 2 2 5 3 1 1 3 1 3 1 4 5 5 2 4 3 3 0 4 1 5 5 3 2 2 2 1 1 3 4 2 4 1 3 3 5 2 2 5 4 5 2 2 2 2 2 2 4 1 5 3 4 5 1 4 2 4 4 3 3 2 2 3 1 2 5 5 1 1 2 2 3 5 2 1 3 1
4 5 2 3 1 3 4 2 2 3 5 3 3 1 5 2 1 2 2 3 5 5 1 1 4 2 4 3 4 5 3 1 3 1 5 5 1 1 4 3 4 0 5 4 1 5 5 1 5 3 2 1 5 5 2 1 5 2 1 1 3 5 4 3 2 2 2 3 2 3 5 1 2 2 2 1 1 2 2 1 4 2 3 2 2 3 1 5 2 2 2 5 5 4 4 1 2 2 1 2
1 2 1 3 3 4 2 5 3 3 5 2 5 1 4 4 1 2 5 1 4 5 2 4 5 5 5 5 5 2 5 1 2 2 4 1 2 5 1 4 2 1 0 4 1 3 2 2 3 3 1 3 3 5 4 2 3 2 3 3 3 1 5 3 5 4 2 3 3 3 3 1 5 1 2 3 5 1 1 4 2 1 1 4 1 1 2 4 4 1 4 5 5 1 1 1 5 1 5 3
3 2 3 1 3 5 4 1 3 1 1 4 2 4 1 2 5 4 4 1 5 3 3 2 2 5 2 3 2 4 1 4 5 5 3 4 2 2 3 3 1 2 5 0 2 1 2 5 5 2 1 3 2 4 3 3 1 2 3 4 1 1 5 1 1 5 2 3 1 4 2 1 1 1 5 3 2 4 2 3 3 4 4 1 3 3 2 3 3 4 3 1 5 4 3 3 4 5 1 4
2 1 4 1 5 1 4 2 4 4 5 4 1 3 5 1 1 4 1 5 3 3 3 1 1 5 1 2 4 1 1 4 2 2 4 5 3 1 2 5 1 1 1 5 0 3 4 4 5 1 2 4 4 2 4 1 3 3 5 2 5 2 1 2 2 4 2 2 2 2 4 1 1 3 2 1 1 4 1 3 3 4 1 4 2 4 2 1 3 3 4 2 1 4 4 5 4 3 2 2
3 3 4 3 3 4 5 2 5 2 5 2 2 3 4 3 5 4 5 2 2 2 1 1 2 2 1 4 4 5 5 4 1 3 5 1 3 3 2 1 1 2 1 4 3 0 3 5 3 4 3 4 3 2 4 4 3 5 5 5 5 2 3 3 2 4 2 1 3 2 5 5 4 5 3 5 2 4 1 5 3 1 1 1 3 5 3 2 1 1 4 1 4 4 5 2 4 5 4 3
1 5 1 4 4 2 2 4 5 5 1 4 5 5 2 2 1 2 1 5 5 1 4 1 4 3 2 2 5 3 1 4 2 4 4 2 1 4 5 4 3 3 1 1 4 4 0 3 4 1 3 1 3 4 3 4 2 3 1 4 5 5 3 5 4 4 2 2 4 4 3 2 3 4 1 2 5 3 1 4 3 3 3 1 4 1 1 5 3 3 1 4 5 5 3 5 2 2 4 3
1 4 1 5 3 3 3 1 2 5 3 1 1 4 5 1 1 1 5 4 1 3 4 4 3 4 2 3 4 1 3 4 2 5 5 3 3 3 4 2 3 1 4 3 1 2 5 0 5 5 3 4 5 5 1 4 3 1 5 3 4 5 1 4 1 4 5 5 4 4 1 2 2 4 3 3 5 1 2 1 1 5 5 4 1 2 2 2 2 1 1 5 2 3 2 1 2 1 3 2
2 4 1 5 1 4 2 2 1 3 4 2 2 3 4 5 4 2 3 4 3 4 4 3 2 5 4 5 2 1 5 5 1 4 4 3 4 3 5 1 1 5 3 1 4 5 4 4 0 1 3 2 1 1 3 1 5 4 1 4 3 2 2 5 3 3 2 2 1 2 1 3 3 1 2 5 2 2 1 5 5 1 5 3 1 1 1 3 3 3 4 2 3 4 2 3 1 1 2 2
3 1 4 2 5 4 3 4 3 4 1 1 5 2 4 2 2 2 5 1 5 5 5 2 3 5 2 2 3 4 5 1 3 5 2 2 1 1 2 4 3 4 3 2 4 2 1 5 3 0 2 4 4 1 4 1 2 2 3 5 5 3 5 4 1 2 3 1 2 2 2 2 2 1 3 1 4 3 4 1 3 3 4 3 5 1 4 4 1 3 4 4 3 3 3 5 4 1 4 4
4 5 2 3 5 1 3 4 2 1 2 2 4 1 1 1 5 1 3 1 2 1 4 3 1 5 5 2 1 2 3 3 1 1 5 2 5 1 3 1 4 3 3 3 2 1 1 5 2 5 0 3 5 3 1 5 4 2 3 1 1 4 4 3 2 3 1 1 4 4 2 2 3 1 3 2 1 1 3 2 1 5 5 3 3 3 1 5 3 3 4 2 2 1 5 5 4 2 5 3
5 3 1 2 5 3 2 1 4 3 1 3 3 1 3 1 3 4 4 3 1 2 4 4 3 4 1 1 1 4 2 3 2 3 5 4 4 4 1 1 1 2 3 4 3 4 4 3 3 5 3 0 5 1 1 2 2 4 2 3 5 4 5 4 4 4 1 4 1 2 3 3 1 2 1 4 1 2 3 3 3 4 2 1 4 1 4 2 5 5 3 3 5 4 2 2 4 1 4 1
4 3 2 3 5 3 2 5 3 2 5 3 3 4 5 3 5 1 4 1 2 2 3 4 1 3 1 4 3 4 3 1 1 4 5 2 2 4 3 3 3 5 1 1 3 2 2 3 2 4 3 4 0 4 4 4 4 4 3 2 2 3 3 4 2 1 5 1 4 2 3 2 1 2 3 4 2 2 5 2 2 5 3 2 4 5 4 4 2 3 4 5 1 2 3 5 1 5 4 4
4 1 4 3 4 1 4 4 5 2 4 4 5 4 1 1 1 3 3 4 5 2 3 2 3 5 2 2 5 1 1 3 2 2 4 5 3 3 4 4 3 1 5 2 4 3 4 2 4 5 1 3 3 0 2 3 3 3 4 4 1 5 1 5 3 4 1 1 3 4 1 1 1 3 1 5 4 2 4 1 1 3 2 1 1 1 4 3 2 3 1 4 3 5 1 2 2 3 1 3
5 1 4 1 5 1 1 3 2 5 3 2 3 2 1 2 2 5 3 4 5 5 5 2 3 4 5 4 3 4 4 3 5 1 2 4 1 4 2 2 1 1 5 2 3 5 2 3 3 4 2 4 5 4 0 2 3 1 3 2 4 3 1 2 2 2 2 4 2 2 4 2 3 4 4 5 4 1 2 2 2 2 5 2 1 5 1 2 5 3 4 5 2 3 3 3 2 2 1 2
1 3 4 1 3 3 2 1 4 3 2 2 4 1 2 5 4 1 4 5 3 4 3 3 2 2 5 2 2 3 5 1 4 1 5 1 2 2 3 4 1 1 2 4 2 5 4 1 4 4 4 4 3 5 2 0 1 4 3 3 3 4 3 4 1 3 5 4 4 4 2 2 4 3 4 2 4 1 2 2 1 3 5 3 2 4 3 1 5 5 2 3 1 3 3 2 4 1 2 2
5 5 2 4 4 1 3 1 5 5 2 5 5 1 5 2 3 5 2 3 2 3 3 2 5 4 3 4 4 4 3 3 4 2 3 5 2 2 1 5 4 1 2 4 2 5 5 5 3 2 4 2 3 1 4 2 0 4 5 2 5 5 4 2 2 4 1 1 5 1 4 1 1 4 2 1 5 3 4 2 5 1 2 2 3 4 2 1 5 5 4 4 5 5 5 5 1 1 5 3
4 1 1 3 5 2 5 1 3 5 5 4 2 1 3 5 5 5 2 3 1 2 3 2 3 2 1 5 2 2 1 1 2 5 4 5 1 5 3 4 4 3 2 4 4 2 3 3 4 1 4 3 4 2 1 3 4 0 4 5 4 3 5 3 1 1 1 1 4 4 5 4 4 3 3 5 5 1 3 2 2 4 4 3 5 3 4 2 4 1 3 2 1 4 5 4 5 2 3 4
4 2 4 4 1 4 1 1 2 2 1 5 2 3 2 2 2 1 5 1 2 5 3 3 4 4 5 4 5 1 2 5 2 1 3 3 4 5 2 1 4 1 2 2 1 5 2 1 2 5 2 1 5 1 2 5 3 2 0 4 2 3 4 2 4 4 4 3 5 2 1 3 1 5 5 1 3 4 4 3 5 3 4 1 1 2 4 2 1 1 1 3 4 4 4 4 3 1 4 3
3 2 3 5 2 2 5 3 2 2 1 4 3 1 4 2 4 5 2 1 5 4 1 5 3 3 2 3 5 3 2 5 1 3 5 3 4 2 4 3 2 1 2 1 1 2 4 2 3 5 1 3 3 4 1 4 1 5 4 0 3 4 1 1 4 1 4 2 1 1 4 3 2 2 4 4 4 3 5 3 4 1 4 1 2 3 4 5 2 5 2 5 5 5 2 5 2 4 2 3
4 3 1 3 3 1 1 4 3 5 1 2 5 5 1 3 1 2 3 5 1 1 2 4 2 5 4 2 4 2 1 3 4 1 3 1 4 4 4 5 1 2 1 1 1 5 5 5 4 3 3 2 2 4 3 4 1 4 4 2 0 3 1 3 5 5 4 5 1 2 5 4 3 4 4 4 4 3 2 3 5 1 5 4 4 3 2 3 5 1 5 4 2 3 5 3 4 2 1 3
3 4 2 5 5 4 1 1 3 4 2 3 5 5 3 3 5 4 4 1 2 3 3 3 2 4 2 5 5 2 5 1 3 4 3 1 1 1 1 5 2 1 3 3 3 1 3 2 3 3 3 2 2 2 3 5 5 5 4 2 1 0 5 4 3 3 5 1 4 1 3 1 2 4 3 2 1 1 2 4 3 1 3 1 5 5 2 4 3 5 4 5 3 2 5 3 2 4 2 4
1 3 1 3 3 5 4 3 4 1 3 2 2 1 5 1 1 1 1 1 1 4 2 4 1 4 1 2 4 5 1 1 2 5 5 1 4 2 4 1 4 3 5 2 5 1 5 5 5 2 1 3 2 1 4 1 5 3 2 5 1 1 0 4 3 1 1 4 5 3 2 4 4 1 3 4 2 1 5 3 5 3 2 4 5 1 1 5 1 1 3 3 4 2 5 4 2 3 1 2
5 2 1 5 2 3 4 3 4 4 1 4 2 1 4 1 2 4 2 1 1 5 1 5 4 1 5 2 5 4 3 4 1 5 4 5 5 4 1 4 1 2 2 3 2 3 4 3 3 5 1 4 2 5 4 1 1 1 1 4 3 2 2 0 3 2 3 4 2 2 4 5 5 4 3 3 2 5 2 1 5 3 1 3 2 3 4 1 1 4 5 5 3 4 1 5 3 2 2 5
5 5 2 5 5 5 4 2 3 5 3 1 5 1 3 3 1 4 3 2 4 3 5 2 4 5 5 4 1 5 2 5 3 2 3 1 3 4 5 3 2 3 3 3 4 3 3 3 2 2 3 4 5 2 2 1 2 2 4 4 5 5 5 4 0 1 5 2 5 3 3 4 3 4 4 3 5 3 4 3 2 3 5 2 4 5 3 3 4 1 5 3 2 1 4 2 1 5 4 5
2 5 4 2 4 4 2 5 2 1 2 2 5 5 1 3 3 4 1 4 1 3 2 2 5 3 5 2 2 2 1 5 4 4 2 2 2 1 4 1 5 1 1 4 3 3 5 1 1 5 3 2 1 5 3 4 5 5 4 3 2 2 3 3 2 0 4 1 4 4 5 1 1 3 3 2 4 1 2 3 5 2 5 4 1 2 2 4 1 4 2 5 2 5 3 4 3 1 2 2
1 2 1 4 4 1 5 3 2 4 5 2 1 3 4 5 2 1 1 2 1 5 3 5 3 1 5 5 1 2 3 3 4 5 4 2 3 4 4 4 5 2 5 4 4 5 4 4 1 1 2 4 2 2 1 4 5 1 4 3 2 5 1 3 4 3 0 1 1 2 1 4 2 3 2 1 4 3 4 2 3 1 3 1 1 1 3 5 2 2 3 4 4 4 1 3 1 3 2 3
3 5 4 2 5 3 5 4 3 4 1 2 2 1 1 2 3 3 1 4 1 4 3 4 3 5 1 2 4 5 5 3 1 3 3 3 5 3 3 5 2 3 5 4 3 2 4 4 4 2 1 4 2 2 1 4 4 4 3 4 3 4 5 3 2 4 5 0 4 1 3 5 3 3 2 1 4 1 4 4 1 3 4 2 2 1 4 1 5 1 4 1 4 5 5 1 4 3 2 3
1 3 3 5 5 1 5 3 2 4 2 3 1 2 1 3 2 2 3 3 3 3 4 5 5 5 4 1 3 2 5 3 2 1 4 5 3 4 1 5 3 3 3 5 3 5 2 1 2 1 3 1 3 5 3 2 5 1 5 5 5 5 4 3 3 2 4 5 0 4 1 1 2 4 2 5 3 4 5 3 5 1 2 2 2 2 1 1 4 3 1 5 4 5 3 4 2 2 2 2
5 2 1 1 1 1 4 4 2 3 2 5 4 2 1 4 1 4 3 2 4 1 1 3 4 5 2 5 5 2 1 5 2 1 2 3 5 5 2 1 5 5 2 1 5 2 2 1 4 5 3 4 1 4 3 2 2 1 5 3 5 5 1 1 1 5 4 1 3 0 4 3 1 2 1 2 4 3 5 2 4 3 3 2 2 4 2 1 1 4 1 2 1 3 4 4 2 3 5 4
2 4 2 5 3 3 2 3 1 2 4 5 3 1 2 4 2 4 3 1 2 3 5 2 1 1 3 4 5 5 3 3 1 4 2 2 1 5 2 5 3 3 5 5 1 1 1 2 4 1 2 4 2 3 3 4 5 4 5 2 2 5 1 3 5 2 4 5 3 2 0 4 1 4 2 2 5 4 5 2 3 1 2 4 2 4 1 3 3 2 2 2 4 5 5 5 3 3 2 3
2 5 1 2 5 3 2 1 4 4 5 2 4 1 1 4 4 2 1 2 5 4 1 2 4 1 4 1 1 2 1 3 4 2 3 2 2 2 5 1 4 3 5 1 5 4 1 1 4 5 1 3 1 5 2 1 2 4 5 4 3 3 1 5 5 1 2 5 5 2 2 0 2 5 1 1 4 3 1 4 5 2 2 3 1 3 1 2 3 4 2 4 5 5 4 1 5 3 3 1
2 4 4 4 3 3 3 1 1 4 5 1 3 3 3 3 4 1 5 1 1 2 3 3 3 1 4 3 3 3 4 5 3 5 5 5 3 4 1 1 4 4 3 3 4 1 3 2 5 5 3 4 2 1 2 1 5 3 2 4 1 4 5 1 4 2 3 3 3 1 2 5 0 3 5 4 3 4 3 3 4 2 2 2 5 1 4 5 5 1 4 2 1 3 1 4 5 3 5 5
2 4 2 5 2 1 1 5 1 2 1 3 1 1 5 1 4 5 3 4 4 2 5 2 1 3 2 4 5 5 2 2 2 1 4 2 2 2 1 4 5 3 3 3 4 5 5 4 5 2 1 4 4 2 1 2 2 2 5 4 1 1 2 1 2 4 3 4 3 2 2 3 1 0 2 5 1 5 4 5 4 1 2 4 3 3 1 2 5 2 5 1 1 2 1 1 2 3 3 4
2 2 2 5 3 4 2 2 4 4 1 5 2 3 4 4 3 5 5 1 1 5 5 5 4 1 5 5 2 3 2 3 2 4 4 5 5 4 2 2 4 2 2 3 3 1 3 1 3 4 1 4 4 1 1 5 4 1 2 1 2 1 4 2 2 2 1 3 2 2 1 4 4 3 0 4 2 3 4 5 1 3 3 1 1 2 3 4 5 5 2 4 2 3 1 5 3 3 2 2
1 3 1 4 1 5 2 2 5 1 2 2 2 1 1 1 2 2 1 3 3 3 4 2 4 3 5 4 5 5 5 2 1 2 1 5 3 1 5 3 4 1 2 3 3 5 1 2 2 4 1 4 5 4 3 5 3 2 1 3 5 2 5 3 5 2 1 5 2 3 5 4 4 4 3 0 5 3 2 5 1 1 5 4 4 5 1 3 1 3 2 5 2 4 4 4 1 5 4 5
1 1 4 4 3 3 3 5 4 5 3 1 4 5 2 3 1 5 1 3 5 3 5 2 5 4 2 5 3 3 1 3 4 4 4 2 4 4 5 2 5 2 5 2 3 2 1 3 3 5 4 1 2 5 1 1 1 4 4 1 4 3 4 1 2 4 2 1 4 2 3 2 4 4 3 1 0 3 2 1 3 3 4 1 1 5 3 3 1 1 3 5 5 4 1 2 4 2 4 5
2 1 2 5 4 4 3 2 5 2 4 2 5 1 5 2 4 3 2 2 1 1 2 5 2 5 5 5 4 5 3 5 5 4 5 2 2 1 2 1 1 3 3 2 5 2 4 3 3 4 2 4 1 5 3 3 2 3 5 2 2 4 5 2 2 1 2 4 2 2 1 3 3 3 5 4 3 0 5 4 1 3 4 5 5 2 4 1 5 3 5 4 1 3 5 2 3 5 4 1
5 3 2 3 5 1 3 1 3 4 5 2 3 3 5 3 3 3 1 4 2 1 1 3 1 2 2 1 5 5 3 3 4 4 2 2 2 4 1 4 4 2 1 5 5 4 3 2 5 2 2 2 4 2 4 4 2 2 5 2 3 4 3 3 4 2 5 1 2 1 2 1 1 1 3 4 2 4 0 2 3 1 5 5 3 1 1 1 4 1 4 1 2 3 4 3 5 1 4 2
4 3 3 5 1 5 4 5 1 5 1 1 4 1 2 1 3 5 5 3 3 3 4 2 1 4 2 4 3 4 5 3 4 4 2 5 4 2 3 4 1 3 2 5 2 1 2 2 1 2 4 1 5 3 2 5 1 5 4 5 4 3 1 2 5 1 1 3 5 2 3 5 2 4 2 1 5 2 2 0 4 1 5 3 5 4 3 5 2 5 3 2 4 3 5 4 2 4 5 4
2 5 1 1 3 1 1 2 1 5 3 1 2 1 5 4 4 1 4 4 1 5 1 5 3 5 3 2 3 2 5 4 5 4 5 2 4 1 2 3 1 1 3 5 4 3 2 2 2 3 1 1 4 4 2 5 3 3 5 5 2 2 3 2 4 3 5 2 4 1 3 5 1 2 5 4 4 3 1 4 0 2 2 4 4 5 1 5 3 1 1 5 4 3 5 5 3 1 1 5
5 2 3 1 3 4 2 1 1 4 5 5 3 4 4 2 1 3 2 3 1 5 4 4 5 5 2 5 2 2 3 1 3 1 3 5 3 5 5 3 4 2 2 1 1 5 3 3 3 2 3 3 1 3 4 3 2 4 2 1 1 5 1 4 3 2 4 2 2 1 3 4 2 3 4 3 1 5 5 4 1 0 3 3 4 5 3 2 5 1 1 3 4 4 1 2 4 2 1 4
3 4 4 5 1 4 2 1 4 5 2 2 4 1 3 4 1 2 3 2 1 3 3 1 1 5 3 4 2 5 2 1 2 5 3 4 5 4 5 5 5 1 2 2 3 5 2 3 1 1 3 4 4 1 3 2 2 1 4 4 4 2 2 2 3 5 1 5 5 4 4 2 4 4 3 4 1 2 5 2 2 3 0 5 2 4 3 4 2 3 1 5 4 5 4 2 1 1 5 5
4 3 4 2 4 1 2 5 4 3 5 1 1 1 5 1 5 1 4 2 5 5 4 2 4 5 2 3 1 1 3 4 4 3 1 5 3 5 1 4 1 4 4 5 1 2 2 5 3 1 3 1 4 3 1 4 5 2 2 5 4 2 1 1 4 1 1 3 3 1 1 1 1 4 1 2 4 2 3 5 1 3 1 0 5 1 4 1 2 5 2 1 3 1 4 3 5 2 2 4
5 3 2 3 1 3 1 1 1 2 5 1 1 2 1 1 4 1 2 4 1 5 3 4 1 5 4 4 4 1 5 3 3 1 3 5 1 4 1 1 1 1 4 5 4 2 5 4 4 3 1 1 5 5 1 3 4 3 4 5 3 5 3 3 4 2 4 3 1 1 1 3 3 3 2 2 3 1 5 5 2 3 1 4 0 3 4 1 5 1 2 3 3 1 5 3 4 3 3 5
4 5 1 5 1 4 1 5 5 5 3 4 2 2 1 4 3 5 2 1 4 2 1 2 2 4 2 5 4 2 3 2 5 2 2 5 5 4 5 4 1 4 5 4 2 1 3 3 4 3 4 2 4 2 4 1 4 1 4 5 1 3 2 4 4 1 2 1 1 4 4 2 2 3 2 4 5 1 4 3 5 4 4 2 2 0 4 3 4 5 5 2 2 2 3 2 4 4 4 1
4 5 1 5 3 1 2 1 3 4 1 4 1 5 2 5 5 5 2 1 4 4 2 3 2 2 5 5 1 4 2 2 1 2 1 2 3 4 5 4 1 5 5 3 5 2 1 2 5 4 4 4 1 2 1 5 2 5 2 5 3 2 3 1 3 5 4 1 1 2 3 1 1 3 5 5 5 2 2 3 1 4 4 4 5 2 0 4 5 5 5 4 1 3 1 4 2 3 4 2
3 1 4 2 5 1 1 5 3 4 5 5 5 1 4 4 5 5 3 3 1 2 5 2 3 2 3 4 3 2 2 5 2 2 1 3 1 2 5 4 5 3 2 2 4 3 1 1 2 3 1 3 1 5 1 3 5 2 1 2 2 1 5 3 1 5 3 2 5 3 4 1 1 3 2 5 2 1 2 5 1 1 4 4 5 5 2 0 5 1 1 2 3 5 3 5 1 3 5 4
1 1 4 3 1 2 1 5 2 1 4 4 1 5 5 2 4 5 2 3 1 2 2 5 1 3 2 3 3 1 1 1 1 1 3 3 1 5 5 5 4 2 4 5 4 1 3 3 2 1 2 3 5 1 2 1 3 1 5 3 2 1 2 1 1 4 5 1 5 3 3 3 2 2 2 5 3 2 2 3 2 5 2 3 4 1 4 2 0 1 2 5 5 2 5 2 2 1 4 5
4 5 1 4 5 2 3 1 2 4 2 4 1 3 3 2 4 3 4 4 4 3 3 4 1 4 2 5 2 2 3 3 3 3 3 1 4 3 4 1 1 2 2 1 5 3 4 5 3 4 3 2 5 1 1 1 5 5 2 2 1 3 2 2 3 3 4 4 2 1 4 1 3 2 5 1 2 3 1 1 3 5 2 4 5 2 2 3 4 0 3 2 1 1 1 3 5 4 4 1
1 4 4 1 3 2 5 5 1 4 1 5 5 5 5 2 5 4 2 5 2 3 3 3 5 1 3 5 2 2 3 4 2 2 5 2 3 2 5 1 1 3 5 5 3 3 3 4 3 3 3 3 1 2 4 4 2 2 5 1 3 1 3 3 2 1 1 5 4 2 2 4 4 4 5 4 1 2 5 1 5 3 1 3 1 2 3 2 1 1 0 5 2 5 1 4 1 3 5 3
4 2 1 4 3 5 4 5 5 5 2 3 3 3 3 3 4 3 4 2 1 2 3 1 5 1 5 4 4 5 4 3 1 4 2 1 4 2 5 1 1 1 3 4 3 3 5 2 5 3 3 4 3 4 4 2 5 3 1 5 5 4 1 1 2 4 3 2 3 4 2 2 2 2 5 3 4 1 4 5 4 2 4 4 4 3 4 3 4 1 4 0 3 1 5 2 3 1 3 1
5 5 3 3 2 2 2 3 5 3 3 2 3 4 1 4 3 2 1 1 4 1 5 2 1 5 3 2 2 3 5 3 3 4 5 4 5 4 5 2 4 3 5 1 5 2 2 4 4 2 2 4 3 4 3 5 2 3 2 5 1 3 4 5 1 4 3 1 3 2 2 2 3 4 4 2 4 1 5 5 1 3 4 5 4 5 1 5 1 1 1 1 0 3 1 2 5 1 4 5
1 4 3 1 2 1 3 4 3 4 2 4 3 4 2 1 4 4 3 2 4 4 3 4 1 3 4 5 2 4 2 4 2 1 3 2 2 3 5 3 4 4 1 2 4 1 4 3 4 4 4 2 1 5 3 2 2 3 3 3 3 1 3 4 1 3 5 2 4 4 4 5 2 4 1 5 4 2 3 5 2 4 1 1 1 5 3 5 2 5 3 3 2 0 5 3 5 3 3 3
5 3 4 4 4 3 1 1 5 4 4 1 5 4 3 5 3 5 1 4 3 2 4 4 2 3 3 2 4 3 5 5 3 3 1 2 5 5 3 1 3 5 5 4 3 1 5 5 2 1 3 1 2 1 1 2 3 3 1 4 2 3 5 5 5 3 1 5 4 3 3 2 2 3 1 2 4 3 3 1 5 4 3 3 2 2 3 3 5 2 4 1 1 3 0 2 3 5 3 2
5 4 1 1 1 5 3 1 3 1 5 4 3 4 3 2 1 4 4 3 2 3 1 2 5 4 5 2 2 2 1 4 1 2 5 4 4 4 5 4 1 3 5 4 2 4 1 4 1 2 2 1 5 1 4 4 2 3 3 1 5 2 1 5 1 3 2 1 2 3 1 3 5 3 2 3 1 3 4 3 2 2 1 1 5 4 3 2 1 3 5 1 4 3 3 0 1 2 3 4
2 4 1 2 5 3 1 5 1 2 3 3 4 3 5 5 5 2 2 3 3 2 2 5 4 2 3 2 2 4 5 5 1 1 3 4 2 3 3 4 2 5 2 5 3 3 2 4 4 1 3 1 3 3 4 1 2 2 2 3 2 4 1 3 3 2 5 4 4 4 4 5 4 2 2 4 5 2 2 5 5 2 2 1 2 3 3 3 5 5 5 3 2 3 2 3 0 4 4 3
1 4 1 1 2 5 4 4 5 1 5 4 2 3 5 4 2 5 3 1 1 2 5 3 1 5 1 1 3 3 5 2 5 1 3 3 3 3 4 1 5 3 5 3 2 3 3 4 4 1 3 3 5 3 3 2 2 2 2 1 2 4 1 3 1 2 4 3 5 2 3 1 5 3 4 5 2 1 5 5 4 1 2 2 4 3 3 4 5 4 2 4 5 3 1 3 1 0 5 4
2 2 1 4 1 2 3 4 2 3 3 5 2 5 4 5 1 3 2 2 5 5 4 1 2 1 5 4 3 3 1 5 1 1 4 1 3 3 5 1 3 4 4 5 4 1 1 3 4 4 1 4 1 1 1 3 2 3 4 4 4 4 3 2 2 3 1 2 5 1 3 5 4 3 3 1 4 5 5 5 3 1 4 3 5 2 2 1 4 4 2 1 4 4 3 2 2 4 0 4
3 2 4 5 4 5 1 4 1 4 3 5 1 3 5 2 1 4 2 3 4 3 3 5 2 1 1 1 1 2 5 2 4 2 3 5 2 5 4 5 5 3 4 3 2 5 5 2 2 3 2 2 3 3 3 2 2 4 1 5 5 2 2 4 1 5 3 1 5 4 1 3 4 2 4 4 2 1 1 3 4 2 1 3 2 4 2 5 1 5 5 5 3 4 4 1 4 5 4 0
