50
8 5 13 5 34
3 7 4 5 11
33 16 30 14 8
18 16 12 13 31
9 4 6 12 11
8 9 7 6 30
3 10 3 5 16
12 10 22 15 46
3 4 9 4 9
11 5 6 9 25
6 8 7 7 10
10 23 14 10 61
16 20 7 22 43
29 16 20 29 44
22 28 22 11 42
19 19 9 8 60
17 15 17 8 23
17 11 26 14 58
16 19 15 7 4
12 10 11 10 4
16 13 20 14 6
10 19 6 21 51
12 8 19 22 38
19 36 27 18 18
10 11 13 9 1
18 29 14 26 55
4 10 11 8 15
25 31 17 30 92
32 35 12 34 46
27 19 10 10 34
8 7 4 8 17
19 23 16 16 41
7 7 10 12 26
9 23 6 12 0
3 8 4 8 9
26 16 23 33 6
18 15 10 32 12
31 27 36 10 18
14 15 11 19 42
6 9 4 4 17
33 28 19 15 54
11 5 9 10 35
17 8 12 22 2
9 17 12 16 19
13 19 16 22 38
13 14 19 13 5
10 9 4 12 37
8 8 12 5 1
25 15 35 26 96
10 8 4 8 21
0 6 14 10 1 1 3 8 5 1 1 10 11 1 18 2 11 8 10 5 12 1 3 21 1 23 1 20 14 8 2 9 2 4 4 20 20 3 13 3 22 1 2 1 6 10 2 1 18 1
5 0 31 11 4 2 1 12 1 5 3 15 3 19 21 2 6 7 11 7 20 17 13 26 1 17 2 41 10 21 4 2 3 5 2 27 1 40 15 2 1 2 13 3 23 18 6 6 30 5
17 19 0 1 4 6 8 4 17 12 11 7 1 1 1 1 15 9 1 21 4 9 13 2 9 1 11 3 6 11 19 6 13 7 3 2 9 4 12 26 1 10 12 5 11 1 1 9 4 23
9 7 4 0 4 3 5 1 7 2 13 1 2 17 4 1 1 2 1 7 2 1 1 3 3 13 3 15 12 3 12 1 6 3 3 18 6 14 1 6 10 11 1 1 1 1 5 11 15 10
1 4 2 14 0 1 3 9 4 1 1 1 15 22 12 8 7 13 12 2 13 6 15 29 1 21 1 21 18 4 2 20 2 6 2 11 3 26 1 2 17 2 8 10 5 9 1 1 7 1
1 2 29 1 1 0 3 1 2 1 1 4 14 21 6 10 7 14 10 4 5 12 2 16 3 16 1 10 24 5 1 2 3 9 3 14 4 29 1 1 13 2 11 10 18 12 2 1 18 1
1 1 33 13 4 4 0 12 1 4 3 9 8 33 24 16 2 18 11 10 10 7 13 25 5 3 6 2 32 13 3 3 6 9 1 7 3 37 7 1 12 7 12 10 20 13 1 3 2 4
14 3 12 1 10 5 10 0 19 6 13 1 3 8 1 2 1 4 1 7 2 1 1 17 6 9 1 17 2 3 12 1 5 2 18 6 4 21 1 7 7 1 1 1 3 1 5 4 16 12
3 1 23 1 2 5 1 9 0 5 3 3 16 20 18 17 1 15 1 11 20 17 20 17 5 2 6 4 46 9 2 24 7 2 1 1 2 15 2 1 15 7 10 7 18 16 1 2 4 3
1 4 13 3 1 1 3 12 1 0 1 5 1 10 22 10 9 11 8 3 13 7 6 13 1 11 1 24 34 6 2 2 2 4 4 6 2 12 4 2 19 2 7 6 9 8 1 1 26 1
1 3 17 10 1 1 2 1 4 1 0 4 8 20 12 7 14 6 12 6 7 6 10 1 7 5 2 1 38 9 1 2 1 2 1 9 6 21 2 1 5 2 3 4 7 7 3 2 17 1
7 19 3 1 11 8 3 1 12 4 6 0 1 16 2 1 1 3 1 2 3 1 1 11 1 10 3 16 14 4 2 6 6 2 5 2 9 2 1 2 19 1 1 1 6 1 5 10 2 10
2 16 10 1 7 12 5 3 3 5 14 3 0 12 7 3 2 1 3 3 1 3 1 5 3 3 4 19 3 1 11 4 7 7 19 12 5 14 3 12 15 14 3 1 1 2 4 10 7 16
27 3 1 14 1 27 12 13 17 22 18 2 12 0 1 15 18 9 15 23 8 18 11 1 23 3 1 2 2 4 20 5 22 8 12 1 6 1 14 18 1 20 4 3 3 4 23 9 2 6
2 27 2 7 16 13 15 1 9 9 25 4 5 4 0 12 1 3 8 19 8 3 5 2 15 2 11 8 2 6 18 2 1 1 4 7 1 4 5 11 2 2 8 8 5 11 18 9 5 20
9 3 6 1 1 10 3 1 7 8 6 1 4 9 12 0 1 5 1 5 4 1 3 19 6 9 4 24 6 3 5 3 2 2 11 15 7 4 1 9 11 5 2 1 5 2 10 7 5 7
4 3 17 1 1 2 1 1 18 9 1 1 3 15 10 1 0 5 1 7 1 1 1 12 4 1 9 21 21 4 5 8 10 1 9 2 1 15 1 8 13 3 1 1 5 1 2 4 8 13
2 20 6 1 1 9 19 1 17 15 12 1 1 3 7 2 5 0 2 9 2 2 1 14 9 8 15 15 12 1 10 1 8 1 21 10 2 5 3 3 4 7 2 3 1 3 7 11 14 5
4 6 11 1 13 10 17 1 5 10 10 1 2 8 1 1 1 2 0 4 2 1 1 4 6 4 5 4 26 3 15 6 7 3 8 5 2 8 1 15 5 8 1 1 2 1 2 9 17 10
3 3 5 3 6 3 4 8 11 4 4 3 2 12 17 5 1 6 5 0 4 6 6 12 1 22 4 25 15 11 6 13 1 3 8 19 15 14 3 6 14 2 4 4 10 3 2 1 16 5
1 14 11 2 13 11 10 1 17 3 14 1 1 1 5 1 2 1 3 4 0 3 1 8 9 6 11 7 1 1 2 3 7 3 18 7 6 12 1 12 3 6 2 3 3 1 5 6 2 3
7 5 5 1 8 7 5 1 14 12 8 1 3 5 11 1 1 5 1 6 1 0 2 3 1 15 10 1 23 4 5 9 8 2 11 17 8 24 1 11 14 3 1 1 1 1 2 10 3 6
2 11 9 1 4 11 13 1 3 14 12 2 2 16 6 3 1 3 2 8 1 2 0 6 8 12 4 15 17 2 10 4 10 5 7 2 3 16 1 14 9 10 1 1 2 1 8 1 5 14
21 25 2 12 22 24 36 8 20 21 16 17 12 1 5 19 6 14 10 24 13 9 17 0 19 3 11 1 2 15 32 10 7 18 28 1 9 1 8 8 1 7 13 21 6 9 12 8 1 17
4 9 14 2 3 5 2 5 2 1 7 6 3 2 4 1 4 6 1 1 9 5 2 19 0 21 5 11 7 7 2 13 3 2 7 27 3 25 7 3 24 2 3 5 1 1 4 3 23 2
10 15 3 2 17 11 8 11 12 5 17 6 6 3 2 4 14 3 8 4 9 14 3 6 20 0 6 3 13 6 22 1 8 6 25 4 2 2 6 6 2 11 5 16 3 8 14 8 5 17
1 6 4 6 1 1 5 12 6 1 2 7 16 4 21 10 5 17 6 1 14 1 9 1 3 14 0 9 40 7 3 8 1 2 2 30 16 28 8 2 2 1 3 2 14 13 1 1 26 1
32 7 3 1 7 21 17 22 22 27 14 12 7 4 10 6 17 2 14 6 3 23 2 1 24 7 17 0 4 17 11 11 23 13 2 1 7 1 15 29 3 23 4 1 4 18 11 20 1 22
21 41 4 14 11 21 28 5 28 17 27 27 15 9 11 28 9 20 18 33 1 9 8 2 3 1 14 3 0 16 24 11 9 10 29 7 4 2 9 2 1 26 15 20 12 13 34 33 5 11
14 3 4 1 14 6 4 2 5 15 19 3 1 3 6 3 4 1 3 3 1 4 1 15 9 2 2 9 17 0 12 3 2 3 14 10 2 19 3 20 6 4 1 6 2 2 10 5 5 1
1 2 9 8 2 1 2 5 3 1 1 15 12 17 18 2 11 5 15 2 3 8 11 5 3 8 1 3 27 8 0 9 3 4 2 35 14 23 4 2 2 1 12 4 19 5 3 2 34 1
8 13 1 7 13 15 13 3 3 8 23 7 4 9 3 2 4 3 2 1 3 2 1 3 13 6 16 9 6 3 9 0 5 2 8 9 1 4 6 20 4 11 3 8 1 7 18 4 3 20
2 6 18 4 2 3 6 3 2 1 2 10 4 19 8 2 10 6 4 1 11 2 12 6 2 24 1 8 5 12 3 15 0 6 2 2 8 5 1 6 27 1 5 9 5 5 1 1 29 2
6 2 1 4 5 9 1 3 13 7 9 3 2 16 4 1 2 2 3 2 5 2 2 21 1 9 6 19 10 3 6 11 4 0 5 23 5 20 4 4 22 5 3 2 1 4 7 8 8 3
4 1 6 18 2 1 1 6 1 2 1 8 11 11 6 9 6 8 12 9 11 10 7 30 3 7 5 30 39 8 2 7 4 9 0 2 22 40 11 1 8 6 16 10 23 1 1 2 11 1
27 24 1 5 28 28 31 1 17 11 11 19 12 2 2 6 10 15 13 22 16 14 2 1 14 1 32 2 1 8 7 11 10 15 12 0 9 2 18 20 1 24 9 14 2 12 2 16 1 20
19 5 2 8 12 17 23 8 22 6 14 3 3 6 1 8 1 3 9 5 1 8 2 7 13 6 10 11 15 3 24 1 4 5 1 4 0 12 5 25 1 5 5 2 2 2 6 2 11 13
17 29 1 1 33 13 18 14 29 20 13 13 16 5 6 7 22 16 13 29 17 9 17 2 30 7 6 1 3 19 9 14 3 27 25 3 8 0 1 9 2 6 8 18 9 12 19 6 1 34
5 10 17 1 5 12 10 1 19 5 13 1 1 1 3 2 1 1 1 2 1 1 1 7 1 4 4 6 11 1 8 4 5 2 17 2 7 10 0 4 3 6 1 2 1 1 12 6 11 9
3 1 17 10 1 3 1 11 1 3 1 13 2 31 9 14 13 3 7 2 7 13 10 26 2 17 3 18 11 21 1 25 3 2 1 28 21 32 8 0 26 1 7 12 2 9 5 3 16 2
18 35 1 4 14 25 27 1 25 17 17 13 4 1 4 14 6 8 1 20 7 16 2 1 18 4 31 2 9 11 12 6 26 13 17 1 6 2 9 27 0 17 13 3 11 12 13 30 2 31
2 4 1 8 1 2 1 12 2 1 3 3 11 21 2 9 10 16 1 1 3 10 1 13 4 1 1 21 30 7 2 11 1 1 4 29 7 9 10 4 23 0 10 9 16 7 1 1 4 2
2 7 9 1 5 8 9 1 16 11 15 1 2 10 3 1 1 4 1 7 2 1 1 7 4 7 8 14 24 1 8 2 1 3 9 1 4 17 1 15 18 6 0 1 2 1 5 5 19 8
9 15 6 2 3 5 9 2 1 3 12 1 3 18 11 1 1 6 1 5 3 1 3 16 1 1 5 24 27 3 10 2 4 1 4 18 4 9 1 11 9 9 1 0 1 1 3 5 10 7
11 23 6 5 14 10 2 3 24 1 6 5 1 11 6 4 1 1 6 8 1 4 3 5 9 6 8 2 17 2 19 1 7 7 19 1 1 8 5 18 6 11 5 7 0 1 15 1 4 5
11 11 14 1 7 14 9 1 5 14 7 1 1 17 4 1 1 1 1 4 2 1 1 17 8 10 3 16 22 2 3 7 7 4 11 7 4 11 1 1 14 6 1 1 4 0 7 6 4 3
1 4 21 7 1 1 3 12 7 1 2 11 13 15 6 10 7 2 10 4 7 3 7 14 4 12 1 24 34 7 3 3 1 2 4 16 5 28 7 1 19 1 7 6 13 7 0 1 8 1
1 2 15 2 1 1 3 10 6 1 1 7 12 20 23 2 8 14 10 3 15 8 11 7 3 12 1 18 13 2 1 9 1 8 3 19 12 14 2 1 20 1 10 10 7 6 1 0 3 1
29 9 1 7 22 26 36 8 27 10 8 21 4 1 1 4 1 1 16 2 11 12 2 1 23 3 3 1 2 9 6 12 4 21 38 1 2 1 17 17 3 6 7 10 8 7 14 11 0 17
1 2 6 4 1 1 1 11 2 1 1 4 5 25 10 12 11 8 9 6 6 7 1 18 3 2 1 21 22 13 1 14 3 4 2 18 5 32 11 1 28 2 10 8 3 4 1 1 33 0
