150
6 3 6 8 23
32 31 17 13 43
19 22 10 20 45
14 17 20 20 12
28 20 11 18 62
21 19 16 22 45
11 8 10 6 31
27 27 23 31 78
16 13 21 22 56
18 7 13 10 0
30 17 37 10 12
15 29 36 29 49
17 29 15 23 60
18 21 13 16 60
3 5 5 4 4
28 10 18 22 3
19 22 35 16 77
17 14 9 9 9
4 7 6 5 17
21 8 8 7 32
19 18 8 8 35
20 17 22 21 50
13 12 19 17 29
32 25 13 13 6
11 5 9 11 33
6 4 5 9 17
3 4 12 9 24
10 13 15 22 8
3 9 13 5 25
9 8 6 19 33
21 22 10 22 33
4 8 11 5 10
15 19 20 7 42
15 33 28 16 34
21 16 13 11 9
7 16 15 10 17
20 16 16 14 35
7 12 14 14 43
17 16 17 14 52
16 10 30 18 10
5 9 4 8 4
7 3 5 6 4
13 19 18 32 55
16 35 25 32 56
19 34 11 11 76
29 27 20 15 73
25 16 15 34 46
26 23 33 9 79
14 18 33 23 13
23 26 35 13 91
19 29 26 20 2
13 13 25 14 17
15 22 15 16 36
13 16 18 9 21
13 11 12 18 31
18 23 20 20 33
12 4 7 4 31
10 22 13 13 31
5 11 13 4 10
12 14 11 18 20
7 11 6 6 7
6 3 11 6 30
13 16 16 28 9
32 22 34 27 48
14 7 6 22 44
8 4 7 12 9
4 10 7 12 29
36 17 18 21 36
32 26 24 17 44
34 22 31 9 100
5 6 13 5 0
10 23 8 8 54
5 4 5 11 12
20 18 7 15 4
14 16 6 10 15
20 12 22 22 75
8 10 9 4 36
31 14 25 13 84
16 23 10 20 65
11 6 8 6 18
5 3 10 4 3
13 16 7 10 48
13 11 22 9 2
22 12 10 13 43
27 33 11 32 66
26 12 24 29 17
27 34 17 33 24
17 18 21 11 4
22 36 16 8 46
7 10 12 7 35
18 19 11 21 64
3 5 9 4 5
9 10 13 12 1
7 11 12 11 15
26 32 19 14 40
7 13 7 19 13
18 29 14 10 56
26 12 17 20 62
21 21 10 16 50
21 33 22 26 43
32 11 20 10 24
10 5 13 8 28
35 21 35 27 119
31 36 30 21 74
18 19 14 19 68
7 17 6 21 45
15 11 15 12 18
10 11 16 7 43
21 19 13 5 36
25 22 14 15 28
8 22 11 15 10
11 4 7 11 21
5 11 7 5 6
15 7 19 19 63
30 31 22 21 20
15 23 31 30 7
21 26 14 32 56
33 14 29 18 13
12 18 7 14 44
8 6 10 10 16
8 4 3 12 12
15 34 35 28 79
10 6 4 8 29
16 14 14 22 19
23 24 34 20 2
10 4 13 9 37
18 21 12 11 40
22 26 15 32 42
11 7 9 8 21
8 8 10 10 3
16 24 12 27 44
10 5 5 12 7
13 23 17 5 37
21 23 14 10 16
21 35 18 21 56
5 9 12 5 1
31 27 33 19 6
5 11 12 12 32
14 32 22 28 33
6 9 3 5 25
23 36 14 13 69
16 20 6 20 17
4 6 12 11 38
13 13 20 28 73
23 36 24 12 33
18 7 9 20 2
29 19 21 21 22
15 17 9 9 54
6 5 5 5 26
34 10 36 15 86
0 18 13 10 20 23 1 40 22 12 18 36 8 6 3 10 8 6 1 9 12 18 2 12 6 1 1 6 1 7 1 1 11 26 11 9 4 11 18 12 1 1 1 26 19 33 1 11 28 9 23 3 15 11 1 10 1 16 1 8 1 1 8 14 12 1 4 26 13 36 1 8 1 3 6 5 2 29 15 4 1 4 15 13 2 22 14 11 24 1 4 1 3 9 19 1 3 4 8 20 13 5 17 35 20 10 13 2 6 3 14 1 2 15 32 18 35 22 10 4 1 21 2 11 33 2 18 33 3 4 16 3 10 8 5 4 10 1 23 1 23 15 4 3 18 9 4 3 1 2
7 0 11 11 5 6 26 2 6 11 1 6 1 6 16 7 1 15 11 15 13 3 12 4 19 9 21 1 14 7 1 6 13 1 16 2 9 21 5 4 2 13 1 6 7 1 1 1 1 1 1 2 3 7 19 6 17 8 8 15 30 26 10 3 6 14 25 1 3 1 18 5 6 1 2 1 16 1 5 25 14 12 2 18 1 1 2 6 1 1 6 12 18 19 1 10 7 7 12 3 3 2 8 8 10 12 1 17 12 3 3 6 16 12 4 2 1 1 12 29 26 3 2 7 3 20 7 1 17 21 6 22 2 9 1 30 7 3 1 28 1 2 4 4 1 7 1 5 23 1
22 4 0 1 1 1 17 14 1 1 10 10 3 1 12 2 8 10 5 8 6 4 4 1 7 21 4 5 1 12 2 1 5 10 5 5 1 9 1 1 21 24 2 18 2 3 1 10 5 2 6 1 1 5 6 1 14 2 13 6 9 9 1 10 2 5 2 7 13 3 12 7 3 5 2 2 12 6 1 16 16 5 5 3 14 1 13 1 4 5 1 6 1 3 8 4 1 2 1 11 1 17 14 15 1 1 5 7 4 2 6 19 9 5 2 6 8 9 1 9 13 20 11 2 5 9 2 5 10 10 4 8 2 1 7 12 14 10 9 1 4 2 18 1 11 4 7 8 19 12
6 7 1 0 2 3 14 5 1 7 9 2 2 1 1 3 2 3 4 9 8 3 4 3 13 9 9 2 10 3 2 4 5 1 3 1 1 2 2 1 7 18 3 16 2 2 9 5 1 12 11 1 1 2 2 1 18 6 16 5 16 13 1 11 11 12 2 2 1 10 10 6 8 4 3 1 19 2 1 10 20 9 4 4 16 4 8 1 2 5 1 17 13 11 8 4 1 1 1 14 1 11 17 1 1 2 6 12 5 2 4 6 14 5 15 1 7 1 4 8 3 2 1 1 10 10 3 9 9 5 4 6 6 1 10 11 2 4 10 11 5 2 5 1 3 1 7 5 25 8
12 3 1 1 0 1 7 9 2 7 7 16 2 1 17 1 5 4 10 14 4 1 5 2 2 4 10 3 7 9 1 8 2 2 1 5 3 5 1 1 9 21 1 7 1 3 5 3 1 7 8 6 1 2 3 2 18 3 21 2 3 12 2 12 4 12 5 5 1 9 20 6 8 5 2 1 2 3 2 23 19 4 10 3 11 2 5 5 1 9 4 24 1 15 6 7 2 1 3 9 2 20 2 16 1 9 8 9 7 1 5 8 15 6 7 5 5 7 10 19 1 11 1 1 7 20 6 3 17 8 1 19 8 4 5 19 10 6 6 27 2 1 6 1 8 7 2 12 11 6
11 7 3 1 1 0 6 9 3 10 6 14 3 2 14 1 6 9 13 5 5 1 2 2 5 16 8 3 15 13 1 15 5 4 8 8 6 11 2 1 12 5 2 1 1 2 2 4 3 1 3 3 5 8 2 1 19 7 11 1 23 24 1 3 7 22 2 7 9 5 15 5 4 6 6 1 4 2 3 8 8 4 10 1 6 1 11 2 2 15 1 1 1 18 2 11 1 1 3 2 2 17 12 4 2 11 2 15 7 1 10 12 12 7 1 7 4 3 8 13 3 1 16 3 5 16 6 7 17 6 1 1 8 2 5 22 5 17 2 12 3 1 13 1 8 9 2 6 18 2
2 27 18 13 1 9 0 15 6 5 25 25 6 13 9 16 26 3 1 3 8 16 3 18 1 4 1 7 2 2 12 3 7 3 1 2 3 6 12 2 3 1 6 27 8 24 16 22 19 14 7 5 16 7 9 8 3 5 1 4 1 2 10 4 7 1 1 7 2 4 2 4 2 1 2 13 1 24 8 1 5 5 7 8 1 3 38 14 11 1 13 2 1 3 27 4 1 12 14 13 6 1 39 17 11 7 9 2 8 4 9 1 1 2 31 30 15 8 4 1 1 18 3 12 13 1 10 1 1 1 8 1 3 12 7 1 16 1 8 5 24 4 1 15 1 4 2 5 1 23
24 6 17 1 15 7 25 0 18 22 7 1 12 2 5 13 4 3 33 29 16 8 23 11 17 21 26 15 39 12 16 31 9 8 2 9 12 12 7 4 33 19 5 1 15 1 4 5 4 5 3 2 2 26 24 13 10 23 29 1 39 36 4 2 28 36 30 4 1 6 33 16 40 12 30 7 8 9 19 1 10 6 1 9 2 6 1 11 12 18 15 15 7 23 6 9 7 15 15 3 10 24 5 2 19 3 16 20 14 6 5 13 16 16 2 3 3 3 2 26 19 2 37 14 2 24 2 2 14 2 4 21 14 15 4 17 1 31 3 33 11 2 37 12 3 21 7 14 41 1
15 6 1 1 1 3 12 4 0 4 10 7 6 2 1 1 9 1 3 7 3 4 4 1 18 20 20 4 8 1 1 4 5 7 2 7 1 7 1 1 22 8 5 5 1 2 5 2 7 9 1 2 2 8 2 2 21 4 8 2 15 7 1 12 3 4 6 9 11 1 4 3 3 1 3 1 3 3 1 3 24 4 1 3 14 4 10 1 5 6 1 11 9 8 1 13 1 1 1 8 1 15 12 3 1 7 6 11 7 2 6 9 9 1 9 4 9 3 10 14 8 12 5 2 4 8 2 2 3 7 1 7 6 2 4 12 16 5 8 24 2 2 2 1 6 9 1 1 3 1
2 10 9 10 9 2 2 19 5 0 10 21 15 2 1 7 17 1 7 1 1 1 3 14 6 1 10 5 3 2 11 5 2 4 1 1 9 1 8 8 5 6 17 15 6 10 10 21 3 12 22 2 10 4 2 16 9 5 7 1 8 11 8 11 1 4 3 7 20 3 9 1 9 1 1 5 8 9 8 5 6 1 2 2 5 5 23 7 8 1 10 9 2 1 9 1 7 11 9 21 3 6 4 29 2 1 2 2 1 13 4 2 8 5 8 20 16 21 1 1 4 2 1 9 8 6 2 21 1 6 11 8 5 2 8 6 5 4 18 10 16 6 7 8 13 1 3 1 6 18
28 1 10 3 6 6 15 7 4 22 0 7 2 8 31 6 1 4 33 13 15 4 8 3 2 29 4 14 2 25 5 32 2 1 8 2 14 18 15 5 26 7 1 6 6 1 2 1 1 1 1 3 10 17 19 1 33 14 6 8 2 15 2 4 1 28 5 1 1 1 3 22 30 10 3 7 8 5 2 29 9 21 18 7 3 1 7 10 4 4 11 19 11 1 1 12 3 8 10 1 2 23 8 3 8 17 2 12 3 1 12 3 6 4 4 1 1 1 14 15 2 6 33 12 1 28 15 1 14 17 2 31 9 3 1 5 5 13 1 20 4 2 20 8 1 9 2 18 4 1
22 3 11 15 6 13 11 1 16 10 4 0 7 16 19 14 3 26 40 2 9 3 1 3 20 30 21 20 28 13 1 10 7 8 14 24 2 18 13 2 32 41 9 1 9 1 6 7 5 2 2 9 3 14 7 4 30 4 23 22 10 10 4 1 8 35 21 7 3 6 25 8 10 3 18 8 22 7 8 30 5 13 19 14 1 9 1 21 4 1 4 6 7 31 8 24 11 8 9 3 7 14 3 3 11 13 18 18 16 8 16 5 26 1 1 1 7 3 8 17 41 1 31 3 3 24 15 4 24 10 10 24 12 9 6 12 1 31 2 16 3 10 13 11 2 17 4 27 11 1
22 3 1 1 3 2 21 8 4 13 2 12 0 2 20 1 1 9 11 7 10 2 3 1 10 7 8 4 1 3 4 24 8 2 5 9 5 3 3 3 24 4 1 8 2 1 2 2 2 6 4 1 5 11 14 1 15 8 12 5 20 29 1 2 6 19 25 3 1 6 18 13 8 6 18 4 5 1 6 1 8 18 2 6 7 2 12 8 1 9 7 17 5 16 3 4 3 3 4 8 1 19 1 16 7 13 2 20 5 2 8 16 8 3 1 4 3 1 7 22 18 2 21 7 8 1 7 4 2 9 2 19 8 5 2 10 8 18 1 3 1 9 19 5 2 8 1 1 14 5
17 10 1 1 2 1 9 6 2 6 10 9 4 0 9 5 3 7 8 11 3 4 3 6 12 12 10 4 13 1 2 15 1 12 3 2 1 10 1 2 11 13 5 8 2 7 8 3 10 6 11 1 1 5 4 2 9 2 10 2 9 7 2 23 8 14 6 2 2 9 18 5 14 3 8 3 4 4 1 1 22 6 5 2 6 11 2 1 2 7 1 1 7 9 5 3 1 3 1 2 2 15 6 5 1 2 6 11 1 4 5 13 4 3 3 11 3 1 7 4 11 8 13 1 9 1 1 6 2 3 1 3 4 1 7 11 2 1 9 15 3 3 12 1 4 5 9 2 23 8
2 31 6 9 9 15 2 29 23 5 26 38 19 18 0 22 18 13 2 10 9 24 17 13 7 3 4 6 2 6 14 2 16 8 12 3 14 12 5 28 1 1 5 24 10 9 11 18 19 4 13 5 19 19 3 32 2 16 8 12 4 4 24 9 4 2 5 13 14 29 6 14 3 5 6 13 7 26 25 7 2 4 11 11 39 7 34 12 1 6 19 2 5 12 24 3 27 19 17 10 27 4 26 7 16 12 10 7 6 7 6 1 3 8 10 20 18 15 5 1 4 32 1 1 8 1 16 27 2 1 1 2 1 6 6 7 2 10 19 3 2 7 7 22 21 8 7 3 1 35
27 6 2 3 1 1 1 4 2 11 3 2 1 4 30 0 6 4 27 15 9 1 7 2 8 23 3 4 21 5 1 20 8 7 1 11 1 11 4 2 8 10 2 6 1 6 4 6 1 7 4 5 4 1 7 1 12 5 6 8 3 15 1 6 9 1 8 7 2 4 18 12 10 5 11 1 18 2 2 5 28 16 8 9 10 2 7 1 2 13 3 22 15 16 1 5 1 1 3 3 2 17 12 4 2 10 11 12 9 1 10 13 9 7 8 8 5 7 2 13 7 16 15 5 1 21 6 6 15 9 1 21 8 3 8 16 3 1 4 1 4 3 10 2 5 11 1 12 13 3
6 1 4 10 7 4 10 4 6 15 1 3 1 6 15 6 0 17 12 24 16 1 9 2 21 23 15 4 5 1 8 16 6 1 12 22 10 21 10 1 3 10 4 7 7 1 1 1 1 2 1 8 7 2 10 1 14 13 20 16 7 10 2 2 5 4 20 1 3 2 17 7 23 9 1 7 28 4 4 9 2 18 11 14 3 1 6 1 2 19 3 24 4 14 1 15 4 3 12 1 1 19 8 7 5 5 17 12 4 8 11 16 22 1 3 1 1 1 10 11 5 7 10 2 4 22 13 1 22 25 5 12 8 2 1 9 9 18 2 33 2 12 26 9 1 9 1 9 8 1
11 15 8 4 7 10 6 23 9 1 12 1 3 7 2 14 14 0 12 2 2 10 3 3 1 3 9 2 4 3 5 4 4 19 6 1 8 1 2 2 1 6 1 2 2 13 13 21 13 9 2 5 1 2 1 10 1 4 2 2 5 2 5 8 1 9 8 5 17 4 3 1 4 4 1 2 5 13 8 3 13 1 3 2 25 6 15 8 3 6 3 13 2 4 7 1 6 6 7 21 4 3 12 23 5 1 2 1 4 3 1 6 3 5 27 10 1 17 1 4 7 9 2 6 7 1 3 4 1 5 14 6 4 9 3 1 29 4 8 7 16 3 4 3 16 1 13 1 1 10
1 35 5 15 16 13 5 40 15 10 16 9 14 19 2 25 33 13 0 11 5 13 12 28 5 1 3 14 1 5 8 3 11 22 6 1 14 1 3 13 2 1 16 15 17 25 27 2 27 17 10 6 5 12 8 3 2 7 5 10 2 2 14 35 7 1 3 30 37 27 3 3 1 6 2 18 1 15 12 2 1 8 8 4 30 14 21 15 13 5 7 1 7 8 19 2 12 5 2 8 11 2 2 32 13 12 14 8 5 20 10 1 3 2 20 17 1 19 5 5 2 42 1 16 31 4 11 23 5 7 12 1 2 3 22 2 11 5 37 1 12 1 2 19 12 2 20 1 1 6
1 10 8 4 9 15 4 25 2 1 15 9 14 3 3 6 18 2 8 0 1 9 2 2 1 8 4 7 2 1 4 7 3 11 5 1 6 1 4 5 9 9 19 26 3 21 1 9 17 2 2 8 9 1 1 13 6 7 5 5 6 8 9 22 2 6 4 17 1 26 1 2 6 6 1 13 4 11 12 3 10 1 3 4 8 10 8 7 4 1 7 9 1 1 16 1 1 8 5 5 7 4 2 37 1 1 1 1 6 7 2 4 4 8 17 20 16 5 3 2 7 10 8 9 27 2 5 7 1 1 1 3 4 6 4 1 25 1 8 2 1 1 3 2 20 4 13 2 2 19
1 1 1 3 11 3 7 26 6 1 12 28 2 4 15 12 6 1 15 3 0 7 4 11 6 13 4 3 10 5 10 11 4 9 1 2 3 3 3 8 6 5 8 27 7 1 16 5 10 18 20 6 2 1 1 4 7 1 5 1 2 4 3 2 1 1 9 12 14 12 2 2 9 3 3 1 9 6 5 4 2 2 1 1 23 7 20 2 7 3 5 8 3 2 8 3 3 8 1 20 9 1 22 18 8 1 1 1 2 2 1 3 8 1 10 18 7 1 1 1 5 1 4 5 14 3 2 18 4 5 4 9 1 5 14 5 15 1 4 9 11 1 3 6 19 1 12 1 3 20
10 2 2 4 1 1 18 7 4 8 4 11 1 2 29 1 1 13 1 6 6 0 6 1 13 11 17 10 13 11 2 10 3 2 8 15 2 3 6 3 13 2 1 10 2 1 1 5 3 5 2 2 3 12 12 1 20 9 20 3 12 15 1 15 2 1 10 2 3 2 7 10 20 7 10 2 24 1 2 18 18 14 10 5 10 1 11 2 1 11 4 27 13 5 3 17 3 1 4 10 2 11 15 9 3 2 5 13 3 2 11 7 6 7 5 7 2 5 13 11 26 5 25 7 1 22 8 4 16 12 1 8 1 5 1 19 9 20 2 20 1 2 21 3 2 5 3 11 9 4
3 15 4 4 2 2 1 5 4 4 9 16 8 2 4 4 10 1 1 6 3 4 0 4 12 3 11 1 13 8 5 11 1 4 1 4 1 2 1 2 5 12 3 13 6 7 10 1 11 16 12 1 1 2 2 5 17 1 3 3 11 17 1 5 4 9 10 5 17 8 10 6 3 1 2 3 12 1 1 13 19 1 1 2 20 10 11 3 3 6 4 12 2 1 8 5 4 7 1 11 2 4 6 2 1 1 2 1 1 5 2 11 10 1 5 8 2 13 3 5 14 18 7 1 7 12 1 1 8 9 4 10 1 2 15 1 22 6 14 16 3 1 10 2 14 2 6 4 6 6
10 2 5 2 2 2 16 2 2 5 5 13 1 3 27 1 2 9 7 7 15 1 5 0 5 12 11 3 11 5 2 26 7 3 8 15 2 11 8 1 2 25 1 8 1 3 2 3 2 3 5 5 5 11 12 1 8 9 4 2 5 5 2 2 14 21 23 2 3 3 17 5 27 3 9 3 8 1 1 24 10 8 5 2 3 4 11 7 1 1 2 12 7 18 1 18 6 4 4 1 2 14 4 12 5 11 14 15 2 2 3 8 14 7 10 5 3 5 10 8 27 4 5 4 7 16 10 2 15 12 1 14 10 5 4 24 10 18 6 20 1 4 9 4 2 3 1 2 12 4
6 11 15 16 10 2 1 34 14 2 2 18 14 14 1 3 24 2 2 3 4 20 12 13 0 6 2 4 1 2 13 1 9 19 12 2 2 1 3 2 1 7 13 30 2 17 19 25 21 13 9 4 12 6 9 2 4 11 1 4 2 4 10 30 3 1 1 6 27 10 3 2 1 11 3 12 1 19 13 1 6 2 9 9 30 6 6 3 23 1 16 5 2 1 10 5 16 4 8 1 13 1 2 37 15 3 5 3 8 9 5 1 1 6 5 21 21 5 7 1 1 38 4 3 16 1 2 20 1 1 7 2 3 10 23 2 29 2 16 1 3 8 1 12 13 4 27 7 1 23
1 26 10 16 3 26 1 14 5 1 8 37 21 11 3 14 1 7 1 10 10 14 10 4 2 0 2 8 3 4 1 2 15 2 7 1 1 4 14 14 1 1 26 13 25 32 2 26 2 32 18 9 16 4 9 24 1 9 1 1 2 1 21 21 8 2 3 6 31 2 1 10 1 1 2 3 1 24 10 1 1 7 7 4 39 25 13 5 27 3 7 1 8 4 27 8 20 17 12 20 7 3 18 40 16 12 14 10 17 22 5 4 2 2 8 21 13 35 5 1 1 2 1 21 38 6 12 12 2 4 23 2 14 20 14 2 39 4 34 1 20 15 1 20 28 10 7 4 1 35
2 8 19 2 6 11 2 16 6 7 28 26 28 11 3 21 20 9 3 7 1 22 11 24 4 1 0 3 1 7 18 1 7 8 14 7 16 9 15 12 1 3 1 27 22 5 6 30 5 20 27 17 19 9 3 19 1 4 2 6 1 1 11 18 8 1 2 9 18 27 1 6 1 13 7 9 1 27 15 1 3 9 1 2 23 8 19 2 7 4 10 2 7 4 28 1 4 9 19 9 12 4 20 7 14 4 3 8 11 15 13 2 1 13 24 34 24 30 2 2 1 6 1 2 34 4 3 5 2 3 16 2 8 1 33 1 9 4 10 1 14 12 1 2 14 13 6 3 1 21
9 8 4 2 2 6 4 14 6 5 17 2 10 1 12 1 11 1 3 1 3 3 1 5 3 15 1 0 13 5 2 14 1 4 1 6 1 5 2 4 13 19 2 2 4 12 11 14 5 5 16 1 1 1 2 1 5 1 1 2 15 7 3 21 1 2 9 4 12 6 11 5 13 1 7 2 6 1 4 14 7 5 1 1 3 14 14 2 1 6 3 5 7 5 14 7 1 1 1 14 1 11 1 25 1 1 1 7 1 5 2 6 2 1 18 7 10 6 4 7 7 23 4 2 16 1 1 15 4 11 8 12 1 1 1 3 2 7 7 18 9 1 5 2 17 3 6 2 2 8
3 30 8 9 10 5 1 13 12 3 22 30 5 5 4 5 11 8 1 4 6 2 1 8 3 1 1 4 0 5 11 1 5 31 13 6 14 5 17 2 2 3 20 38 12 21 15 21 11 17 4 1 3 6 12 21 1 8 1 2 1 2 18 9 1 1 1 30 16 23 1 2 2 3 8 11 1 9 17 1 2 7 1 4 16 29 20 15 16 2 1 4 5 3 19 5 8 9 9 35 12 1 24 41 14 1 4 7 1 11 4 1 1 1 7 29 5 27 3 1 1 40 1 7 7 3 14 26 1 1 9 1 8 19 4 1 24 3 9 2 13 6 1 5 27 9 14 6 4 15
3 25 9 9 4 7 3 15 6 2 25 6 7 5 8 4 14 1 3 1 1 15 2 14 1 1 7 3 1 0 4 6 2 24 9 2 10 1 1 13 5 10 10 26 14 9 18 1 1 20 6 11 7 6 5 16 1 6 2 3 3 3 3 34 1 3 4 8 1 19 1 1 6 4 1 11 3 9 1 1 8 1 4 4 16 2 16 9 16 1 6 5 1 1 22 2 3 13 4 15 12 1 22 37 6 4 3 1 1 14 6 3 5 7 5 23 15 23 4 3 5 18 2 1 14 3 10 18 1 2 6 1 2 8 26 3 17 1 11 9 3 5 3 9 24 6 18 1 9 13
8 2 2 1 1 1 19 5 1 9 7 14 1 2 27 1 1 3 26 4 11 1 3 4 4 20 11 2 3 9 0 15 5 5 1 13 3 12 1 1 1 18 2 10 1 1 6 4 6 2 2 5 3 3 9 2 5 8 19 10 20 2 1 5 8 1 2 4 6 3 18 11 20 1 12 1 15 4 3 7 5 4 1 6 13 2 12 1 2 11 3 5 10 2 6 9 1 1 3 6 1 5 8 4 1 7 4 14 1 1 6 4 17 2 10 2 8 6 10 17 21 18 19 3 11 4 2 4 6 7 1 1 3 1 9 7 10 9 5 9 4 6 11 1 5 7 5 12 18 1
2 13 18 16 20 13 1 21 2 7 33 7 2 2 1 14 13 6 1 1 12 14 16 8 2 1 1 11 1 5 5 0 16 31 9 9 9 7 15 3 1 2 2 18 17 25 10 29 19 14 15 7 20 5 10 7 1 1 2 8 1 1 9 8 3 1 1 28 31 19 1 7 1 6 3 11 1 22 2 1 1 6 9 9 8 31 14 11 1 2 18 1 2 2 28 2 16 19 13 22 1 4 14 19 9 9 10 5 11 19 9 1 1 10 34 8 1 3 5 2 1 4 1 16 9 1 6 33 2 2 11 1 11 10 7 1 13 5 28 2 2 9 2 14 18 10 31 4 2 22
15 16 2 2 1 1 13 2 2 3 3 13 2 3 14 8 14 5 15 4 3 9 1 9 12 1 4 1 6 1 6 4 0 6 1 5 2 2 1 4 5 12 8 5 2 13 8 2 12 7 13 2 1 2 3 3 15 1 12 2 4 10 3 14 6 1 12 5 2 4 9 1 1 1 6 1 13 4 1 11 11 2 3 1 20 13 9 3 4 10 2 7 7 4 15 7 2 4 3 16 2 12 4 23 2 4 2 5 1 2 1 5 15 1 2 3 7 2 2 8 5 4 8 1 1 2 1 4 11 10 3 12 1 1 4 8 15 2 4 7 4 1 8 3 8 1 4 1 1 9
27 1 7 4 1 6 16 6 1 19 1 1 4 5 34 7 1 8 18 14 9 3 4 1 1 18 25 4 31 17 2 6 2 0 7 7 9 11 3 9 11 19 4 1 6 1 1 1 2 1 1 10 1 6 18 5 24 14 15 3 4 32 9 4 14 2 17 1 2 1 10 16 23 4 14 1 11 1 1 10 3 14 5 16 5 1 2 3 4 6 1 17 21 7 1 7 1 1 6 4 4 4 13 11 7 4 14 8 17 5 10 27 14 16 5 2 1 1 18 5 10 6 2 8 2 15 7 1 6 3 5 28 5 1 1 11 4 1 1 25 3 5 25 7 1 11 1 2 16 1
10 5 3 1 2 3 1 7 3 4 16 17 3 3 12 7 5 5 17 6 1 5 1 1 10 18 7 1 13 8 2 11 1 12 0 1 2 6 1 5 7 7 1 16 1 6 7 3 7 14 7 2 2 1 3 6 2 1 12 1 6 1 4 22 4 7 11 12 6 2 7 5 9 1 2 3 11 9 3 15 4 6 3 2 14 15 24 1 4 7 2 19 1 9 10 5 1 6 1 18 6 4 12 1 3 5 2 5 1 4 1 12 1 1 16 3 7 7 4 8 14 13 2 1 15 6 1 1 6 7 7 9 1 3 14 3 23 4 7 12 12 1 13 2 6 1 11 1 13 13
11 3 7 11 12 6 6 25 11 1 2 29 17 6 10 4 10 1 13 1 2 6 2 14 3 9 2 4 8 1 11 10 6 2 4 0 7 1 8 12 10 12 5 20 11 4 18 3 3 9 18 7 5 2 3 13 6 4 7 3 7 1 4 10 1 8 6 19 21 6 1 1 5 6 1 1 4 8 4 7 13 1 3 2 7 18 11 7 10 2 2 3 1 3 13 1 11 3 7 13 2 3 19 10 4 1 2 2 1 10 4 3 1 5 9 18 6 14 1 6 10 16 5 6 21 1 1 6 5 2 4 6 4 10 21 3 11 3 21 2 2 2 1 1 10 2 14 1 3 8
9 9 1 2 3 5 1 18 2 5 4 1 6 1 14 5 9 2 8 4 4 2 1 1 6 21 15 1 14 8 4 6 2 11 2 6 0 1 1 1 11 11 8 7 2 12 8 2 7 12 4 1 1 3 6 5 10 2 5 2 7 14 2 14 8 7 5 4 6 3 10 1 13 1 2 2 6 4 1 7 6 9 5 3 9 11 21 1 8 13 1 8 10 4 8 1 2 2 1 16 1 10 21 4 2 3 1 2 1 1 5 3 15 2 13 16 8 1 5 7 12 19 5 1 14 11 1 6 1 11 2 13 2 1 7 7 13 10 9 15 1 2 14 4 13 2 12 3 18 1
11 15 2 12 11 15 6 8 2 1 14 8 1 8 4 5 12 1 8 1 3 16 5 10 3 11 9 3 5 1 7 2 3 2 3 1 5 0 7 6 10 11 15 6 3 3 16 19 13 18 2 3 5 2 1 5 6 4 6 4 5 7 7 29 1 6 7 7 15 12 8 1 11 6 1 14 1 17 9 3 12 1 2 4 11 9 9 5 14 2 7 11 1 1 16 1 11 1 6 6 12 3 14 23 2 1 2 1 1 10 2 6 7 2 23 16 15 1 1 3 3 15 7 8 19 3 4 24 2 5 8 2 3 4 16 6 24 1 10 11 6 7 3 7 3 2 17 1 5 10
5 4 1 3 4 5 13 10 3 1 2 11 1 2 14 2 12 6 2 7 4 5 1 6 10 11 3 1 11 10 3 8 1 7 1 5 1 6 0 2 13 8 6 9 2 13 6 8 9 4 5 1 2 2 5 2 13 1 13 1 5 19 4 1 7 11 6 5 12 9 4 2 3 2 9 3 14 3 2 8 14 1 4 2 3 12 7 1 3 5 1 2 9 9 4 4 3 4 2 15 3 3 4 8 3 1 1 7 3 3 2 10 4 2 14 3 6 2 5 10 3 9 4 1 5 5 1 12 5 9 7 16 3 2 5 13 5 8 1 15 10 1 14 2 9 5 5 2 6 2
3 6 1 1 1 1 14 5 1 1 5 15 3 3 28 1 4 11 13 12 9 2 3 4 16 5 9 4 7 3 1 7 6 2 2 1 3 10 1 0 16 24 2 7 1 7 3 7 3 4 10 4 3 2 2 2 7 7 6 7 5 19 1 20 8 1 1 6 7 10 11 6 9 1 10 1 6 1 1 8 15 6 5 3 5 3 6 2 1 7 1 23 2 7 6 11 1 1 3 10 1 16 2 7 1 11 9 8 8 1 4 10 9 1 8 11 1 9 11 7 5 15 15 3 10 16 4 4 19 2 2 6 7 1 10 19 7 8 8 17 6 3 14 1 7 9 3 10 22 7
1 1 2 4 14 17 3 7 22 2 3 34 16 5 3 19 31 7 1 8 10 2 17 7 2 1 1 15 2 6 12 1 15 31 3 11 16 5 14 9 0 2 6 18 11 27 6 1 10 14 2 19 7 1 6 10 1 2 2 8 2 1 17 10 8 1 1 29 34 11 1 7 1 8 7 6 1 15 21 2 1 8 14 9 27 4 29 8 27 3 8 1 4 3 18 1 8 12 8 10 5 1 14 41 7 5 5 7 7 6 7 3 1 6 29 21 23 8 10 4 1 4 1 19 35 1 8 6 4 5 24 1 6 19 20 1 14 4 29 1 17 11 1 17 21 9 10 4 1 30
1 32 3 20 5 10 4 9 7 5 30 3 12 8 2 17 21 11 1 5 7 17 2 24 1 1 1 11 4 10 2 3 12 1 12 5 6 1 17 17 2 0 3 10 1 3 10 28 24 23 3 6 17 6 2 9 1 4 3 7 3 2 12 33 2 1 1 33 33 1 3 7 2 16 10 3 1 22 1 3 1 8 14 6 31 7 34 19 13 4 22 1 11 4 6 12 5 13 20 1 25 6 9 42 5 12 1 3 16 15 3 4 3 5 7 1 15 14 10 4 2 21 2 21 31 3 14 27 7 5 24 3 8 17 6 4 6 1 20 1 26 1 5 1 25 7 26 1 1 6
3 1 4 3 2 1 14 4 1 2 4 7 1 1 3 1 4 8 21 12 12 1 6 1 22 8 19 11 1 3 3 27 4 5 8 10 5 5 6 1 20 28 0 13 3 2 3 1 2 1 5 8 2 11 9 1 11 12 16 13 20 25 3 2 15 18 15 5 3 7 21 1 4 2 14 3 13 1 4 19 23 6 6 6 3 3 4 1 1 17 3 7 13 18 2 2 2 2 2 1 1 23 13 14 3 2 14 16 7 1 5 16 3 3 6 5 4 6 5 11 16 7 2 6 7 7 3 5 8 3 1 24 11 2 4 23 12 21 6 1 1 4 16 2 1 9 2 11 27 6
4 2 1 9 1 5 27 1 6 16 2 1 4 16 15 6 8 25 14 31 4 3 14 1 17 13 19 20 39 11 9 12 11 2 16 30 17 29 19 15 2 39 12 0 12 1 1 7 6 2 6 18 3 24 15 2 16 1 21 17 36 8 7 3 28 4 17 2 2 1 27 29 38 1 8 2 7 12 14 19 26 27 13 22 1 3 1 17 12 35 11 7 7 22 2 19 2 7 6 1 12 1 1 4 9 16 16 12 2 9 19 19 18 8 1 2 2 5 5 26 24 2 29 20 2 18 14 3 29 18 12 14 2 7 5 12 1 8 2 19 11 23 2 12 5 8 5 17 4 6
14 6 1 2 1 1 20 9 1 6 8 11 2 2 3 1 4 3 9 2 3 2 5 1 7 12 3 7 10 16 1 21 3 5 2 10 1 1 1 1 11 19 3 11 0 6 2 1 2 8 1 3 1 9 7 3 22 4 5 4 3 7 1 17 7 18 11 6 6 5 13 7 15 1 10 1 14 2 1 10 7 10 6 1 4 7 11 2 2 13 1 15 7 1 3 14 1 1 2 6 1 14 4 6 2 9 5 6 1 1 4 12 6 6 14 2 9 6 7 20 23 14 17 1 13 7 3 7 1 15 2 16 2 2 4 1 7 15 7 24 2 5 19 1 5 2 1 6 19 6
17 1 4 1 4 6 28 8 3 18 1 1 1 7 28 2 1 15 13 3 9 1 7 1 6 32 15 7 9 14 8 29 1 1 14 18 12 21 8 1 8 32 3 5 4 0 1 1 1 2 1 1 10 2 8 5 29 3 23 18 26 4 7 10 16 14 23 1 2 1 11 14 8 14 1 6 5 4 10 21 28 18 3 11 1 1 10 11 2 26 4 25 16 25 1 11 9 6 7 4 1 21 3 3 5 19 1 2 3 4 1 21 22 7 3 3 1 1 8 13 6 1 9 3 1 10 1 2 6 10 1 24 2 10 1 17 3 19 2 27 2 1 15 5 1 16 1 10 32 2
6 1 8 7 4 5 19 9 1 16 1 8 1 9 13 5 1 13 3 22 6 5 14 1 21 5 4 6 14 18 5 4 2 1 7 3 1 20 6 3 17 31 3 7 5 1 0 1 1 2 2 4 1 8 16 4 23 16 9 12 19 16 4 11 14 9 5 1 1 3 3 13 1 1 9 5 9 1 8 28 5 19 16 10 2 1 8 7 2 23 6 1 9 19 1 14 6 4 10 3 1 17 4 9 3 3 14 2 13 6 13 15 23 13 1 2 1 2 18 11 29 9 27 10 1 19 2 2 27 12 3 4 8 1 2 14 4 25 2 7 2 7 22 3 2 10 1 9 18 1
21 1 1 6 2 5 1 6 1 15 1 3 1 4 16 1 1 9 5 22 3 1 1 3 22 19 21 3 4 22 3 15 11 1 15 13 5 15 8 7 21 21 4 3 8 1 1 0 1 1 1 10 7 14 10 3 17 11 16 11 12 5 4 12 1 23 27 1 4 2 11 6 29 11 22 1 25 1 8 14 4 9 14 6 4 1 7 4 4 20 10 4 21 8 1 1 3 3 1 1 7 12 10 3 7 20 15 11 2 2 12 27 7 4 1 3 1 1 14 27 28 2 13 11 3 24 9 1 23 24 4 18 10 1 1 30 4 4 1 27 1 12 12 7 2 1 1 15 17 2
5 1 6 8 4 1 19 8 4 6 1 1 2 7 16 5 2 5 31 6 7 4 11 2 23 5 24 7 20 18 3 25 6 1 7 20 9 3 6 5 21 18 3 4 3 1 1 1 0 3 2 6 1 9 8 2 21 14 13 5 14 25 3 3 3 14 9 2 5 2 4 3 4 13 8 1 23 1 3 18 11 21 13 15 6 1 8 10 2 11 3 6 15 13 1 9 4 1 3 6 1 2 9 14 3 3 4 21 6 2 15 10 27 2 2 4 1 1 8 25 19 2 10 2 4 7 4 3 8 2 1 24 4 4 1 4 1 1 4 17 1 2 23 7 1 10 1 16 14 3
5 2 9 1 1 8 18 2 4 4 1 1 1 6 10 5 2 13 17 15 4 4 8 4 26 35 18 14 1 20 1 10 5 2 5 12 1 6 11 5 26 9 7 4 3 2 1 2 3 0 1 1 10 5 20 1 13 15 26 10 19 23 11 9 17 2 2 1 1 1 10 6 23 18 3 1 15 1 4 17 14 21 7 9 2 1 5 12 3 15 4 20 17 5 3 24 2 6 8 1 4 18 4 7 8 6 7 11 6 10 13 21 14 1 3 1 1 1 22 21 31 1 11 1 1 19 6 1 19 27 7 2 12 6 1 8 3 14 1 20 3 10 1 7 1 5 1 15 22 1
3 1 6 4 8 6 12 1 6 12 1 6 3 13 15 4 1 15 22 7 17 6 4 2 6 13 25 11 32 26 7 17 5 1 14 20 6 19 10 5 24 29 5 3 8 1 1 1 3 1 0 14 7 7 10 5 16 14 13 8 31 6 6 4 17 25 16 1 1 1 27 7 20 10 19 4 11 2 5 14 26 6 7 11 2 1 3 5 5 10 12 32 19 6 1 18 7 5 10 3 6 26 10 12 9 12 10 16 13 6 15 9 20 7 3 2 1 1 15 24 1 7 20 9 3 8 5 1 5 24 2 26 1 8 1 5 4 18 1 5 3 10 13 5 1 6 2 8 5 1
19 2 1 3 2 3 12 9 1 2 5 16 9 1 9 1 11 6 19 10 3 5 1 2 1 4 14 2 11 3 3 12 1 4 2 8 1 3 1 4 8 14 7 8 1 13 7 12 10 8 10 0 1 2 5 8 19 2 14 2 1 8 3 14 2 13 6 8 12 14 3 2 19 2 2 2 6 3 1 1 2 4 2 3 11 9 17 1 1 13 2 4 9 4 7 8 1 3 1 3 3 10 17 11 2 5 5 5 2 4 1 3 12 1 12 12 12 1 1 8 14 8 12 1 18 5 1 14 2 12 5 11 1 1 3 14 1 8 10 14 9 1 13 1 7 5 6 7 15 10
15 10 1 1 4 5 15 15 1 8 8 11 2 1 25 2 5 7 6 9 3 3 3 5 10 15 1 4 10 10 1 6 3 8 3 7 1 9 1 2 8 20 4 2 1 2 8 1 9 1 8 1 0 1 4 1 12 1 4 4 8 1 2 13 4 18 4 10 4 10 8 9 3 1 6 4 1 3 1 4 18 3 1 1 14 3 11 1 6 6 1 14 6 1 9 9 1 2 1 10 2 14 3 17 1 4 4 5 3 1 2 3 12 3 12 14 4 13 3 13 14 2 5 1 4 16 2 3 3 15 2 17 2 1 6 8 7 1 1 20 6 3 6 2 2 3 2 6 19 5
15 17 1 5 1 5 1 23 2 1 6 21 12 2 5 3 5 3 7 4 1 4 2 10 9 10 8 1 9 2 3 14 1 18 1 3 1 3 1 3 13 17 13 8 5 5 8 15 16 18 1 3 3 0 1 12 10 1 5 1 1 15 1 19 1 5 9 12 7 16 8 2 11 2 1 4 7 1 6 12 3 2 1 1 20 7 21 5 2 6 6 15 4 5 16 1 1 3 4 22 3 9 2 2 5 2 1 4 1 2 1 10 4 2 23 17 7 14 1 6 3 21 9 4 18 6 3 3 9 4 11 6 1 6 1 12 3 3 8 10 9 3 4 1 16 1 3 1 11 1
9 10 8 4 6 4 1 11 1 2 7 4 2 6 4 10 14 2 11 4 1 12 3 5 4 14 12 1 5 6 3 7 1 5 1 3 4 1 3 8 1 16 13 5 5 10 17 12 11 4 16 5 6 1 0 12 6 1 5 1 4 5 4 2 1 2 6 18 22 8 9 1 4 2 4 7 8 6 6 10 7 1 1 1 2 6 25 2 7 4 7 4 2 5 7 2 6 2 5 22 8 5 10 5 6 1 1 2 2 5 1 5 5 3 4 19 13 2 1 7 13 10 1 4 3 8 4 20 9 3 9 10 1 6 5 6 2 4 19 12 4 1 10 8 11 1 17 2 11 13
12 6 1 2 1 1 14 6 2 1 3 13 1 2 3 1 5 8 20 18 7 1 8 1 2 15 16 3 22 17 1 19 9 4 10 5 6 13 8 2 25 24 1 3 2 2 2 4 3 8 3 7 1 5 3 0 8 6 19 4 23 2 3 12 14 19 6 1 7 7 10 12 19 6 13 1 13 1 1 14 13 12 9 2 2 2 5 3 1 1 5 15 17 4 5 8 5 1 1 9 2 21 4 12 3 11 10 6 6 1 1 16 3 5 11 7 6 3 14 17 20 8 14 7 10 3 1 7 15 19 1 9 9 4 6 24 4 16 7 13 1 2 24 2 2 11 2 15 6 3
1 3 7 12 9 6 4 40 15 2 9 30 5 4 2 11 24 3 2 7 5 14 16 22 3 1 1 16 1 1 16 1 8 4 1 7 15 9 15 18 1 1 22 38 10 27 16 24 29 8 33 1 14 5 10 23 0 2 2 14 1 1 14 34 9 2 1 10 32 9 1 9 1 13 7 20 1 8 17 2 1 9 13 4 32 23 9 17 19 4 5 3 2 1 3 2 7 23 11 3 19 2 19 16 14 12 12 2 13 15 10 1 1 5 3 1 1 15 7 1 1 3 1 7 21 1 10 22 1 4 16 2 11 6 20 2 4 6 12 1 4 10 2 6 18 2 22 3 2 26
7 5 6 3 3 6 4 12 6 3 3 16 7 5 15 7 5 2 12 3 1 3 1 5 9 6 10 1 12 4 4 13 1 7 1 4 4 1 1 2 9 1 2 25 1 13 1 16 8 2 7 3 1 1 2 9 1 0 6 1 3 10 7 2 4 7 11 2 5 1 5 3 7 1 2 4 13 11 3 9 11 3 1 1 7 16 9 2 7 1 3 9 7 1 14 4 6 3 5 4 1 3 8 14 4 2 1 3 1 3 1 7 5 1 23 17 6 14 3 5 12 3 4 2 7 9 2 14 4 8 10 7 1 5 10 5 11 1 5 15 5 2 2 3 17 2 5 4 3 6
3 29 5 7 2 18 1 34 18 4 27 21 24 7 1 18 14 2 1 2 2 20 6 9 1 1 2 12 1 1 11 2 2 12 1 2 13 2 15 11 3 4 13 34 21 1 7 4 19 4 22 4 16 2 9 8 3 10 0 11 1 1 11 36 1 1 1 8 32 1 1 5 1 9 1 6 1 17 16 1 2 4 9 6 2 2 26 7 13 1 11 2 3 2 25 3 2 9 17 3 5 1 24 35 18 6 9 1 8 19 11 1 2 3 6 10 5 26 3 1 1 6 2 7 11 1 3 10 1 1 10 1 2 16 15 1 23 3 18 3 14 7 1 13 1 9 18 1 2 17
8 15 8 3 3 11 6 24 7 3 17 15 1 1 7 3 1 3 16 4 1 9 1 11 4 8 4 2 10 5 9 7 2 17 1 3 5 4 4 3 2 17 5 2 3 14 3 14 14 14 15 5 4 1 1 5 2 1 5 0 7 11 8 11 1 8 5 2 16 9 3 2 15 1 3 4 11 14 7 9 4 1 1 1 18 9 20 2 5 3 5 6 2 4 18 4 1 6 3 22 2 2 25 17 4 2 1 4 1 4 1 3 3 1 22 15 8 3 2 1 5 20 11 1 7 2 1 6 7 9 6 11 1 3 11 9 12 6 10 2 12 3 7 9 13 1 12 1 10 9
3 3 19 7 13 1 1 11 11 5 4 26 7 10 3 23 19 5 4 5 5 11 1 4 2 1 1 6 1 3 1 1 5 15 7 5 15 6 8 6 2 3 20 8 10 4 27 18 29 16 23 12 15 2 2 5 1 8 1 3 0 2 18 6 4 1 1 21 20 24 1 1 1 6 4 18 1 20 17 1 1 6 3 4 36 16 30 14 14 3 1 3 7 3 1 7 15 13 16 5 15 2 35 23 19 7 7 7 9 20 6 1 1 3 13 3 19 24 10 2 1 25 1 3 15 3 2 30 1 1 24 1 2 15 26 1 35 2 17 1 21 12 1 14 16 3 12 3 2 32
1 25 11 16 21 26 2 25 14 4 23 25 29 7 4 8 31 10 1 4 3 13 9 23 3 1 1 11 1 7 17 1 10 20 10 1 20 8 1 21 1 1 23 17 23 6 15 1 14 28 31 14 17 15 8 17 1 1 3 5 1 0 22 19 9 2 1 4 6 11 1 5 1 8 6 24 1 26 12 2 2 3 4 1 31 21 27 12 10 1 9 2 5 1 17 8 15 19 14 17 7 5 10 26 4 7 6 3 8 14 11 1 1 6 12 14 3 9 10 4 1 22 1 9 33 2 15 34 1 5 21 3 3 10 28 1 40 5 1 1 28 9 1 12 14 4 26 6 2 28
3 4 1 1 2 1 6 11 1 7 7 1 5 1 2 2 3 5 7 5 2 2 1 2 1 8 19 5 3 8 1 2 2 5 5 1 3 12 1 1 21 26 4 1 1 1 2 6 2 10 4 2 2 2 8 2 9 2 19 7 20 2 0 16 7 21 18 7 10 10 16 12 5 5 5 1 20 4 1 2 13 3 8 2 3 8 13 2 4 4 1 1 9 16 1 7 1 1 2 7 1 3 5 18 1 4 4 9 5 1 6 1 19 6 12 8 3 6 3 5 21 16 2 2 13 2 1 1 11 16 3 18 5 2 1 21 14 5 7 16 1 5 9 1 6 8 6 6 4 10
10 11 9 8 18 4 29 2 1 2 10 1 4 22 23 15 11 25 23 10 17 16 18 1 3 14 35 23 35 5 6 3 12 4 12 4 17 22 12 6 10 8 14 3 19 8 11 11 9 9 7 22 10 11 15 6 17 13 34 21 8 31 4 0 31 1 36 2 3 5 21 22 17 7 9 12 21 14 22 39 31 30 11 10 4 3 2 13 6 37 23 8 10 35 7 33 15 5 6 1 10 17 1 1 12 6 2 12 15 3 1 26 43 19 4 5 10 10 12 35 36 1 27 4 4 1 16 9 12 31 3 22 9 12 4 21 2 20 4 40 8 19 2 13 4 23 4 19 19 9
10 18 1 3 13 11 5 5 10 1 4 10 8 6 15 12 20 1 4 2 1 8 2 10 1 9 2 3 5 1 1 9 4 9 5 1 6 1 6 1 8 12 9 18 2 9 13 7 13 8 17 6 9 1 1 1 8 3 3 1 6 6 12 19 0 5 5 6 17 1 9 1 5 3 1 7 8 6 3 4 2 1 3 1 3 21 26 6 6 4 7 3 2 1 15 1 3 10 6 6 3 5 23 21 5 1 2 2 2 13 1 7 2 4 20 12 9 17 1 6 11 4 6 2 23 3 5 22 3 4 9 3 3 6 9 6 10 2 18 1 8 2 3 9 15 2 20 1 2 17
3 2 3 5 23 21 1 6 5 6 31 2 10 18 2 12 14 5 1 6 5 1 15 9 2 2 1 1 1 3 22 1 5 4 2 5 12 7 10 5 1 4 20 1 18 9 18 25 24 30 6 15 13 4 4 23 2 6 1 8 1 1 13 37 2 0 1 12 17 16 1 4 1 2 5 5 1 20 14 1 4 5 10 11 18 23 32 13 9 2 8 1 2 4 3 4 4 12 17 30 1 2 3 10 9 10 6 1 13 2 9 1 1 7 19 29 18 1 4 1 2 9 1 16 12 1 12 22 1 2 22 1 4 16 20 1 24 2 24 3 10 12 1 5 17 8 20 5 4 9
3 21 12 1 9 14 1 26 8 7 3 37 13 12 6 2 17 2 4 4 3 23 6 7 1 2 2 3 1 2 15 1 10 24 8 2 7 2 12 11 1 2 17 15 9 12 13 15 3 31 29 16 17 4 2 11 1 7 1 11 1 3 9 30 8 1 0 25 6 15 2 7 2 3 3 4 1 18 2 1 4 3 2 2 11 17 30 17 20 1 5 3 5 4 7 5 3 12 3 27 19 1 24 42 8 5 2 3 1 10 3 1 2 13 9 2 4 17 2 1 3 11 2 6 24 1 14 4 1 1 10 1 9 11 16 1 22 1 24 2 22 11 1 2 20 1 11 2 3 7
25 1 5 9 3 6 5 3 10 21 1 8 1 6 25 1 1 2 14 15 11 6 7 1 16 4 26 1 13 20 8 6 5 1 14 15 2 10 4 1 28 13 2 3 5 1 1 1 2 1 1 8 5 16 15 3 10 7 25 6 20 11 4 9 17 23 22 0 1 1 18 20 5 5 14 2 11 1 3 25 12 6 15 17 5 1 2 5 5 1 11 10 14 6 1 10 7 2 9 3 4 5 12 9 4 13 17 22 1 1 2 16 17 9 2 3 1 1 18 10 14 2 3 5 1 9 9 1 14 4 5 5 12 2 1 23 4 18 2 8 1 4 12 6 1 13 1 10 3 1
21 1 3 6 3 9 4 1 8 9 1 2 7 4 27 5 1 12 36 14 12 7 19 2 7 35 17 15 12 20 1 23 9 2 8 24 2 19 10 4 20 21 7 1 11 2 1 2 2 1 2 17 9 1 6 7 14 12 2 1 23 19 10 4 4 19 25 3 0 1 9 18 14 15 10 6 29 4 2 9 23 7 22 7 1 4 2 10 4 7 6 37 13 24 2 4 9 2 7 1 3 12 2 1 8 11 12 18 5 4 12 6 25 14 2 1 3 1 12 13 19 4 9 4 1 24 5 1 29 6 10 25 20 3 2 27 1 2 1 31 6 1 9 3 1 7 2 19 29 2
3 1 5 3 4 8 16 3 11 23 1 2 5 4 14 3 2 15 22 12 7 2 4 6 25 19 20 10 33 7 9 10 12 2 5 7 2 20 1 8 22 4 4 1 7 1 1 1 4 1 1 1 14 15 16 3 13 10 15 19 22 24 6 5 2 26 20 1 1 0 21 17 20 15 11 6 19 6 2 13 16 1 19 17 2 2 6 10 4 21 13 6 13 23 1 15 3 5 9 1 3 11 1 10 9 22 9 1 7 10 13 24 8 2 3 1 1 1 19 28 17 3 7 10 2 14 2 1 10 16 1 18 8 10 1 9 4 1 1 3 4 15 11 10 1 14 3 20 7 1
3 28 9 14 9 7 3 30 13 3 9 23 10 18 1 2 5 5 1 3 6 20 11 16 3 1 1 3 1 3 4 1 16 21 4 1 15 7 10 18 1 3 11 6 9 19 9 12 21 20 16 3 14 13 3 7 1 12 1 10 1 1 9 35 3 1 1 20 34 9 0 6 1 1 8 9 1 1 13 1 2 1 1 6 20 24 6 2 6 2 3 3 1 4 29 4 8 14 13 21 3 2 1 27 5 3 5 2 4 7 8 2 1 9 20 12 2 20 9 1 1 11 1 2 32 2 7 8 2 3 14 1 1 18 10 1 17 4 19 1 17 14 2 13 18 5 25 2 3 19
12 3 5 3 2 2 1 20 6 1 15 3 8 3 14 5 4 1 2 2 1 7 1 2 1 7 9 1 5 1 2 3 5 19 6 1 3 1 6 8 2 1 16 17 5 20 13 12 3 7 4 7 6 1 1 5 1 4 6 3 9 8 7 11 1 9 4 2 21 2 4 0 11 4 1 6 7 4 2 5 3 1 1 2 12 4 30 3 1 5 9 13 2 4 5 1 3 8 6 2 11 5 25 21 2 1 2 2 3 7 3 7 7 2 22 9 15 8 1 6 6 5 3 4 20 3 2 3 6 5 4 4 4 6 21 5 8 2 20 12 15 4 2 9 6 1 3 1 14 20
1 26 18 21 20 11 3 33 2 3 2 36 3 21 3 20 19 8 1 6 11 10 2 9 4 1 1 5 2 4 22 1 9 32 4 1 5 9 8 21 1 1 22 9 20 22 22 22 6 4 33 3 19 5 2 3 1 15 2 13 2 1 22 41 6 3 2 9 31 25 2 10 0 13 2 21 2 22 19 3 1 3 4 11 26 27 40 19 11 1 8 1 3 3 32 10 8 23 21 33 7 4 32 14 3 9 5 4 1 24 1 2 1 7 35 33 22 6 6 4 1 30 1 15 22 3 13 19 3 2 10 1 1 20 13 3 12 2 24 1 30 14 4 11 16 2 19 8 1 17
9 12 1 5 5 5 3 20 3 1 14 13 7 4 6 4 9 4 11 8 2 2 1 1 5 7 16 1 2 3 1 10 1 7 1 1 1 2 2 5 4 18 7 21 4 2 5 1 9 7 14 2 2 2 3 6 1 1 3 2 10 3 3 10 5 4 11 12 17 3 2 5 10 0 6 5 5 6 3 9 1 7 1 1 10 13 3 2 7 6 1 10 5 5 9 7 1 3 1 11 4 7 11 10 4 1 3 3 1 8 1 8 1 1 6 17 5 17 3 13 8 21 14 1 7 5 1 2 10 11 5 2 1 4 14 10 24 4 14 13 5 1 6 5 1 1 10 2 19 4
1 18 10 8 1 10 1 24 12 1 22 22 6 6 14 2 7 1 7 1 1 1 5 17 4 2 3 7 8 1 14 4 1 2 4 1 1 1 4 7 8 6 3 2 10 18 10 17 6 6 5 7 10 4 1 13 7 2 4 1 1 6 4 31 1 7 3 12 14 15 2 1 9 3 0 3 2 14 4 2 10 1 1 2 14 8 4 1 1 4 2 2 1 2 5 1 12 2 6 10 5 5 13 28 10 1 1 1 1 9 2 4 9 2 13 4 19 10 2 5 9 27 4 10 22 5 2 1 1 4 16 2 5 10 15 6 1 1 11 1 9 8 2 3 3 3 17 1 8 11
18 6 1 2 1 1 14 8 2 5 5 8 2 3 12 1 7 6 17 16 7 1 4 2 11 10 17 6 21 14 1 12 3 8 5 1 2 3 5 1 8 17 1 9 1 2 5 6 1 8 1 4 2 3 1 2 20 9 15 2 21 4 1 6 10 14 12 4 5 1 6 1 8 2 14 0 2 1 3 15 12 1 1 5 4 4 4 4 1 14 2 10 6 1 6 14 1 1 4 10 1 16 14 13 1 7 11 6 1 1 5 14 24 5 13 2 5 9 4 18 2 2 18 2 10 2 3 7 2 20 1 10 8 2 5 21 2 9 4 4 5 3 5 1 2 1 5 5 11 4
1 19 8 2 11 22 1 26 12 8 12 25 6 11 7 22 9 7 3 4 6 6 8 13 1 2 1 1 1 1 18 1 10 3 11 3 2 1 1 4 1 4 9 32 7 11 6 25 5 10 7 15 2 10 7 1 1 5 1 9 1 1 8 7 5 1 1 15 11 27 1 3 2 14 4 3 0 12 11 1 3 4 11 10 16 20 17 16 4 2 10 5 3 3 11 3 20 9 1 16 10 2 36 17 12 8 10 4 4 7 7 1 1 2 14 13 24 2 8 1 2 7 1 17 31 1 3 21 1 2 19 1 8 18 26 1 39 4 13 3 5 5 1 3 2 9 10 5 5 1
6 4 2 6 3 2 4 3 2 13 3 10 1 7 31 2 3 12 30 17 8 1 7 1 9 22 11 9 5 12 4 20 7 2 11 6 8 18 5 1 16 20 1 7 2 3 2 2 1 4 3 6 5 12 11 1 16 7 14 8 13 18 3 8 9 10 8 3 6 2 27 14 2 4 7 1 19 0 5 15 26 12 3 11 8 3 13 8 1 20 4 12 15 20 2 4 2 1 7 7 5 18 16 6 1 5 9 16 5 2 8 7 5 8 6 4 1 3 7 17 27 4 7 4 1 3 6 1 1 2 1 16 4 2 1 14 7 4 1 7 1 9 15 3 5 12 2 14 4 6
10 6 1 1 2 3 3 1 1 7 3 12 7 1 7 2 8 5 5 9 3 3 1 6 2 22 14 1 18 10 3 18 2 7 1 9 1 7 1 1 21 15 5 15 2 6 10 6 2 6 1 1 1 4 1 2 17 3 12 6 19 5 1 15 9 11 14 9 5 7 20 5 20 1 7 3 7 3 0 4 23 8 7 6 1 11 14 1 1 3 1 14 4 13 1 4 1 2 1 11 1 5 2 17 1 7 4 1 3 1 3 17 17 2 13 15 5 10 7 11 14 1 1 1 16 7 2 3 10 6 3 2 1 1 5 10 20 9 4 9 4 2 9 1 6 5 4 6 11 4
3 4 16 16 12 23 2 31 14 2 19 30 2 3 6 11 25 5 1 5 2 22 12 21 1 2 1 3 1 2 17 1 4 22 6 3 13 2 2 11 2 1 13 35 4 26 6 16 9 6 16 16 9 5 5 11 2 6 1 10 1 1 8 17 4 1 1 25 19 23 1 7 2 14 5 16 1 10 5 0 1 1 3 7 13 7 10 9 25 1 9 1 4 2 21 7 3 7 15 35 4 1 6 25 13 9 6 2 2 8 4 1 1 14 16 7 16 3 2 1 1 4 1 17 5 2 4 20 2 1 14 1 3 6 30 1 7 2 1 2 8 9 1 1 31 10 25 7 1 24
1 35 9 12 6 20 1 23 1 9 13 35 23 10 1 23 11 12 1 4 5 2 14 6 3 1 3 3 2 10 15 1 18 21 9 13 1 7 20 23 2 1 11 28 22 12 15 13 9 33 23 8 10 1 9 10 2 6 5 11 3 2 1 35 12 2 1 4 6 11 2 5 1 1 8 22 3 11 7 2 0 9 7 2 9 12 2 3 12 6 18 1 11 2 10 8 9 17 2 40 14 3 14 17 24 9 10 7 10 17 7 4 1 9 28 8 27 10 9 1 1 19 2 11 23 6 5 14 4 2 3 3 15 22 2 4 13 7 16 1 2 18 1 3 14 2 29 6 1 28
10 9 4 2 8 6 3 6 12 1 9 7 7 4 13 14 14 1 6 1 2 11 7 6 3 11 7 5 3 2 1 3 4 11 1 1 8 1 9 3 5 4 4 28 10 14 19 1 16 2 4 8 10 2 3 16 2 3 1 3 5 2 4 30 1 1 2 17 24 3 4 1 8 3 1 13 1 6 2 7 2 0 1 2 21 21 13 1 8 5 3 12 1 1 4 1 8 9 7 24 9 1 20 4 6 2 3 1 6 13 4 1 1 4 16 24 3 13 1 4 8 28 8 10 21 1 5 5 1 5 11 2 3 4 11 3 29 2 23 4 17 6 1 13 5 1 9 2 9 23
14 15 3 7 2 6 1 21 8 1 17 11 4 4 11 9 12 2 7 1 1 9 2 4 9 7 13 2 2 3 8 10 1 1 1 2 3 3 4 3 10 15 1 5 1 14 10 9 9 8 19 3 6 1 1 12 3 1 7 1 2 3 9 13 3 7 10 18 2 16 1 2 9 2 4 3 12 8 7 5 4 2 0 1 21 13 9 5 7 1 7 5 1 6 1 1 2 5 5 20 3 1 22 12 5 1 1 4 1 1 1 2 4 1 10 3 18 8 2 1 12 18 1 5 4 4 3 1 3 2 4 10 1 4 15 3 1 4 13 2 6 1 9 4 9 1 13 1 15 9
9 9 1 7 4 4 5 1 1 1 1 18 12 5 7 5 13 2 16 3 1 5 2 1 4 14 6 1 7 3 1 10 1 15 1 2 4 2 2 8 6 7 12 9 5 15 1 17 2 2 5 1 2 1 1 1 8 1 6 1 4 11 7 19 4 2 1 14 18 15 8 2 13 1 1 8 7 4 3 4 6 4 1 0 7 7 10 1 5 2 6 10 6 4 1 5 5 5 4 9 8 10 13 12 6 2 2 3 1 7 1 8 5 1 16 14 6 10 1 1 4 8 11 4 4 5 2 4 6 3 11 4 1 5 8 1 16 3 1 4 6 1 2 7 11 1 5 2 1 10
14 3 10 13 2 8 28 1 4 25 1 1 1 10 26 9 3 7 19 4 9 11 13 5 5 1 21 17 3 5 13 4 8 2 21 22 15 8 13 14 10 26 2 2 1 5 4 5 2 3 2 2 7 8 11 7 10 15 10 12 25 8 8 4 14 21 9 4 2 3 28 11 10 3 25 7 25 9 10 34 11 4 9 19 0 4 1 14 2 33 7 24 26 31 6 14 7 2 8 1 8 16 1 3 15 26 2 9 12 9 22 8 23 3 1 2 2 1 8 21 22 1 34 7 1 21 17 3 25 7 2 20 14 11 1 24 2 19 1 35 6 11 19 1 3 16 5 17 32 4
28 1 9 10 3 1 15 8 2 18 1 4 1 2 18 4 1 3 10 10 16 1 5 4 10 5 18 14 8 17 1 4 15 1 11 4 9 15 12 8 24 34 1 2 8 1 1 1 1 1 1 8 11 9 3 3 29 15 14 4 22 1 4 1 11 2 18 1 2 1 29 18 8 3 10 1 11 4 11 4 10 10 1 4 6 0 9 4 3 18 8 6 5 11 1 8 2 7 10 5 9 6 2 9 3 16 5 8 14 6 9 22 7 5 1 4 1 1 13 27 21 7 3 2 2 21 14 2 20 24 3 27 3 8 1 23 1 15 2 25 2 1 18 4 1 2 1 8 29 2
20 1 7 17 10 8 22 1 11 26 7 1 8 13 39 9 8 2 13 28 14 1 19 6 36 19 41 10 33 7 12 33 3 5 2 24 5 27 15 1 31 45 1 1 6 8 7 2 4 4 7 16 19 27 24 9 16 3 3 2 38 32 7 1 13 18 21 1 5 3 36 12 14 21 31 8 37 2 15 37 35 17 10 4 3 9 0 14 4 11 2 12 13 11 5 1 6 18 17 4 10 4 1 2 11 23 16 33 19 14 3 37 13 22 3 3 3 5 13 9 31 1 12 2 3 10 19 2 38 36 2 30 3 17 8 31 1 11 1 40 3 24 21 6 7 3 6 7 42 1
13 1 1 2 3 4 14 11 1 7 8 15 2 1 1 1 2 2 6 11 5 5 2 5 1 13 9 2 2 9 2 17 1 4 1 2 1 6 1 3 13 13 5 2 1 12 8 1 8 10 2 1 1 2 3 5 6 1 16 5 1 5 1 23 3 12 5 8 12 11 9 9 10 1 8 4 9 6 1 7 3 10 4 5 12 1 15 0 2 8 1 9 3 7 5 1 1 4 1 3 1 2 22 3 1 4 2 7 4 1 5 4 7 3 4 3 7 11 2 13 1 21 2 1 6 14 2 1 4 12 6 17 2 1 8 5 7 12 2 16 8 2 14 1 14 3 8 3 4 12
29 2 4 4 1 2 14 8 3 10 6 13 1 4 6 2 2 7 10 7 7 1 8 1 20 19 17 2 20 11 2 27 9 3 9 12 8 12 9 3 7 27 1 6 2 4 4 1 3 2 4 1 4 1 1 1 24 4 23 1 23 14 2 14 13 3 16 1 2 2 26 16 11 2 15 1 23 1 5 2 26 11 13 10 8 3 4 4 0 18 2 23 12 6 3 7 4 3 1 1 4 7 12 14 4 7 4 5 4 3 8 23 13 6 7 1 4 1 3 23 2 13 25 8 4 5 5 3 3 14 1 5 1 2 1 11 9 21 1 4 1 2 2 4 4 8 4 1 17 5
2 25 2 16 11 3 1 12 17 3 13 11 22 13 9 2 13 5 5 2 3 7 8 13 1 2 3 7 2 2 13 3 1 14 11 1 3 4 2 8 4 7 14 11 16 23 9 19 6 19 19 4 11 3 3 6 4 2 1 9 3 2 7 23 1 2 1 8 29 17 3 6 3 8 2 15 2 2 9 2 6 2 3 3 33 11 12 5 15 0 13 3 4 1 23 5 3 16 12 9 4 1 37 34 15 4 1 2 9 6 9 1 2 5 30 25 18 25 7 1 4 12 2 11 12 1 7 24 1 1 16 1 4 16 23 1 27 1 22 2 12 8 1 4 8 6 25 6 1 19
19 3 1 1 2 1 7 12 1 2 1 10 1 1 4 1 7 8 8 1 7 1 1 7 4 13 11 2 6 1 2 18 2 9 3 8 1 8 2 2 16 11 6 7 1 6 8 9 9 5 10 2 1 3 4 2 3 5 2 1 3 11 1 12 5 9 13 1 11 1 20 8 15 3 6 1 1 4 1 6 1 10 3 1 17 2 14 1 3 12 0 24 10 5 6 6 1 3 1 11 1 9 7 18 1 9 3 3 5 2 4 16 3 1 9 8 3 11 1 7 14 18 6 1 11 3 3 2 12 15 5 4 2 1 6 14 1 3 2 2 2 2 16 1 12 7 4 1 7 12
1 9 2 21 14 18 2 20 19 7 9 27 17 7 2 10 28 7 1 1 5 22 2 14 2 1 1 7 4 3 5 2 16 33 9 12 1 9 1 13 2 1 15 36 9 16 25 12 9 8 13 18 20 9 2 28 3 6 1 8 3 1 4 38 10 2 4 35 21 30 4 7 2 19 8 24 3 8 9 2 1 3 13 13 36 35 43 18 22 3 5 0 8 6 7 6 1 20 5 25 6 6 33 12 16 1 11 4 11 4 9 2 1 14 11 33 16 19 11 5 2 19 1 8 32 3 15 26 6 2 10 3 13 23 30 2 2 1 15 1 27 16 2 21 16 8 26 3 1 28
10 14 3 12 16 10 2 22 9 1 1 18 14 1 3 16 21 2 1 1 4 11 5 4 1 10 5 6 5 1 5 2 1 9 2 2 11 1 10 15 2 2 5 29 9 4 1 7 12 2 2 10 6 6 5 15 4 1 5 5 5 5 7 31 1 5 4 24 15 4 1 1 8 6 1 8 6 12 5 4 4 1 4 6 15 3 29 1 17 1 6 6 0 1 9 1 12 14 10 5 4 4 13 18 6 3 1 1 3 9 6 4 6 4 13 3 20 12 3 5 5 24 6 11 22 3 1 13 3 4 17 3 4 9 6 3 21 2 24 9 15 8 3 2 22 5 17 2 6 9
3 2 15 2 8 5 1 23 4 1 15 9 19 6 4 1 4 3 2 1 4 1 8 4 2 2 3 7 4 1 11 3 3 8 10 1 5 1 11 6 2 5 16 8 12 7 14 9 16 16 17 2 7 1 6 11 4 4 3 6 4 3 3 11 3 1 2 16 17 27 2 3 8 8 1 6 1 11 12 4 4 2 3 7 2 24 31 9 2 2 13 8 1 0 23 1 15 10 4 22 6 1 31 1 13 2 6 1 8 6 5 4 1 9 26 23 5 20 1 3 7 19 6 8 27 1 1 8 3 2 13 1 2 11 7 2 4 1 20 5 11 2 4 11 24 1 21 4 4 1
6 1 5 4 7 2 8 1 1 20 1 2 2 5 22 2 1 1 30 9 2 5 7 3 11 20 30 9 12 11 2 23 9 1 8 13 3 9 3 5 20 13 1 2 3 1 1 1 1 3 1 3 7 2 16 3 11 10 2 14 2 12 9 12 5 28 7 1 3 2 18 9 2 14 14 6 18 4 8 23 14 6 13 3 6 1 4 3 4 8 6 15 19 15 0 4 10 1 3 5 8 16 6 7 6 18 8 15 2 6 5 20 15 14 3 2 1 1 7 17 9 8 23 7 4 8 9 1 10 21 6 15 7 11 1 19 9 18 2 4 1 14 21 1 2 4 1 11 5 1
6 15 12 5 14 13 1 16 7 1 10 27 16 8 1 12 11 1 10 1 2 10 5 7 5 3 2 6 7 1 11 5 7 22 1 1 1 1 1 1 6 8 8 11 13 5 19 15 2 11 6 3 4 5 4 10 2 1 6 4 2 2 5 8 1 2 6 18 21 18 2 1 4 3 1 12 1 1 4 1 8 1 2 1 20 6 30 8 17 3 11 4 1 1 13 0 9 5 7 10 1 5 12 4 1 2 1 1 1 5 1 4 8 1 8 24 18 6 1 6 3 14 9 7 3 4 7 24 4 4 14 1 4 8 3 7 11 3 5 6 19 7 1 10 7 2 16 2 11 19
14 3 1 1 1 3 7 8 1 11 11 18 6 1 4 1 3 1 3 10 3 1 4 6 3 10 9 5 7 5 2 1 2 6 4 11 1 8 2 1 6 4 5 10 1 4 6 10 1 10 7 2 1 2 1 2 14 2 11 6 5 2 1 7 3 12 19 5 3 6 10 7 14 5 2 2 17 4 1 17 14 1 6 2 13 9 15 2 1 1 1 9 9 15 9 12 0 1 1 11 1 10 21 12 1 3 6 11 3 1 3 8 6 5 4 11 5 8 4 14 12 14 12 2 6 11 3 2 17 2 1 12 2 1 5 6 2 11 6 11 4 1 12 1 9 8 4 7 17 5
9 7 1 2 1 1 19 14 1 7 2 2 2 3 24 1 7 11 26 7 6 1 1 1 4 21 14 6 11 7 1 17 1 6 7 10 2 8 3 1 2 5 3 11 1 2 2 5 4 5 3 5 2 1 4 1 15 6 14 1 20 13 1 10 11 21 1 4 4 7 13 9 15 4 6 1 10 1 3 4 12 5 9 3 4 3 3 3 3 2 2 23 12 17 1 3 2 0 3 3 1 9 16 1 2 8 3 4 6 1 7 2 15 4 4 7 5 3 5 14 12 2 21 4 5 18 3 5 17 7 2 20 7 2 9 2 4 4 6 10 3 1 1 1 1 1 4 3 3 10
1 5 1 1 3 1 4 10 2 10 12 15 2 1 23 2 4 3 6 5 6 2 2 2 9 14 3 2 8 7 3 11 2 6 2 4 1 9 2 1 11 13 7 10 2 9 5 11 4 9 5 1 1 4 5 5 7 1 7 3 18 11 2 18 7 13 9 7 7 8 4 7 17 2 7 3 15 7 1 18 4 6 6 2 10 6 6 1 1 4 1 16 6 1 3 9 1 3 0 16 1 13 4 9 1 8 7 10 3 1 2 17 4 2 17 15 10 1 6 2 14 21 9 1 9 15 2 12 13 6 1 6 1 1 7 15 7 3 6 6 8 3 15 1 3 7 2 9 16 8
28 1 12 4 8 2 15 2 4 4 1 3 8 4 38 8 2 4 17 16 8 5 8 7 32 17 22 5 18 7 10 1 15 2 20 3 7 5 2 10 30 16 9 1 10 2 4 2 2 1 1 6 11 4 4 10 17 5 32 4 25 9 2 4 24 13 15 5 1 1 25 25 33 17 8 9 11 6 2 14 17 6 12 12 1 4 1 8 6 6 10 9 26 20 5 23 9 7 14 0 3 15 6 3 16 19 1 2 4 12 7 3 25 12 1 1 3 4 18 16 11 2 28 18 1 32 8 1 7 28 8 34 6 10 2 25 4 16 2 13 2 19 4 8 1 7 1 23 11 3
18 2 1 1 2 1 19 4 1 3 9 18 4 2 9 1 9 12 21 8 6 3 2 3 1 20 21 5 15 9 1 17 2 4 2 12 3 10 3 1 20 22 4 7 1 7 3 9 1 5 8 2 2 7 2 4 19 2 17 9 12 8 1 19 10 18 19 4 5 7 18 5 2 2 13 1 6 4 1 7 5 5 4 1 2 4 13 1 1 11 1 13 13 5 8 3 1 1 1 8 0 18 18 3 1 6 1 5 6 1 6 10 2 6 10 1 7 7 3 11 3 9 1 3 11 16 2 2 11 4 1 11 3 1 8 14 10 11 11 17 6 1 14 1 10 2 8 2 10 7
3 26 8 15 7 7 1 29 10 3 10 15 2 10 2 15 17 2 6 1 5 2 2 19 1 4 2 3 3 1 9 4 1 3 6 3 4 1 5 10 2 3 14 35 14 6 10 14 14 13 20 8 1 6 7 22 1 3 1 7 2 2 6 24 2 2 1 3 13 13 3 4 2 2 4 18 1 13 16 2 1 3 5 2 16 12 36 4 1 1 12 4 3 1 9 2 14 19 15 5 10 0 20 14 9 6 6 1 6 14 6 1 3 1 29 6 25 27 6 1 2 1 4 14 22 1 4 15 1 1 4 2 6 16 15 1 34 1 6 5 5 6 1 6 27 8 9 6 6 15
32 11 10 12 15 8 24 3 17 26 6 2 10 18 32 19 12 3 35 34 22 14 4 5 1 44 21 22 5 37 9 21 21 5 10 13 20 33 25 2 25 44 7 5 1 1 2 5 10 5 12 11 17 10 9 11 9 30 2 10 44 11 8 1 8 36 41 3 9 2 15 11 16 26 6 21 28 5 16 22 45 20 12 5 5 11 3 2 17 31 11 46 27 15 11 10 16 3 19 1 20 33 0 1 23 19 2 22 22 8 4 11 20 16 4 6 3 9 1 10 23 2 41 2 8 15 7 5 26 15 15 42 14 9 1 23 1 25 7 3 6 26 3 4 2 6 4 32 6 4
25 5 7 22 19 12 19 5 7 12 12 1 14 3 19 15 1 33 24 36 27 18 27 17 26 2 17 3 12 32 4 30 14 7 19 25 2 35 10 22 30 2 11 2 10 9 2 13 2 10 3 21 15 26 32 5 28 9 20 10 42 40 13 1 5 33 27 6 4 8 20 18 21 5 8 5 9 14 2 30 38 12 24 25 2 4 3 14 3 38 20 45 18 27 3 21 17 2 17 1 12 22 1 0 22 14 27 35 2 16 13 17 23 7 5 5 2 4 21 35 1 2 25 13 3 4 3 3 4 22 8 23 12 24 9 34 4 10 3 13 15 12 23 7 8 19 4 16 41 3
15 10 1 1 2 2 3 1 1 6 4 11 6 1 10 4 5 6 2 6 3 4 1 4 13 11 5 1 6 6 1 17 2 9 1 2 2 2 2 1 4 9 3 9 1 8 6 2 7 8 4 1 1 4 8 1 9 3 17 4 11 11 1 19 3 8 7 8 5 6 20 10 14 5 10 1 7 5 1 1 3 10 1 4 6 3 4 1 2 2 1 6 2 12 6 10 1 1 1 6 1 14 9 10 0 2 4 9 5 3 6 8 16 5 15 10 3 7 8 14 9 13 15 2 5 14 2 2 6 6 3 19 6 1 3 15 12 10 10 17 6 4 6 2 2 1 8 6 4 10
10 17 2 1 5 10 5 22 4 1 3 29 16 7 7 9 13 1 14 1 1 9 2 11 1 5 2 3 5 3 10 11 3 10 3 1 4 2 6 2 9 12 15 3 7 11 12 17 3 17 18 1 3 2 1 4 12 2 4 2 10 3 7 23 1 6 2 20 3 2 3 1 10 1 1 2 7 15 8 8 4 2 1 2 11 16 18 4 13 6 1 8 3 1 14 2 7 5 4 17 8 6 4 31 5 0 1 1 2 6 1 2 11 3 21 19 1 4 1 8 11 9 11 2 2 4 1 22 3 6 5 3 2 4 8 3 1 3 18 7 6 3 8 9 13 1 16 1 9 19
15 16 9 4 9 11 9 2 6 2 7 4 4 7 6 8 7 1 15 3 1 12 3 12 6 9 4 3 3 4 7 3 4 13 3 1 1 3 5 8 4 16 4 3 8 14 8 15 6 7 13 2 6 1 1 10 9 2 7 1 11 5 10 11 1 7 8 13 11 10 8 2 14 3 3 10 10 8 6 6 12 3 1 2 9 1 13 4 10 6 3 12 4 6 3 3 7 10 2 20 5 5 28 3 4 1 0 1 2 2 1 2 11 3 4 8 6 6 1 2 9 22 11 3 4 5 1 16 4 6 2 8 2 7 20 2 17 4 6 11 3 2 2 8 12 1 12 1 1 4
7 9 4 6 3 1 1 3 1 2 21 29 12 5 1 8 10 2 6 1 3 9 7 14 4 5 6 1 4 1 15 7 2 9 5 2 6 1 4 7 2 10 7 1 3 13 17 17 16 5 16 9 8 1 2 2 3 5 2 1 7 8 2 35 1 5 5 1 9 6 5 2 9 8 1 12 6 3 11 2 1 1 4 3 3 20 17 4 4 1 9 11 1 1 14 1 3 7 7 12 3 2 14 35 5 3 3 0 7 4 5 2 1 1 3 19 22 2 2 1 7 16 2 8 4 2 3 20 4 2 16 4 4 2 17 6 16 1 2 9 4 7 3 15 6 5 7 2 11 1
5 9 5 3 3 5 9 4 3 5 18 1 12 5 7 3 16 4 6 6 2 11 1 6 2 8 2 1 13 6 1 3 1 1 1 4 2 2 1 4 4 15 8 18 7 2 11 10 1 18 5 2 4 1 2 8 1 1 9 1 5 7 5 11 1 7 6 3 3 17 4 1 4 1 2 9 2 1 1 10 15 6 1 1 13 15 7 4 11 11 1 10 5 3 6 2 5 1 2 10 6 2 9 9 5 1 2 5 0 3 1 4 3 1 7 18 2 2 2 5 10 22 10 2 21 4 2 9 7 1 9 1 1 4 18 8 17 5 18 2 11 2 7 2 8 1 5 1 17 5
22 5 2 2 1 1 18 2 1 9 4 12 2 2 20 1 5 10 5 7 2 1 1 2 15 14 21 6 12 7 1 15 5 6 1 1 4 5 4 1 23 4 1 2 1 1 5 2 5 7 1 4 2 1 2 1 5 4 10 3 17 12 1 5 12 3 2 8 6 8 13 10 11 4 14 1 7 3 3 13 16 4 8 1 3 5 10 3 1 4 3 7 15 8 2 9 1 1 4 11 1 6 6 20 3 6 4 6 3 0 6 14 12 7 14 5 1 6 12 17 18 4 17 3 11 2 1 1 1 13 1 8 5 2 2 20 8 13 3 19 1 4 10 1 9 4 7 2 17 6
1 8 1 1 10 10 2 24 8 3 17 14 2 3 6 8 11 3 4 6 1 2 1 9 8 5 2 2 1 3 2 11 1 4 1 4 2 4 1 8 10 8 4 21 8 10 6 6 6 15 3 4 4 1 1 9 5 1 11 1 3 15 7 20 3 2 9 7 6 7 9 3 4 1 5 7 9 12 5 2 16 3 1 1 19 7 22 4 7 2 2 3 3 3 1 4 6 2 2 20 1 1 16 17 6 1 1 2 1 8 0 9 12 1 4 21 14 11 1 10 1 12 10 3 1 10 2 3 6 5 7 8 1 5 19 8 24 3 19 4 14 1 3 6 3 1 10 3 3 15
4 25 7 16 3 3 1 21 14 1 3 10 9 9 7 2 25 1 2 2 5 22 6 15 1 3 2 2 1 2 11 2 6 17 1 1 15 7 4 10 2 2 3 9 16 9 26 26 9 20 19 12 10 7 4 24 1 1 1 7 1 1 14 16 3 1 1 13 1 3 2 6 3 13 4 1 1 1 13 1 2 1 2 6 28 17 18 5 8 1 6 1 4 2 6 5 12 18 6 6 15 1 13 12 4 9 5 2 4 10 5 0 2 3 25 5 29 3 2 1 2 18 2 7 10 1 12 6 1 1 12 1 3 4 19 1 23 3 12 1 4 9 1 2 23 4 13 5 4 12
2 24 3 7 7 18 3 3 11 5 33 23 19 16 2 6 27 8 2 4 12 1 4 8 1 1 1 2 1 2 8 1 14 30 3 9 15 8 17 2 1 2 26 23 1 20 2 26 20 32 9 7 11 5 8 26 1 4 2 12 1 1 22 35 5 1 1 1 23 27 1 9 1 7 5 8 1 12 9 1 2 3 11 11 25 12 21 1 4 3 4 2 8 1 24 4 6 21 16 15 16 4 11 44 18 2 5 1 7 12 7 1 0 8 36 3 8 28 8 1 1 15 1 10 23 2 7 33 2 4 25 1 6 8 7 1 37 6 28 1 20 16 2 20 7 7 31 5 3 21
3 13 5 4 6 7 4 18 5 1 6 23 2 2 18 5 3 4 7 2 2 7 1 8 10 11 12 1 7 3 6 16 1 16 1 3 2 6 1 3 17 11 1 8 2 15 8 14 10 12 9 2 1 1 3 7 8 1 1 2 8 2 4 1 3 8 5 10 5 3 13 3 5 1 3 8 1 8 2 1 9 4 1 1 1 9 14 1 8 4 4 16 6 1 7 7 3 1 4 21 3 7 25 24 3 4 3 4 1 2 1 1 4 0 7 3 5 2 3 8 3 12 10 3 17 3 1 13 4 3 6 7 1 2 15 14 11 10 3 13 7 1 4 3 13 3 8 3 14 16
5 4 8 11 4 2 6 1 15 27 1 2 7 3 5 10 4 20 3 16 20 6 9 7 24 17 32 18 4 8 6 35 3 4 5 19 8 27 3 2 23 25 7 2 7 4 4 5 5 2 4 7 12 3 25 5 26 12 15 6 4 7 1 1 23 18 18 5 1 2 36 20 29 1 26 6 21 8 14 31 32 5 1 15 1 2 3 6 4 10 3 36 27 28 3 5 5 14 18 1 11 22 4 2 3 14 25 27 8 4 2 27 10 19 0 1 3 5 2 34 17 1 19 8 1 31 16 1 3 21 3 19 9 6 1 29 3 17 2 34 7 4 23 8 2 13 1 23 41 4
24 1 5 8 6 2 7 2 13 6 2 3 5 7 25 8 1 22 4 18 9 8 18 3 20 29 9 15 5 28 8 8 15 2 10 25 14 20 1 7 31 26 3 4 10 1 1 4 2 1 1 1 8 1 22 5 36 10 4 10 29 10 12 2 8 29 11 2 1 1 9 19 23 12 10 2 24 4 7 19 34 15 18 2 2 2 4 16 4 28 8 26 21 19 1 1 12 4 5 1 4 27 4 1 10 20 13 11 15 2 15 6 29 4 2 0 3 2 15 11 8 3 27 13 1 29 15 2 15 6 8 27 16 8 2 3 4 9 1 15 4 4 9 5 1 14 4 21 19 1
28 1 5 4 8 5 13 2 10 11 1 3 3 8 18 1 1 5 13 19 16 4 15 4 19 13 30 13 20 9 1 29 12 1 5 6 11 4 9 7 2 16 4 4 3 1 1 1 1 1 1 11 4 12 8 3 4 9 17 19 16 15 8 11 16 19 22 1 3 1 21 14 6 2 11 7 6 4 2 16 22 13 16 17 3 1 5 3 1 2 12 27 17 21 1 18 11 8 11 4 5 4 9 12 6 14 4 16 15 6 15 14 9 5 5 1 0 1 7 16 20 1 18 4 1 9 1 1 27 10 2 17 5 2 1 8 5 19 1 5 1 2 13 9 1 7 1 6 36 1
5 1 11 4 8 1 17 1 9 1 1 2 5 8 16 7 1 11 12 13 7 2 4 1 1 12 6 1 17 8 9 17 6 1 10 21 6 9 12 1 25 2 2 3 5 1 2 1 1 1 1 13 13 14 10 4 33 10 5 9 8 28 7 6 3 12 4 1 1 1 16 9 19 8 8 5 29 5 2 10 4 11 13 13 1 1 7 7 1 26 11 30 20 23 1 21 5 2 10 2 5 8 11 7 10 1 11 15 13 9 13 22 1 9 4 1 1 0 2 16 25 1 29 5 2 12 9 1 4 23 1 16 6 4 1 9 3 7 1 26 2 9 22 5 1 1 1 9 3 1
6 7 4 6 8 8 7 1 7 1 17 17 14 3 4 4 12 1 5 2 1 11 1 2 2 11 1 3 1 4 7 8 3 2 5 1 1 1 5 4 11 15 1 17 6 16 8 18 18 15 13 2 5 1 1 1 6 1 3 1 10 8 4 9 1 4 6 12 1 20 9 1 2 2 2 11 6 9 6 10 3 2 1 2 4 8 26 2 12 2 2 6 2 1 10 2 5 8 1 4 3 7 9 21 7 1 1 3 1 9 1 6 11 3 4 21 3 16 0 6 3 1 1 6 4 6 1 21 2 6 9 3 1 7 19 10 11 1 2 2 2 4 5 8 13 1 7 1 10 14
3 8 2 6 10 19 1 16 4 2 13 21 7 9 4 4 27 5 5 3 4 16 11 11 1 4 1 7 2 2 20 2 13 26 11 7 1 1 3 14 3 4 23 14 7 13 8 20 2 8 19 1 2 6 2 18 3 10 1 8 1 2 2 25 2 1 1 14 24 6 2 6 3 3 2 16 1 6 11 1 3 3 7 11 4 19 3 15 17 1 7 5 1 3 10 1 8 4 15 4 10 1 11 8 1 2 1 1 1 2 6 1 1 7 29 7 19 5 2 0 2 37 2 11 8 1 8 20 1 1 5 1 2 13 20 1 31 2 4 5 12 4 1 20 19 9 13 4 1 6
2 18 2 21 9 22 2 37 10 9 12 35 13 13 4 4 20 10 2 8 10 24 6 11 2 1 1 16 1 5 10 1 4 5 12 1 19 4 15 21 1 3 17 8 18 26 1 20 6 14 2 15 2 4 12 11 1 7 3 5 1 1 10 29 3 2 1 13 25 2 1 8 1 8 6 17 1 5 17 1 1 9 7 1 38 1 23 2 3 4 12 3 7 1 27 8 12 14 20 17 13 4 24 32 8 6 4 6 1 19 10 3 1 12 38 22 14 6 1 3 0 11 1 13 11 3 12 10 4 3 11 1 1 16 30 2 40 5 9 1 10 7 3 21 33 13 3 1 2 16
20 5 3 7 9 15 3 1 11 6 1 1 9 13 38 16 9 2 33 27 25 11 3 4 26 5 5 26 34 33 2 18 2 10 10 19 2 12 5 8 30 20 1 1 17 4 1 1 1 3 7 12 8 28 27 15 6 13 39 13 11 15 7 1 24 14 29 5 4 3 40 10 13 19 5 4 16 12 4 10 27 33 11 2 4 1 1 7 11 25 15 37 13 30 8 10 16 10 5 3 14 17 1 2 3 5 17 29 21 13 11 9 2 12 3 3 3 2 30 7 2 0 9 23 5 31 10 4 38 28 11 34 9 21 3 33 1 25 7 42 6 12 38 7 7 19 10 22 15 8
2 26 3 8 14 5 2 15 2 4 27 5 10 3 5 25 12 5 3 7 10 9 15 19 3 1 1 16 1 6 12 1 9 32 11 5 16 3 6 19 1 3 6 10 16 23 1 2 13 22 26 11 15 1 13 23 1 12 1 9 1 1 15 38 5 1 2 22 4 33 1 2 1 13 4 14 1 1 3 1 2 8 3 12 29 13 7 18 23 2 18 2 7 2 14 2 4 16 6 36 6 3 29 32 10 9 1 2 2 23 3 2 1 13 29 23 16 24 3 2 1 16 0 13 16 4 8 27 2 3 12 1 12 19 15 1 24 3 7 2 22 11 2 14 19 13 2 10 3 12
3 3 2 1 2 6 4 3 1 2 5 2 6 1 5 4 13 8 7 1 6 6 2 7 11 8 2 1 17 2 4 3 1 3 2 8 1 4 1 2 14 6 4 20 3 2 3 12 3 10 4 1 1 5 3 3 1 1 9 3 14 9 1 16 8 1 14 2 1 4 9 1 9 1 9 4 17 8 1 16 21 6 4 1 2 1 5 1 2 14 1 14 8 8 6 9 2 1 1 18 1 9 14 14 2 1 4 4 1 4 2 1 11 2 5 10 3 14 7 16 12 19 15 0 17 5 1 5 6 7 5 2 4 1 11 7 6 1 8 1 6 1 9 4 9 5 6 6 16 13
3 3 6 10 10 3 28 3 11 26 1 1 2 7 24 6 1 18 18 17 1 3 18 7 2 32 6 14 30 13 10 26 3 4 3 12 12 22 7 5 22 20 4 1 11 5 3 3 6 1 2 6 3 14 10 5 17 15 16 8 17 36 9 6 17 13 4 2 1 2 35 3 6 15 25 12 13 4 14 16 7 25 13 3 1 2 2 2 8 18 7 31 9 28 3 15 8 12 2 1 11 11 4 7 14 6 24 28 15 9 13 11 10 12 1 1 2 2 21 8 37 4 10 4 0 32 4 1 8 13 5 22 9 11 3 15 4 2 1 8 5 14 1 2 1 16 4 3 34 2
5 24 12 11 8 20 1 32 2 6 22 29 10 10 9 3 7 1 5 3 1 13 9 20 1 3 1 12 1 3 11 4 3 19 9 6 4 2 7 16 4 5 8 4 7 21 21 22 20 7 25 10 4 7 8 21 1 11 1 9 3 2 1 17 3 2 1 6 20 11 3 4 4 3 1 11 2 18 1 2 5 3 9 3 19 7 29 1 5 1 13 1 2 2 10 5 6 18 6 15 18 1 33 30 10 7 2 1 8 15 7 1 3 3 6 29 2 20 5 1 2 36 3 1 8 0 9 26 1 1 20 1 10 9 5 1 24 1 9 4 14 13 1 1 22 1 7 4 3 22
16 11 1 2 7 2 9 16 4 6 15 2 4 1 16 8 3 3 19 3 4 6 1 6 8 19 2 1 11 2 6 17 1 8 1 7 2 7 1 5 17 15 7 19 2 7 13 7 9 13 5 1 1 3 3 5 1 2 11 1 2 14 5 6 4 6 13 9 2 1 9 5 13 1 4 3 1 2 1 9 1 8 3 2 10 13 13 2 4 10 1 18 9 3 7 2 1 3 1 20 2 3 4 6 2 4 3 5 1 7 2 10 9 1 1 1 8 12 5 2 10 21 8 2 9 2 0 2 13 2 1 9 2 1 6 5 20 11 9 3 10 1 12 5 14 3 7 3 15 15
31 1 7 3 3 1 3 3 6 9 1 1 4 11 34 3 1 2 31 8 17 1 4 5 22 7 15 9 25 20 6 7 13 1 10 15 2 2 13 3 32 36 4 2 3 2 2 2 3 1 1 15 7 7 2 1 13 15 18 20 14 30 9 10 1 21 27 1 1 1 10 14 1 15 1 8 5 1 13 12 32 1 11 11 4 2 7 12 6 3 3 18 6 17 2 20 8 10 2 1 6 17 6 7 2 9 7 4 5 8 10 8 27 9 4 1 1 1 18 6 5 8 8 2 1 25 7 0 20 17 6 14 9 13 1 25 5 2 1 28 3 13 10 9 1 2 1 11 22 1
5 22 4 14 10 7 1 36 13 1 28 34 22 1 1 16 20 4 1 2 1 7 5 5 1 2 2 3 2 3 15 3 4 1 9 3 14 6 14 14 2 5 22 18 15 11 7 21 6 14 4 1 7 1 3 4 2 5 1 2 2 2 2 13 2 2 1 22 20 14 1 1 5 11 4 15 2 12 14 1 3 5 6 9 3 15 2 12 5 1 14 5 4 2 16 2 3 17 6 5 15 1 21 30 1 7 9 4 11 20 2 1 1 5 7 16 25 4 1 1 4 32 1 13 11 1 6 17 0 1 11 1 7 1 18 2 28 1 18 6 23 3 1 16 25 6 12 6 4 13
4 16 14 6 8 8 1 34 16 4 1 4 8 8 5 5 2 4 6 4 8 3 8 17 1 6 3 11 3 1 1 3 5 25 12 3 4 3 12 17 2 2 13 1 2 8 8 4 25 24 7 13 15 3 5 11 2 11 1 8 3 3 9 11 2 2 1 16 15 18 3 6 5 3 1 16 2 3 3 2 5 4 2 9 18 17 12 9 17 1 10 4 3 2 10 2 1 19 13 11 15 1 10 16 2 4 2 2 6 7 2 1 1 2 9 10 10 15 6 1 3 37 4 7 30 1 1 25 1 0 5 1 8 8 25 2 30 2 17 2 20 6 1 15 23 6 6 4 2 15
2 4 4 4 1 1 15 10 1 6 3 7 1 3 18 1 6 6 4 2 6 1 7 2 17 10 15 8 19 13 1 16 8 4 4 7 5 15 2 1 3 11 1 11 2 4 1 4 2 2 6 4 4 3 1 1 1 3 16 4 10 6 2 5 5 21 3 5 1 4 13 4 5 9 12 1 8 1 5 10 20 3 3 1 2 3 8 4 1 19 4 13 10 9 1 6 1 2 5 10 1 10 2 16 1 11 5 12 5 1 8 14 7 1 4 1 5 2 10 15 1 11 24 3 5 12 6 7 10 16 0 6 7 1 6 3 3 5 8 1 3 4 5 1 3 2 1 13 23 4
2 22 17 1 20 11 1 28 20 5 20 28 24 1 4 21 14 2 4 2 4 19 2 19 2 2 1 1 1 2 16 2 9 29 4 8 12 2 8 19 3 5 6 29 16 1 2 13 28 9 15 4 17 9 5 24 1 7 1 2 1 1 3 20 1 1 1 13 6 10 1 8 1 10 2 17 1 24 4 1 5 2 1 1 24 21 27 9 24 2 15 2 2 1 27 4 3 18 4 22 8 1 2 37 15 1 9 6 1 11 6 1 2 5 19 27 12 12 9 1 2 19 1 5 18 1 13 13 1 2 1 0 12 9 2 1 27 1 28 1 21 13 1 14 19 5 9 7 5 20
13 4 6 6 3 1 10 14 4 1 11 19 13 1 12 7 10 1 7 5 1 10 1 2 7 1 13 1 2 3 2 10 1 10 1 5 3 3 1 5 12 11 5 10 6 13 1 16 6 14 4 2 3 1 1 2 14 1 12 1 12 6 5 4 2 3 11 11 16 17 7 3 7 1 5 2 1 10 1 1 15 6 1 1 4 14 14 1 6 7 2 6 1 3 16 4 1 4 3 11 7 4 15 13 5 1 2 5 1 1 1 8 1 1 19 6 17 13 3 5 15 24 13 2 13 7 2 17 10 6 10 3 0 3 7 1 23 8 10 4 12 1 7 8 10 2 5 4 12 12
18 11 1 1 4 1 7 3 1 2 3 5 5 1 23 5 9 5 13 4 1 5 1 7 7 22 7 4 17 5 3 16 3 4 3 4 1 1 2 3 11 12 3 4 3 3 6 4 2 1 12 1 1 2 1 3 13 4 2 3 12 16 2 5 9 15 1 10 1 7 4 5 8 1 5 2 5 3 1 6 1 8 1 2 11 7 17 1 1 13 1 21 6 4 2 8 1 3 1 7 1 7 19 4 1 5 4 10 1 1 6 3 2 3 12 10 5 11 4 13 6 20 9 1 13 13 2 5 4 8 5 12 4 0 7 7 19 9 2 22 1 3 6 2 6 2 10 4 16 7
3 1 4 12 1 4 17 2 5 21 1 2 4 6 28 2 1 21 5 20 14 3 10 1 20 27 2 16 19 23 1 6 2 1 5 12 5 6 9 10 25 26 3 3 2 1 2 2 2 1 1 4 2 6 2 5 21 3 29 7 8 3 7 4 21 28 18 1 2 1 33 5 10 12 21 8 3 1 6 22 34 6 15 10 3 2 5 9 4 15 9 37 16 8 2 2 3 1 2 1 7 6 8 1 7 6 2 4 2 8 4 16 22 7 1 2 1 1 17 11 25 8 8 14 3 25 13 1 1 20 7 1 14 4 0 20 6 4 1 20 4 8 30 6 1 12 2 9 15 1
2 24 4 10 23 10 2 26 6 6 30 17 6 8 4 18 29 3 3 5 7 9 13 12 2 1 1 7 1 1 10 1 11 18 15 8 5 1 5 9 1 1 18 34 14 23 18 6 3 30 19 17 8 12 2 23 1 2 1 8 1 1 19 30 8 1 1 27 19 8 1 4 1 9 6 15 1 15 19 1 3 7 10 11 19 7 14 11 20 2 1 2 4 4 15 6 13 22 2 15 3 1 27 40 19 2 11 6 5 3 6 1 1 14 28 33 4 26 3 1 1 29 1 16 27 2 10 6 1 1 24 1 10 6 30 0 5 1 17 1 21 3 1 11 1 9 21 5 5 16
18 2 10 19 7 5 28 1 19 20 5 1 7 5 8 10 8 27 19 5 13 7 3 10 35 19 23 3 22 18 13 1 17 7 2 4 4 3 4 11 11 22 3 1 14 8 5 7 5 2 4 18 5 1 10 8 29 9 38 13 20 14 10 1 9 23 34 4 1 4 9 6 20 7 13 6 22 12 11 34 24 18 12 10 2 5 1 5 4 29 14 12 30 29 3 7 7 10 9 2 3 11 3 3 9 21 20 19 3 8 23 11 14 22 3 4 1 8 26 7 16 1 22 5 3 18 12 7 6 12 9 31 26 21 3 16 0 26 7 3 8 3 16 16 7 13 4 25 29 5
7 3 6 15 11 15 2 2 4 1 9 31 9 4 10 6 17 3 4 2 1 5 4 19 1 1 5 8 3 1 3 5 10 25 1 3 5 2 8 3 6 2 8 17 3 3 19 11 16 11 18 7 9 6 1 11 5 6 1 4 4 5 13 5 1 2 1 17 12 18 2 1 5 2 3 10 3 19 2 2 2 1 7 1 21 21 8 8 20 1 11 5 1 1 5 3 5 17 4 10 4 2 15 33 9 5 2 2 5 7 1 1 6 2 13 1 13 3 3 2 2 1 1 7 7 1 3 7 1 1 5 4 9 11 27 4 23 0 19 4 1 5 1 8 15 5 17 3 9 9
11 1 3 3 6 6 27 1 12 11 1 1 2 12 12 9 2 8 3 7 4 2 5 3 11 14 27 3 18 15 2 31 17 2 6 19 7 6 2 8 1 7 4 2 5 2 3 2 2 1 1 7 4 18 9 4 20 6 7 5 17 9 7 4 8 24 9 1 1 1 28 20 14 13 22 5 8 2 7 26 28 9 11 2 1 2 4 11 1 10 10 10 17 17 2 18 5 2 8 3 5 18 10 3 8 9 17 6 14 7 4 30 21 16 4 1 1 1 12 1 11 8 3 15 1 26 8 1 21 6 5 18 18 4 1 29 3 12 0 22 4 12 7 9 1 3 3 17 13 1
1 30 5 20 3 21 4 41 6 10 25 33 4 2 1 20 28 9 1 10 14 14 7 11 1 1 1 6 3 8 2 2 7 34 5 6 4 10 20 6 1 1 2 41 18 22 3 10 20 11 4 18 11 11 14 7 2 15 4 6 3 1 18 28 3 1 5 29 20 19 1 10 1 13 1 15 2 10 23 4 1 3 15 14 1 25 11 10 14 2 20 1 7 1 33 3 7 4 8 35 3 3 35 17 21 6 14 7 4 18 2 5 1 2 8 12 12 24 9 5 2 16 2 16 33 6 11 25 2 5 2 4 10 14 10 4 33 4 17 0 27 9 1 16 23 10 19 7 1 18
19 2 2 3 2 1 19 6 4 10 4 2 1 7 30 3 2 2 7 13 7 3 12 1 4 23 16 7 20 15 3 2 11 1 10 2 7 16 1 3 7 9 2 1 2 1 1 1 1 5 4 2 1 11 9 1 25 8 2 1 11 22 4 7 15 23 24 2 2 5 3 9 5 9 15 2 2 1 7 22 29 14 14 3 7 2 1 4 2 16 4 1 3 12 2 10 4 3 3 4 5 18 1 14 4 15 12 7 9 5 9 15 10 11 4 2 1 2 4 9 6 4 28 9 3 11 3 2 9 21 2 12 11 1 4 3 6 8 3 11 0 5 9 3 3 6 2 10 16 1
19 3 3 3 2 4 2 10 2 6 10 6 11 2 10 2 10 4 12 7 3 5 1 3 1 13 8 1 11 8 1 4 1 15 1 5 2 6 1 4 1 5 8 14 4 2 13 11 1 17 5 1 2 2 2 1 10 2 6 3 9 18 5 21 3 7 12 3 11 6 3 4 10 1 2 3 14 3 2 6 18 2 2 2 4 5 7 2 4 12 2 15 4 10 8 8 1 6 3 6 1 1 4 2 4 3 2 4 1 7 2 6 12 1 16 2 3 13 4 7 4 24 14 2 9 9 1 2 12 7 2 12 1 2 9 11 19 11 4 10 9 0 4 6 1 4 9 1 18 5
5 4 10 14 14 18 1 17 13 6 14 9 2 17 1 9 4 7 3 3 2 12 5 9 1 3 2 10 1 4 7 1 9 12 11 2 2 1 4 6 1 5 10 25 3 20 19 18 25 31 6 4 12 1 6 4 1 12 1 7 1 3 15 33 7 1 1 15 26 29 1 7 4 8 3 8 1 7 4 1 3 3 1 1 32 16 18 5 17 1 15 4 2 1 7 4 5 1 12 7 7 1 23 39 4 8 6 5 8 13 7 1 2 9 29 30 13 20 3 1 3 10 1 14 13 1 1 11 1 1 9 1 9 2 19 1 25 1 12 3 22 11 0 12 12 8 8 5 2 5
12 1 1 1 1 2 3 1 1 13 4 7 2 2 21 2 3 8 1 6 10 1 6 3 10 3 8 6 21 1 1 18 4 8 5 13 2 12 3 1 10 5 3 16 1 4 4 6 7 5 5 1 3 3 1 2 13 7 10 4 6 24 1 2 5 2 11 5 4 1 8 11 10 2 8 1 17 2 2 21 2 12 8 2 7 3 6 1 4 19 2 26 12 3 8 10 1 1 1 9 1 10 2 20 1 9 3 11 8 1 6 7 3 5 9 9 8 6 1 1 13 10 21 4 4 16 3 9 11 10 1 19 5 1 9 8 18 6 9 2 4 6 14 0 5 8 3 1 17 6
8 1 6 2 9 3 6 1 7 17 1 2 5 7 31 7 1 1 33 19 20 3 5 6 2 14 31 10 19 20 9 3 3 1 7 20 6 2 10 6 2 12 2 3 7 2 2 2 2 1 1 13 2 8 2 4 32 5 1 5 17 9 8 5 14 14 6 1 2 1 31 6 28 14 23 9 3 4 1 1 24 14 14 8 2 1 4 3 2 23 9 33 8 22 1 23 6 9 10 3 1 2 7 9 9 19 18 14 8 4 9 24 1 12 3 2 1 1 10 23 17 4 33 1 2 2 3 1 21 17 1 22 10 8 1 31 2 24 1 6 4 12 21 5 0 4 2 21 33 1
14 5 7 8 11 1 1 6 4 2 17 12 10 5 16 2 14 2 7 1 1 9 2 7 6 10 4 3 2 3 1 4 3 13 1 3 2 2 1 2 2 10 5 4 1 6 12 14 1 6 12 2 2 1 1 6 10 1 8 1 5 7 8 14 2 11 3 12 21 3 11 2 4 2 2 5 5 4 3 8 1 2 1 1 19 9 18 5 13 6 3 12 1 2 18 2 6 3 4 23 5 3 13 16 2 1 1 1 2 11 1 6 3 2 14 22 19 19 1 9 9 21 8 4 6 2 1 2 5 1 2 7 2 4 14 4 4 3 20 11 10 2 2 2 6 0 16 1 11 10
32 1 9 7 3 5 15 9 5 5 2 2 3 2 15 3 1 13 14 19 6 5 8 2 7 1 4 15 29 6 4 24 7 1 10 4 11 14 12 8 1 10 4 5 1 1 1 1 1 3 1 2 3 14 1 2 14 10 22 4 8 9 4 10 17 1 9 1 3 1 15 7 5 10 16 2 10 2 6 5 31 9 7 14 1 1 6 6 3 4 3 18 20 4 1 15 7 7 3 3 1 12 5 4 3 17 4 19 3 6 14 6 6 11 5 3 1 2 13 14 23 5 19 12 5 21 8 2 16 6 2 8 14 1 2 15 5 24 2 24 1 8 28 5 1 3 0 19 14 2
11 17 4 8 3 9 6 1 2 1 17 15 8 3 7 8 10 1 14 1 1 15 3 15 1 4 4 5 2 3 5 6 3 21 4 1 7 1 3 10 1 4 9 10 3 14 4 12 7 11 5 2 9 2 2 10 8 2 2 1 8 11 6 6 1 8 6 4 2 12 1 1 6 3 2 11 4 5 1 9 7 1 1 1 24 10 23 2 13 1 7 13 3 2 19 2 1 2 7 18 1 3 1 26 7 1 1 1 2 12 2 6 2 5 18 10 7 15 1 2 6 14 8 8 23 1 6 12 3 2 12 6 3 2 10 1 2 4 19 2 15 5 4 9 19 1 1 0 3 18
1 7 18 24 11 24 1 25 14 13 22 42 25 19 1 19 18 10 1 4 6 2 13 1 4 1 1 14 1 8 25 2 5 15 8 11 12 5 3 25 2 1 25 16 15 6 16 21 3 27 9 8 20 17 8 29 3 12 1 2 2 1 24 8 4 2 3 15 9 32 2 14 2 8 7 16 2 27 7 3 1 11 12 5 30 31 16 4 14 4 19 1 8 6 6 1 22 19 14 39 22 5 42 35 20 13 6 3 3 8 2 6 2 4 22 6 2 19 5 4 2 42 2 7 30 5 11 25 4 1 18 4 18 1 5 5 35 6 29 1 26 16 4 14 15 10 9 9 0 6
10 1 7 9 9 6 5 1 11 20 1 6 4 1 12 4 1 17 33 3 15 6 1 3 19 31 24 5 16 1 2 27 3 1 10 9 2 23 9 8 22 11 1 3 2 1 2 1 3 1 1 4 13 12 16 5 27 1 14 2 5 18 5 1 3 19 14 1 1 1 32 8 25 12 12 2 31 5 7 25 10 10 18 11 1 2 7 14 3 24 13 9 11 11 1 10 12 6 2 3 2 7 4 7 8 9 19 25 3 6 11 3 32 7 4 2 1 1 11 23 27 3 20 6 3 23 15 1 14 28 2 14 9 13 1 30 5 9 1 21 1 8 28 8 1 18 2 5 31 0
