100
11 15 9 17 5
31 22 29 15 83
12 5 13 8 8
12 10 7 22 15
12 3 9 6 22
20 15 17 6 37
17 19 7 5 29
31 27 21 13 74
6 7 5 7 1
17 21 17 11 45
10 7 7 10 31
21 14 18 33 1
4 10 4 5 11
13 32 29 26 37
14 15 35 29 5
16 8 7 12 46
13 7 13 8 46
22 13 23 33 87
12 23 21 20 70
3 4 9 6 13
21 29 24 9 19
16 8 18 19 37
15 21 14 19 20
20 18 11 22 6
10 10 8 19 9
12 5 8 11 0
10 12 10 10 13
15 10 16 15 59
20 32 28 25 18
6 6 11 12 11
31 28 28 8 79
8 11 8 12 6
22 10 31 14 30
28 33 21 15 22
22 36 26 9 28
9 11 3 11 24
21 29 21 14 6
21 7 22 9 29
7 19 14 18 5
33 34 32 12 9
10 15 15 21 1
5 5 4 6 22
12 11 18 7 45
12 5 5 4 26
19 11 19 28 73
13 8 14 10 33
13 25 26 9 69
11 9 9 10 28
22 15 17 21 72
8 9 3 8 24
33 34 34 27 21
15 15 12 19 50
25 28 31 13 65
10 8 12 11 39
14 17 6 19 49
13 18 18 31 84
3 3 5 8 13
15 14 14 31 72
17 14 18 15 62
10 9 18 17 28
18 25 28 14 47
7 4 8 10 29
4 9 10 8 25
30 17 25 29 1
13 21 16 7 24
7 3 7 4 19
13 13 12 13 1
7 3 8 8 26
5 6 6 5 18
31 26 25 9 66
13 7 6 8 29
15 26 29 26 46
15 11 11 5 2
13 10 11 15 35
14 12 12 20 35
7 20 22 22 21
21 15 23 17 70
18 15 12 15 49
9 12 17 17 16
10 6 12 6 11
8 6 11 8 28
16 23 11 12 46
16 18 22 18 26
26 18 27 11 42
18 22 16 13 59
9 10 4 5 1
18 17 12 13 12
27 12 27 28 55
14 15 15 11 22
11 14 6 12 38
32 26 13 27 88
26 10 12 9 17
11 19 11 22 40
18 22 9 13 13
19 16 16 14 23
7 4 12 10 32
19 18 11 12 16
20 23 20 16 48
10 10 6 9 35
13 18 16 5 7
0 14 4 1 5 1 2 6 1 3 3 14 6 5 19 2 1 15 5 13 1 1 4 9 1 5 4 1 10 4 9 1 1 5 13 4 13 1 3 5 2 13 1 13 8 3 8 2 6 10 14 2 8 5 1 8 3 10 3 1 16 5 1 20 2 14 1 11 12 7 2 5 4 1 1 9 6 1 1 3 3 2 5 15 3 8 2 14 1 1 8 1 4 2 1 5 3 7 4 1
20 0 10 10 14 19 10 1 21 14 30 2 2 1 1 10 3 3 7 4 7 16 10 11 24 15 22 7 3 29 1 15 3 1 2 15 2 17 13 5 10 15 19 33 9 13 9 11 8 13 4 14 1 13 11 3 23 1 15 15 4 25 17 1 8 3 18 6 9 2 6 1 7 6 12 5 7 15 20 9 22 1 7 3 14 8 7 1 4 21 1 10 3 1 3 17 1 9 19 12
6 18 0 6 2 3 4 11 1 14 1 11 7 8 4 1 1 11 17 8 20 6 15 8 3 1 2 3 12 1 11 1 6 8 16 2 14 4 4 11 10 2 5 3 19 1 10 1 18 5 36 9 23 1 8 13 3 11 7 4 3 2 2 21 4 1 4 1 6 13 2 22 2 2 5 7 10 8 6 1 1 11 10 17 11 4 1 17 7 2 28 4 1 1 6 1 5 13 1 6
1 1 1 0 7 2 1 9 12 6 3 10 5 6 17 4 3 15 9 4 15 4 1 10 1 5 2 1 24 5 10 2 8 10 16 4 11 4 1 6 3 3 1 8 3 1 1 1 12 5 5 2 11 4 1 8 5 5 4 1 4 4 6 19 2 12 1 8 6 17 4 15 1 1 3 4 4 3 2 2 3 5 5 11 6 2 4 7 1 3 7 1 3 1 2 6 3 2 4 1
6 8 4 2 0 1 5 22 1 18 2 25 2 8 26 6 2 17 11 2 17 14 2 11 5 2 5 10 27 1 31 4 11 16 2 2 5 10 11 16 7 4 2 1 11 2 18 4 15 1 5 9 26 2 1 10 2 9 7 8 3 1 1 33 3 4 8 2 2 14 2 22 2 4 8 13 19 10 3 1 1 9 18 14 17 1 9 4 2 6 8 13 14 13 9 1 15 19 2 4
2 14 2 2 14 0 5 1 3 4 6 4 10 5 8 1 2 13 8 10 11 1 3 6 3 6 8 1 22 2 4 4 3 6 9 5 4 1 1 25 1 10 1 6 1 2 2 1 8 1 28 1 10 5 1 6 1 1 1 2 10 4 3 16 1 18 2 10 12 4 1 2 1 3 1 3 2 1 1 4 10 2 7 7 2 8 1 2 1 1 2 1 1 1 2 3 1 4 7 2
1 4 1 1 5 2 0 13 6 9 5 3 9 2 11 1 1 16 3 5 17 3 5 9 1 3 2 3 14 6 18 1 2 16 1 7 3 4 1 19 5 10 1 10 2 1 7 4 5 4 12 3 9 3 2 13 6 7 8 1 7 6 2 21 4 8 1 8 9 15 7 3 1 1 1 9 14 5 1 5 4 1 13 1 8 7 5 3 3 1 19 1 3 6 2 1 1 15 5 2
13 2 17 4 31 8 20 0 11 10 5 2 30 3 1 8 18 1 6 1 2 6 8 4 6 3 10 17 1 2 1 18 2 1 1 20 3 3 13 8 3 3 21 21 4 7 3 7 3 8 3 3 2 7 12 4 22 9 2 8 1 2 16 2 1 14 20 5 31 1 6 1 14 17 17 4 2 5 8 22 18 12 9 1 5 27 14 1 11 10 1 4 11 6 7 2 12 3 22 6
8 23 4 3 2 1 2 27 0 7 1 25 1 4 3 3 2 24 13 1 23 8 4 12 7 3 5 7 32 1 23 2 9 9 2 2 11 4 4 39 12 2 3 1 25 2 8 1 10 1 41 14 9 7 11 21 1 13 6 13 3 1 3 14 4 1 1 1 1 28 2 18 2 12 12 9 23 8 15 2 4 14 17 11 1 1 10 12 3 3 15 5 7 3 17 1 15 1 1 8
5 13 11 6 2 2 1 8 13 0 5 1 9 5 13 4 6 3 1 11 6 2 1 1 6 7 10 1 19 13 3 10 1 7 12 6 2 3 1 6 1 6 6 3 1 1 1 10 3 9 7 2 9 12 4 6 22 4 1 2 6 1 11 14 1 4 3 1 4 9 12 5 4 1 4 2 5 2 1 13 10 2 4 3 1 1 3 4 1 8 8 2 1 2 1 2 1 1 9 6
2 28 2 2 2 10 1 8 1 6 0 20 2 14 4 1 1 5 21 6 22 2 5 11 6 1 1 11 3 1 15 2 16 5 21 1 1 11 11 14 13 4 7 4 17 5 15 1 15 1 46 7 18 2 6 19 3 1 15 8 15 1 1 11 8 1 2 2 1 12 1 26 1 4 12 9 3 7 8 1 1 5 8 12 13 2 11 30 8 3 23 5 7 14 8 1 3 17 1 8
1 5 24 4 13 9 6 3 7 5 10 0 25 2 3 4 11 1 3 17 1 6 4 5 15 17 17 7 4 6 3 21 4 4 3 20 1 2 7 12 7 6 13 21 3 9 6 11 2 22 1 4 3 17 9 3 30 5 5 1 1 7 11 1 5 17 15 19 3 2 24 5 2 9 8 7 2 2 8 4 25 3 6 2 5 3 13 3 13 14 2 12 5 10 7 17 13 3 19 5
11 26 4 14 2 2 3 31 1 12 4 7 0 4 2 5 2 2 1 1 7 18 23 14 2 6 1 15 14 2 29 4 6 21 11 4 6 9 17 11 10 1 1 1 20 9 15 6 13 2 29 5 18 4 6 23 1 1 15 12 14 1 3 24 11 1 7 1 1 12 3 21 8 1 12 17 1 4 16 4 1 9 24 10 8 1 18 11 14 7 24 1 4 16 14 1 10 25 5 7
15 1 27 18 15 3 8 2 18 11 15 3 22 0 3 20 22 2 8 19 1 4 4 14 13 29 4 16 1 19 2 6 3 1 1 30 2 14 9 4 13 35 14 8 10 7 8 4 1 7 13 4 1 6 22 6 23 3 5 12 3 8 5 1 17 4 20 14 24 1 17 1 9 2 14 2 4 7 16 17 7 16 3 7 5 32 4 3 16 17 1 4 4 5 8 21 8 9 31 21
5 1 9 3 4 6 1 1 15 3 12 1 22 3 0 5 4 1 6 30 4 13 5 9 11 20 7 3 2 3 1 18 2 2 1 10 2 7 4 3 9 25 22 33 7 8 6 16 6 27 14 3 2 18 16 5 32 1 4 1 1 13 12 3 5 16 3 11 35 1 10 1 12 19 17 6 2 12 1 6 27 13 8 4 2 2 9 1 18 25 2 14 2 11 1 8 9 5 9 19
1 8 2 1 6 4 2 2 5 5 3 18 9 16 12 0 1 13 4 9 5 5 6 6 2 2 1 2 18 2 25 2 3 3 17 3 4 7 1 26 6 11 2 7 10 1 7 2 6 2 16 6 10 1 1 8 4 5 1 4 21 7 6 7 6 8 3 2 5 9 1 14 1 2 1 9 11 5 5 3 4 9 13 1 12 7 4 25 1 1 3 5 9 4 3 2 7 1 2 2
3 23 1 3 4 2 3 20 8 11 2 10 2 9 16 1 0 14 3 8 12 1 2 10 3 2 1 3 10 1 14 1 8 10 5 2 18 8 4 10 2 8 3 4 14 2 5 1 15 4 41 1 1 1 4 12 7 14 11 6 1 6 5 16 7 3 4 6 9 13 3 17 1 2 4 5 4 6 2 3 2 6 1 8 5 2 8 7 4 1 20 8 5 9 12 1 5 18 1 5
14 1 9 10 21 2 11 1 30 12 22 2 24 4 1 18 19 0 5 26 1 11 3 5 4 18 14 16 3 14 1 25 3 3 1 1 3 14 10 8 8 18 12 3 7 12 2 22 1 12 11 10 1 15 13 3 10 4 4 15 3 13 26 2 10 18 11 18 19 1 26 2 13 5 11 8 5 15 10 9 24 12 7 4 11 5 3 1 10 23 1 9 8 3 13 6 14 2 19 6
12 9 13 11 5 9 2 4 23 4 3 3 14 8 3 3 17 6 0 12 1 7 1 1 1 12 1 4 13 6 7 7 1 2 8 9 4 1 2 8 7 7 9 4 1 8 1 9 1 1 16 6 1 7 5 2 23 1 5 5 2 12 1 2 7 20 5 1 17 2 6 7 8 7 2 1 1 5 1 13 16 1 1 3 1 20 4 8 4 12 11 8 4 3 4 7 8 1 20 5
1 4 4 3 2 12 1 28 1 14 4 14 1 22 28 3 2 14 9 0 25 1 6 17 3 5 10 16 40 4 18 4 11 2 18 2 5 8 2 44 4 1 13 2 13 7 9 6 18 3 30 4 29 8 9 2 1 21 13 12 13 2 3 34 1 1 7 2 1 2 6 10 7 1 2 3 3 19 14 1 4 9 3 1 8 2 19 23 5 9 27 16 8 5 13 2 17 11 3 6
1 1 5 7 14 10 14 2 17 6 15 1 9 3 3 2 10 1 1 1 0 5 1 5 11 21 3 11 7 21 6 2 2 7 1 24 1 10 6 5 1 12 9 16 1 6 2 9 4 27 12 10 4 18 8 1 9 1 4 14 1 19 1 4 12 31 9 11 6 3 8 2 14 14 9 6 1 7 8 20 22 3 1 1 6 9 6 2 4 11 2 11 10 2 8 13 7 1 9 5
2 16 10 1 11 1 2 14 3 1 2 10 12 4 15 1 4 6 4 15 3 0 3 4 4 10 8 2 9 7 11 8 1 14 8 5 12 1 1 8 1 4 1 6 5 4 2 1 5 2 11 1 8 2 1 7 9 2 1 1 5 8 14 6 2 11 3 5 18 8 3 3 1 5 1 1 3 1 3 2 14 1 3 7 1 5 1 13 1 3 3 1 1 1 2 9 1 4 11 2
1 7 10 3 12 2 9 3 4 1 5 5 19 7 6 5 8 10 1 14 4 1 0 1 7 16 1 3 4 8 13 6 2 8 8 6 4 3 1 6 3 19 2 1 4 7 2 4 1 18 2 2 7 9 5 5 13 2 2 6 1 16 17 6 2 16 8 11 7 11 2 13 6 8 5 1 3 3 4 10 13 1 1 1 1 3 3 1 7 7 4 2 2 2 1 5 3 4 8 2
6 2 9 8 1 5 1 4 4 2 8 7 23 14 4 8 4 5 2 16 2 2 1 0 2 1 6 4 13 14 2 9 3 13 9 15 7 6 3 8 1 3 3 21 2 4 1 9 2 5 14 5 7 15 3 3 17 1 3 8 4 7 3 14 7 8 3 18 16 9 7 3 8 11 4 1 1 4 2 9 16 3 1 1 1 1 4 10 7 2 9 5 2 4 1 12 5 4 13 9
2 16 2 1 3 1 1 21 7 6 1 9 9 22 1 1 2 9 8 9 17 4 6 7 0 2 1 2 28 1 23 2 6 2 14 4 18 2 3 22 1 12 1 3 1 1 10 2 7 5 37 4 6 1 3 11 1 13 8 1 5 2 6 23 3 6 1 5 4 12 1 5 1 1 1 7 14 5 4 1 7 1 5 12 8 7 4 19 3 1 9 3 8 2 2 5 3 15 3 2
2 28 1 7 2 2 2 20 2 4 1 3 1 7 14 3 2 4 10 6 6 10 13 11 5 0 3 1 26 1 13 1 13 29 12 1 4 6 4 28 2 4 1 3 4 3 6 1 1 2 9 11 12 1 9 14 2 1 5 3 2 2 2 25 10 6 6 2 7 25 1 4 3 3 4 9 16 6 3 1 1 11 8 13 14 4 1 21 9 1 21 10 11 6 13 1 5 2 1 1
1 22 2 1 1 5 2 14 5 12 2 21 5 2 13 1 1 12 8 2 10 1 3 7 1 2 0 3 5 3 20 1 8 20 25 1 16 6 5 25 2 5 1 8 13 1 11 1 9 1 21 3 7 1 4 16 5 9 10 1 9 1 1 26 4 1 3 6 8 2 1 2 1 1 1 9 9 9 4 2 4 7 2 9 2 3 1 9 4 1 6 4 3 5 7 4 1 8 1 3
2 4 7 1 9 1 4 9 8 2 9 8 5 19 1 4 5 15 3 7 2 2 1 5 1 4 4 0 4 3 17 7 2 14 6 3 6 1 1 10 2 12 1 1 4 2 2 4 3 14 6 2 15 4 1 5 1 9 1 1 7 6 2 5 1 2 1 1 1 5 8 12 3 2 1 6 4 1 1 10 7 3 5 4 5 4 1 9 1 1 4 1 1 3 1 3 1 7 3 1
22 2 20 5 32 15 3 1 10 18 18 3 6 2 4 8 32 4 3 40 7 22 12 7 6 12 17 8 0 16 4 11 9 4 4 17 7 1 11 1 16 24 28 4 9 2 14 24 2 36 6 17 2 32 2 5 8 9 1 20 1 22 10 2 9 5 27 19 3 3 23 1 21 21 13 1 7 6 20 1 3 9 12 1 6 10 5 1 11 1 1 4 13 19 5 28 22 10 1 24
6 3 1 1 1 4 4 14 3 12 1 17 1 15 26 4 3 4 12 1 19 7 7 9 4 1 3 3 34 0 10 1 16 15 2 1 4 7 2 22 12 2 4 2 3 3 18 1 17 2 37 2 7 3 7 22 8 9 4 5 8 1 1 21 6 5 3 4 3 15 1 27 3 5 8 7 10 11 6 1 1 12 11 17 5 2 4 29 9 1 29 3 10 3 12 1 4 11 1 1
1 1 22 13 11 7 23 1 17 2 14 2 8 2 1 4 4 2 3 23 3 14 1 2 3 8 19 19 4 22 0 12 8 1 1 19 4 3 11 8 7 21 19 22 8 14 8 7 1 2 2 6 1 12 17 7 14 9 11 15 5 18 3 3 1 23 5 3 25 2 15 1 12 23 14 12 9 7 7 24 30 5 1 1 7 1 16 1 12 17 1 6 16 1 2 11 5 6 6 17
3 10 1 4 1 6 2 17 3 6 2 10 5 22 26 1 1 26 14 1 5 6 6 10 1 1 1 5 31 2 16 0 9 28 4 2 6 8 3 12 5 7 3 1 14 3 8 1 15 1 38 3 13 1 3 16 3 14 6 5 5 5 2 23 7 1 6 5 7 23 1 9 1 2 1 15 7 8 3 2 2 1 1 5 2 1 4 14 3 1 25 2 10 7 9 3 4 12 2 4
7 7 12 11 8 6 13 2 2 4 10 1 27 7 8 6 15 7 1 3 3 5 2 1 6 11 11 4 2 5 3 7 0 3 2 7 2 1 1 10 4 20 12 5 1 6 1 10 1 22 7 4 1 12 6 1 13 1 3 9 2 18 20 2 8 26 1 11 1 5 16 5 12 1 6 3 1 5 2 18 14 4 1 1 4 10 1 1 2 17 1 10 1 5 6 8 4 1 3 8
20 1 24 9 15 15 13 2 1 12 6 2 36 1 1 11 6 2 5 9 5 18 2 8 17 25 26 4 1 8 1 27 10 0 2 24 1 3 18 7 7 35 3 15 9 24 5 7 4 33 3 5 1 2 4 3 25 2 13 8 2 31 21 2 14 17 11 14 4 1 30 1 9 21 4 11 3 13 2 1 3 4 9 4 6 3 6 1 13 10 1 11 11 17 13 8 10 7 29 21
2 1 17 15 30 13 3 1 20 9 21 1 16 3 1 25 23 1 2 15 4 11 9 9 20 15 18 15 4 20 1 2 3 2 0 17 4 12 17 2 13 7 20 10 1 21 7 27 3 26 7 9 1 8 17 1 22 4 9 5 3 7 8 4 2 27 10 13 19 1 1 1 23 22 14 11 4 10 2 15 28 11 6 5 4 8 10 1 11 3 2 14 7 7 7 15 9 4 20 11
5 19 1 6 2 1 1 13 1 5 1 14 5 33 14 4 3 9 1 5 16 5 8 4 5 1 3 8 30 1 9 2 11 13 29 0 23 3 2 17 6 7 1 3 17 1 7 2 1 3 12 11 10 2 5 19 1 6 3 9 2 1 1 3 10 4 7 2 3 6 1 4 1 3 11 12 16 5 10 1 1 1 16 1 2 1 7 12 2 3 11 4 4 6 13 1 4 4 1 3
7 2 10 15 9 7 3 3 15 9 6 1 8 1 4 16 6 1 3 16 1 11 5 3 15 1 7 3 3 2 1 16 4 4 4 21 0 7 4 6 1 20 15 14 2 4 1 16 3 27 11 1 6 2 12 1 28 5 3 7 1 27 5 1 12 13 4 13 29 2 18 2 8 7 4 1 2 11 8 9 21 3 3 1 5 8 6 2 1 1 2 9 5 3 3 6 2 3 19 1
3 14 7 2 10 1 4 8 7 1 1 11 11 6 17 3 3 8 3 16 9 1 2 3 1 9 8 1 16 4 3 2 6 16 7 2 7 0 1 1 1 12 2 1 7 6 6 4 4 2 26 1 17 2 1 3 6 4 2 1 13 2 2 18 1 16 3 6 1 6 2 11 4 4 1 2 2 1 2 1 9 1 3 5 2 4 1 11 2 8 18 1 2 1 1 2 1 8 9 2
3 12 9 1 7 1 4 11 13 1 4 1 17 3 17 3 6 8 7 2 8 1 2 1 5 3 3 1 21 2 4 1 7 7 11 12 1 1 0 15 1 13 5 10 2 2 1 2 1 8 4 1 10 4 1 10 1 3 2 2 3 11 9 19 1 8 3 11 12 6 9 1 6 2 1 4 5 1 1 2 12 1 2 10 4 11 1 2 1 4 4 1 2 2 2 11 1 5 9 1
24 7 22 9 4 13 13 1 22 13 35 11 3 4 4 5 31 5 4 35 1 22 1 20 22 15 2 5 3 17 3 8 16 3 7 12 8 6 23 0 1 44 31 11 5 28 14 10 9 7 1 1 1 18 2 14 2 3 15 10 6 22 15 5 11 21 1 34 5 3 11 7 29 8 12 7 2 1 7 20 26 10 14 3 10 37 19 3 23 8 3 24 12 2 6 37 5 8 23 1
4 6 1 1 14 1 4 12 6 1 7 1 15 11 11 2 7 1 3 8 8 1 4 2 5 4 8 2 19 6 1 10 5 8 2 8 8 1 1 5 0 1 1 4 5 3 3 4 1 7 15 1 16 3 1 4 1 2 1 1 11 1 8 9 1 20 5 6 12 4 11 9 7 2 1 2 1 1 2 7 5 1 6 3 3 1 1 15 2 3 13 2 1 1 1 13 1 2 6 2
12 23 4 12 3 4 14 13 1 7 1 11 1 10 17 7 1 4 23 1 22 5 5 5 5 6 1 16 21 1 14 7 8 33 7 3 21 9 12 38 2 0 5 2 21 5 16 7 15 2 51 18 28 4 4 13 1 5 17 16 28 3 3 26 15 1 1 1 1 12 3 9 5 5 8 19 27 11 15 7 3 11 12 28 1 3 15 1 3 2 30 9 3 2 11 4 9 27 6 2
1 9 5 1 3 1 1 12 10 8 7 14 6 16 3 1 2 10 4 7 16 4 6 4 1 2 1 3 16 6 9 2 5 10 19 4 18 4 2 17 4 8 0 9 3 1 9 4 8 7 11 4 19 3 2 16 8 6 8 2 5 3 4 19 3 10 1 8 4 19 4 19 2 1 1 8 9 6 3 5 1 4 7 5 3 2 2 16 1 2 2 4 7 2 8 5 5 10 2 2
11 15 4 11 2 1 10 22 1 3 4 19 1 12 22 8 6 6 23 1 9 4 9 12 7 3 5 8 25 3 30 3 17 8 7 1 16 3 5 16 17 3 5 0 19 1 13 5 14 1 12 3 14 6 15 26 2 14 11 1 19 1 1 7 6 2 9 1 1 5 1 15 3 8 12 6 19 13 1 2 1 2 9 7 11 1 8 1 13 8 26 10 18 9 9 3 12 16 3 6
9 2 17 1 15 7 7 7 13 2 7 4 27 4 6 16 16 6 1 21 1 8 4 1 1 18 7 1 4 16 3 19 1 3 5 15 4 8 1 14 7 16 9 6 0 3 1 10 1 2 15 4 9 9 3 1 19 1 5 7 3 18 11 10 7 18 11 19 27 7 18 4 5 6 2 3 1 7 11 17 10 6 1 1 2 1 7 8 10 11 1 8 6 6 5 18 8 1 1 3
1 3 3 1 1 2 1 9 5 2 2 2 4 4 19 1 2 8 1 11 4 8 9 12 1 2 1 5 24 4 5 2 10 9 14 1 12 6 3 2 1 6 1 7 9 0 8 2 14 4 9 4 9 2 3 2 6 4 2 2 14 1 5 27 4 7 2 8 11 15 4 13 1 1 2 9 15 6 5 2 4 4 2 16 9 8 5 10 4 1 22 3 6 6 5 3 3 10 4 1
1 10 1 3 21 5 8 8 22 2 3 4 13 5 4 1 8 6 1 3 1 3 1 1 6 3 15 3 2 4 10 15 1 4 4 10 2 4 1 2 5 12 4 1 2 7 0 7 1 18 17 1 9 5 5 2 25 1 4 5 1 13 10 2 5 3 7 8 5 3 8 6 12 4 4 1 1 2 4 7 4 2 1 3 1 3 4 1 5 2 5 6 4 2 3 5 6 3 3 9
5 20 1 2 2 1 1 23 6 10 2 20 7 25 3 2 1 10 4 7 7 2 14 11 4 1 1 4 8 1 14 1 13 8 16 2 12 8 6 34 6 1 4 5 8 1 16 0 5 1 37 4 19 1 3 13 9 5 1 6 11 2 4 19 4 3 1 6 8 9 2 20 1 4 3 2 16 5 6 2 1 6 2 20 1 3 3 25 1 1 18 1 11 10 2 1 4 3 1 2
5 1 18 4 11 8 10 7 5 1 6 5 1 3 8 1 9 2 1 11 2 3 3 1 12 19 5 6 13 9 8 8 1 3 7 10 5 7 5 6 6 4 4 21 1 8 1 15 0 9 21 3 5 17 4 1 20 1 4 6 3 21 2 10 2 27 3 2 5 1 2 10 12 5 6 2 1 5 2 18 3 3 1 2 1 17 6 1 6 15 9 1 5 2 1 21 6 1 13 1
11 14 4 1 1 15 9 27 1 19 2 28 1 13 7 4 2 5 17 1 14 2 5 20 2 3 4 12 24 3 21 5 4 4 4 3 19 7 7 35 11 4 7 1 5 8 4 1 14 0 33 15 24 6 9 24 3 18 17 10 21 1 1 21 9 3 6 1 1 31 1 1 6 2 4 1 10 11 5 2 2 6 12 21 16 1 8 22 4 3 25 10 9 3 6 2 9 12 1 9
6 10 33 30 1 14 29 14 24 18 12 2 11 1 6 34 2 2 8 26 18 22 17 6 10 38 18 30 11 42 9 8 7 4 15 29 7 26 6 3 22 38 25 22 2 14 16 9 9 30 0 20 7 28 8 12 45 4 11 15 12 5 39 3 13 6 7 27 3 15 32 7 21 34 3 6 26 16 16 33 29 6 1 13 12 28 25 16 18 20 7 24 19 25 22 21 12 14 41 13
2 6 7 2 12 1 6 8 13 1 11 3 1 6 7 8 9 14 6 9 11 1 4 3 3 7 3 2 11 6 12 7 2 5 7 11 8 1 1 3 1 2 2 10 8 7 6 11 6 7 30 0 2 8 1 4 6 1 1 2 7 7 12 1 2 7 2 12 7 11 1 10 4 5 1 2 2 1 3 4 12 1 6 3 2 6 1 3 1 6 11 1 1 1 2 5 1 8 12 1
15 1 26 13 5 13 16 2 16 7 9 1 26 1 2 19 7 3 7 32 2 13 11 2 13 1 15 2 3 7 1 18 4 1 2 27 2 8 3 2 13 30 3 34 5 19 1 16 8 29 14 17 0 21 18 5 13 8 8 18 6 3 1 2 2 11 18 12 15 3 27 1 24 13 3 3 6 17 21 11 8 3 1 5 8 18 12 1 21 17 1 9 6 9 3 8 8 3 7 8
4 16 1 5 1 7 1 7 3 8 2 9 3 21 24 1 1 18 3 2 16 9 2 6 3 1 1 7 19 2 17 1 14 15 17 1 8 9 2 35 9 9 1 4 9 2 16 1 17 4 6 3 6 0 7 19 6 16 6 2 6 4 1 12 5 8 5 6 8 21 2 1 1 2 6 12 8 4 7 3 3 5 7 10 1 4 2 20 4 1 5 1 3 3 7 3 7 19 1 1
1 6 5 2 2 1 1 6 5 3 5 9 6 7 17 6 3 6 6 17 13 1 2 3 4 6 3 1 17 4 18 1 7 13 15 6 9 1 1 17 1 6 3 3 4 1 8 4 7 13 28 2 14 4 0 12 10 9 4 1 5 9 4 21 1 10 2 1 1 11 1 11 6 3 1 4 9 1 1 9 3 3 3 3 3 6 1 14 1 5 17 1 1 1 2 5 2 4 8 1
7 2 15 7 1 6 6 1 14 2 14 2 19 7 2 9 18 1 2 14 1 9 1 2 8 9 13 11 4 5 6 6 1 4 5 11 1 1 1 15 9 7 7 27 1 5 1 10 1 9 12 7 1 15 6 0 3 3 3 5 2 7 5 6 11 18 2 19 6 3 1 5 7 12 4 2 1 1 10 22 14 7 3 1 4 24 8 5 2 18 1 10 3 1 1 9 4 1 19 2
9 24 5 6 3 14 5 19 1 22 2 27 2 1 36 4 1 23 15 1 1 5 3 17 2 5 5 3 1 2 7 2 21 11 30 3 17 7 11 27 1 1 10 2 2 10 4 10 28 1 35 3 13 3 6 11 0 8 2 2 32 4 1 3 18 1 10 3 1 23 4 1 7 10 17 26 16 18 16 2 7 7 3 9 20 3 9 16 16 3 15 16 7 20 7 5 3 21 3 14
6 1 9 1 11 8 13 1 5 2 7 3 4 9 7 4 5 5 1 26 2 5 1 1 10 11 15 7 2 13 5 13 1 4 2 20 2 6 7 18 1 17 3 5 1 3 1 16 1 17 17 1 8 1 2 2 18 0 2 2 2 9 13 13 8 3 9 4 21 4 2 4 14 1 8 1 1 3 2 20 2 3 1 2 2 2 3 4 6 10 9 3 4 1 2 3 1 2 10 9
2 2 6 6 13 3 8 13 12 1 6 4 16 5 8 4 10 10 3 21 8 1 1 3 2 5 7 4 6 1 14 8 4 6 12 7 4 1 2 13 1 2 8 18 2 6 3 3 2 17 25 1 11 3 1 8 13 3 0 1 7 2 2 8 1 12 6 8 1 8 15 6 11 1 2 2 6 2 3 7 3 1 5 7 1 4 2 8 2 9 12 2 1 1 1 11 2 3 8 4
1 21 7 1 4 1 3 8 5 3 10 5 14 6 15 2 4 8 4 2 3 2 3 4 3 4 5 1 14 4 7 4 10 7 12 9 10 1 1 5 2 13 1 1 8 3 9 6 1 8 3 1 17 3 1 5 11 1 4 0 5 8 11 5 1 6 1 8 14 8 10 15 2 1 2 2 11 3 1 4 3 1 3 2 7 13 3 18 1 4 2 1 1 3 4 1 1 4 7 1
6 1 3 10 20 5 16 3 9 8 2 1 19 3 3 20 13 1 3 6 1 3 3 4 3 13 9 2 4 8 3 14 2 6 4 20 1 5 1 10 11 27 15 7 3 8 3 17 3 8 7 7 4 2 5 1 22 1 1 10 0 4 12 5 11 30 9 1 14 3 24 5 9 2 11 1 1 8 12 19 20 8 2 1 7 12 8 4 2 21 1 4 10 1 9 25 12 3 24 12
2 13 4 9 1 9 1 16 1 9 2 10 3 12 18 4 6 9 14 3 10 4 6 3 5 2 2 9 14 3 26 1 16 17 3 1 24 4 8 8 3 4 9 1 7 4 1 3 11 1 37 4 19 1 8 9 3 9 17 11 21 0 1 24 1 4 6 1 1 26 1 8 2 8 10 5 10 12 1 1 2 10 13 19 17 1 7 19 1 5 3 13 13 13 8 2 9 2 1 7
2 15 2 6 1 11 8 24 1 7 1 6 4 30 22 3 4 26 7 4 15 4 8 2 6 2 5 12 36 1 32 4 15 24 11 1 12 12 9 20 8 3 6 2 2 3 16 1 15 1 45 2 19 1 5 1 4 14 15 2 2 1 0 24 8 2 10 1 2 16 1 13 2 7 8 16 5 4 6 1 1 9 21 24 4 1 14 8 10 2 26 8 4 8 3 1 13 4 2 2
9 1 25 4 12 18 24 4 23 3 21 7 2 1 2 19 12 4 3 7 1 4 9 8 21 24 14 21 2 8 2 2 11 1 3 24 1 14 20 3 2 20 6 28 1 16 1 9 4 13 13 16 2 4 8 3 10 12 18 8 4 15 1 0 13 1 2 29 24 3 17 1 21 9 20 3 11 19 4 11 14 6 10 9 4 17 14 3 13 20 1 10 3 12 4 13 10 5 33 4
2 4 5 1 9 1 1 4 6 1 5 3 7 6 17 6 7 10 5 11 1 1 2 1 2 2 2 1 20 4 16 4 9 4 13 6 11 1 1 18 2 2 3 10 9 3 1 6 3 13 19 1 13 5 1 4 12 1 2 1 3 14 4 22 0 15 2 12 11 8 10 3 5 4 1 7 2 1 1 9 10 1 1 11 4 13 1 14 1 1 8 1 2 1 1 10 1 1 9 1
6 14 6 9 1 10 12 8 1 5 3 17 1 5 9 4 9 33 18 1 6 13 14 17 12 2 1 6 19 2 17 9 8 15 35 2 8 13 14 21 4 1 7 2 27 5 17 8 20 1 42 4 4 8 17 5 1 22 21 8 31 1 2 29 3 0 10 2 1 35 2 23 10 14 5 4 23 8 6 1 4 5 6 9 11 1 9 4 1 2 20 7 8 18 20 3 19 7 6 12
1 16 4 1 4 3 1 6 8 6 5 16 3 17 4 1 3 6 8 3 15 1 2 1 1 5 1 1 20 6 19 6 3 11 12 5 11 2 3 7 1 12 1 3 8 1 9 4 11 9 13 5 18 4 2 8 11 2 3 1 10 3 6 20 2 10 0 5 3 11 2 3 2 1 2 10 10 3 1 6 9 5 4 7 3 1 4 14 1 3 3 1 1 2 1 9 2 14 3 1
3 26 1 9 2 5 2 6 1 1 1 1 1 34 4 4 4 13 11 1 12 10 9 8 7 3 2 10 25 1 32 4 22 30 16 4 14 1 9 34 3 3 3 1 6 9 9 6 16 1 21 4 15 2 4 19 1 16 16 5 29 1 1 31 5 2 1 0 1 31 1 17 7 9 4 13 6 8 9 3 1 18 16 4 8 1 8 7 13 4 18 12 14 10 10 2 11 16 3 9
3 37 1 5 3 1 3 4 1 5 2 2 1 37 35 3 1 4 8 1 7 7 19 17 2 6 2 4 24 6 36 8 2 30 3 6 3 7 13 1 17 1 12 1 5 4 12 1 3 2 30 19 21 3 5 25 1 1 6 4 26 3 1 33 10 1 5 1 0 23 2 8 9 13 15 2 17 13 15 3 4 20 19 18 14 3 2 11 12 7 2 10 16 17 6 1 19 16 6 3
13 1 2 1 29 8 19 1 18 2 28 1 10 2 1 18 25 1 2 33 1 4 11 9 19 12 15 1 1 16 1 18 4 1 1 28 3 5 7 2 2 32 12 32 2 13 3 22 1 21 5 11 2 17 8 5 30 8 5 12 2 2 7 5 14 21 15 3 2 0 21 1 3 14 11 9 6 14 9 10 21 10 2 3 8 7 6 1 5 19 1 14 1 14 1 4 3 3 7 13
5 29 2 8 2 6 3 8 1 8 1 18 4 25 18 1 1 12 3 3 17 4 15 15 3 1 4 4 4 1 9 2 13 18 24 1 11 4 6 18 6 7 1 2 20 2 2 1 10 2 37 8 25 3 1 14 6 18 14 3 11 2 1 17 6 5 6 2 4 8 0 25 2 5 1 16 10 6 2 1 1 14 14 9 14 3 3 2 6 4 9 6 10 3 7 1 5 17 1 7
5 1 15 13 6 2 21 2 12 9 6 2 23 1 1 4 15 1 3 1 2 9 6 7 23 30 21 19 2 21 1 2 8 1 1 15 1 12 13 3 7 11 18 14 8 4 6 22 5 12 13 7 1 18 14 6 19 3 7 13 3 32 25 2 10 4 18 32 8 2 30 0 2 7 15 7 5 16 16 10 9 9 10 1 5 29 7 1 5 7 1 14 13 7 7 17 1 3 5 17
4 20 2 4 1 5 1 22 2 12 1 22 4 26 21 1 1 11 10 5 19 3 4 11 1 2 1 3 13 2 7 1 10 22 4 4 15 8 3 1 1 6 1 1 13 1 4 1 1 2 30 1 17 1 3 8 9 11 11 4 19 2 4 18 5 2 4 7 7 4 1 6 0 3 4 6 16 6 6 2 3 1 1 19 9 7 4 10 3 1 27 6 2 1 5 1 9 5 2 2
1 14 1 1 3 4 1 12 9 2 7 15 3 23 16 2 3 8 5 8 15 4 5 11 1 3 3 1 17 4 12 2 8 4 22 1 17 3 1 4 3 6 1 7 8 1 2 3 4 3 26 6 20 2 3 2 9 9 3 2 17 6 9 21 4 4 1 10 1 4 2 20 2 0 1 5 7 5 3 2 7 1 11 1 1 8 4 2 3 3 21 3 3 3 5 6 1 7 5 1
2 15 3 1 1 1 5 17 3 4 8 6 11 8 3 7 1 11 1 14 5 1 5 4 1 10 2 1 12 9 4 1 8 5 15 5 4 1 1 7 1 5 4 2 1 1 4 6 1 8 6 1 1 5 1 10 3 4 2 2 5 9 9 19 1 3 3 14 17 15 5 14 8 2 0 1 4 1 1 8 9 2 2 10 1 10 1 4 1 6 9 1 2 2 1 10 1 5 4 2
5 4 10 3 17 6 1 1 15 1 14 3 10 3 6 8 10 8 1 16 2 5 1 1 11 8 6 6 8 7 2 7 2 13 3 15 7 6 5 20 3 15 3 21 1 12 1 4 1 6 6 4 8 13 5 3 16 1 2 5 2 21 8 7 1 14 3 17 17 10 1 4 10 7 2 0 1 4 4 7 7 4 1 5 1 20 3 6 1 13 7 2 4 1 1 14 4 3 2 6
9 10 17 3 19 1 8 8 2 4 16 2 3 10 6 15 4 4 1 5 2 4 1 1 3 11 1 9 1 4 4 17 1 8 6 21 1 3 5 5 4 8 10 12 1 15 1 3 1 13 7 3 9 8 10 1 26 1 1 9 1 21 21 7 1 21 9 18 15 7 21 5 14 2 5 1 0 2 10 15 16 5 1 3 2 2 3 1 8 10 5 3 1 7 3 1 3 1 6 5
2 8 6 1 11 1 1 8 2 2 3 1 3 20 12 8 3 5 7 5 11 1 1 5 1 10 6 1 20 2 13 7 2 7 7 5 3 1 1 18 1 10 1 10 5 5 2 4 4 6 28 1 5 3 2 7 18 1 2 1 7 10 1 10 1 1 4 16 8 3 11 1 4 5 1 5 3 0 2 3 9 1 7 6 2 8 1 9 1 4 8 1 1 1 2 6 1 1 11 3
1 15 3 2 5 1 1 10 7 2 5 5 5 15 9 5 5 4 6 12 11 3 1 1 1 5 6 1 1 6 4 2 2 19 17 8 15 1 1 10 1 13 2 2 5 2 3 4 5 4 28 3 14 7 1 8 8 2 3 1 11 12 10 20 1 12 1 10 8 15 8 15 4 1 1 6 5 1 0 4 8 2 1 12 6 10 2 4 1 5 18 1 1 2 1 4 2 3 2 1
6 4 2 5 2 6 3 21 1 8 1 20 5 12 24 2 2 13 11 5 8 8 12 1 1 1 3 10 13 1 26 1 11 29 17 1 15 12 2 26 9 2 4 4 2 1 7 1 1 1 17 1 9 2 8 1 3 14 14 3 9 1 1 23 1 2 4 3 6 9 1 29 4 4 3 10 14 7 5 0 1 6 1 9 2 2 9 10 4 1 15 3 7 5 3 1 5 4 1 7
8 2 2 9 1 9 3 15 2 3 1 8 5 27 21 3 4 16 3 4 14 8 12 19 2 1 2 1 26 1 2 2 19 2 6 1 10 7 7 30 3 2 2 2 12 5 5 1 9 1 22 13 8 2 4 20 1 9 3 5 17 2 1 7 5 5 5 2 5 20 1 3 3 3 3 1 12 2 7 1 0 6 8 22 4 2 13 25 1 3 23 1 11 7 1 1 8 17 1 7
4 14 3 4 13 2 3 5 14 2 8 2 19 4 11 9 5 7 1 9 10 1 1 2 6 8 10 1 11 3 2 6 2 4 5 14 8 1 1 10 1 11 5 15 3 4 3 2 4 12 10 1 12 4 2 5 4 2 1 4 8 5 3 8 1 2 4 6 1 7 2 11 5 4 1 3 3 1 2 10 6 0 6 5 3 3 1 5 2 9 12 1 1 1 1 13 1 1 2 3
7 9 12 1 4 7 13 8 19 3 20 3 6 13 8 14 10 5 1 8 4 3 1 1 6 17 14 9 14 19 10 3 1 1 7 17 3 2 4 3 5 12 3 19 1 9 1 7 1 21 21 6 6 10 3 3 1 1 1 3 2 1 15 10 8 25 4 21 25 4 9 2 14 7 6 1 1 7 9 11 13 2 0 4 2 4 4 8 1 8 2 2 5 2 3 6 5 1 10 7
7 4 21 4 25 8 6 2 23 6 17 1 6 4 3 6 10 1 2 3 1 4 1 2 12 20 7 3 4 3 6 19 1 7 5 12 1 1 9 6 2 1 7 1 1 2 4 16 3 16 20 3 7 4 7 1 2 2 8 11 1 11 14 1 7 29 4 11 20 4 15 7 13 9 7 5 2 5 8 14 13 2 2 0 3 2 10 5 5 17 5 2 7 10 3 8 10 1 7 13
6 2 2 3 18 4 10 4 13 1 9 1 13 6 8 4 14 9 2 7 2 3 1 1 2 15 9 4 4 14 4 10 2 6 12 7 4 1 5 8 1 10 1 20 1 7 1 13 3 2 18 3 10 12 2 2 19 1 2 5 3 12 5 1 1 24 6 14 20 8 8 2 8 5 1 1 1 4 1 8 15 3 1 3 0 11 3 2 6 10 14 2 3 1 1 13 1 2 10 6
1 7 4 1 1 10 9 21 1 15 1 19 1 15 1 5 4 4 12 1 9 10 19 20 7 4 2 9 17 2 27 5 21 24 27 1 10 6 10 28 13 3 6 1 4 5 9 4 17 1 28 12 26 3 13 19 4 4 12 5 1 1 1 8 12 3 9 1 1 1 1 23 1 4 5 3 13 4 6 2 1 14 9 10 14 0 3 21 9 3 34 10 9 12 18 2 11 8 3 6
4 16 1 4 6 1 4 4 10 1 7 6 3 1 12 8 6 5 4 12 3 1 4 2 2 2 1 1 16 10 3 8 1 7 16 7 10 1 1 13 1 11 1 1 2 6 6 1 4 4 17 1 16 4 2 1 17 4 1 1 1 11 11 13 1 5 4 2 9 7 13 16 5 1 1 1 4 1 1 11 6 1 3 2 3 3 0 15 2 3 17 1 1 1 2 11 1 6 5 1
1 1 25 10 16 12 2 1 21 5 7 1 2 3 1 10 11 1 6 19 1 15 4 4 20 17 1 18 2 15 1 10 6 1 1 28 1 11 12 8 4 20 17 7 1 13 9 9 3 33 8 14 1 12 4 3 31 9 10 7 4 14 13 2 8 1 3 21 20 1 29 1 9 11 12 8 6 1 8 3 12 6 3 2 7 15 6 0 6 19 2 14 13 1 10 15 11 7 10 1
1 11 7 2 4 1 3 8 8 2 6 13 2 1 5 4 7 17 7 10 2 3 5 4 3 2 5 1 24 3 16 7 4 14 8 1 3 1 1 28 1 2 2 14 7 5 9 5 5 12 34 3 9 5 1 10 13 9 2 1 7 1 6 6 1 5 2 12 6 5 1 6 4 3 1 2 6 1 1 8 6 1 2 4 4 5 1 7 0 5 19 1 4 1 1 8 2 7 8 1
3 4 2 3 1 3 2 22 6 9 2 13 1 25 21 1 1 21 4 3 1 3 6 4 2 1 1 3 17 2 9 2 9 7 1 1 14 4 3 4 5 6 1 3 10 1 5 2 16 3 22 2 23 1 2 13 12 11 2 1 16 5 3 2 2 9 1 7 1 12 2 23 1 2 3 1 16 2 3 1 2 3 14 19 10 1 8 11 4 0 6 1 7 6 2 5 3 4 2 2
10 1 17 5 8 7 25 3 3 2 19 3 16 1 1 21 10 3 1 14 5 6 13 7 12 8 17 21 2 19 1 17 6 1 2 6 2 6 7 6 2 15 15 34 1 23 4 22 4 34 7 14 1 9 10 7 15 7 16 3 2 2 18 1 7 26 23 14 6 2 8 1 5 15 17 9 5 14 1 32 15 6 9 5 10 15 18 2 7 5 0 18 5 16 9 30 13 4 13 2
2 3 4 2 12 1 1 9 14 4 2 1 9 3 7 6 8 14 1 6 8 2 3 7 4 1 7 1 20 9 5 4 3 18 11 7 3 1 1 10 1 10 2 7 9 6 1 5 2 7 27 1 3 7 1 8 4 6 2 1 14 14 12 22 1 12 2 11 17 14 3 11 1 2 1 1 2 1 1 8 1 2 7 1 1 10 1 15 1 3 1 0 3 2 2 9 1 2 8 2
2 11 8 5 5 1 4 6 18 1 14 4 17 14 5 7 6 6 1 2 10 1 1 3 6 8 8 3 19 13 9 5 3 14 10 9 7 2 2 5 1 2 4 7 1 7 2 6 3 17 8 1 5 6 2 2 1 4 1 2 6 1 1 18 1 4 1 2 9 13 2 9 9 4 2 2 4 1 4 1 7 1 5 7 1 2 1 1 3 8 4 3 0 1 1 8 1 7 1 5
5 10 3 4 7 1 5 15 15 1 8 11 8 6 11 7 4 6 2 8 4 1 1 2 2 13 3 3 15 2 5 10 4 8 12 11 8 1 2 22 1 21 5 17 1 1 4 4 5 17 23 1 11 4 2 2 8 1 1 1 7 13 12 16 1 13 3 6 17 12 13 12 2 1 2 4 5 1 2 8 7 1 2 9 1 8 1 12 1 2 15 1 1 0 1 11 1 5 2 1
2 15 4 7 8 2 5 3 17 1 4 9 19 13 11 10 12 9 1 10 7 1 2 3 6 11 2 4 2 6 10 12 6 6 13 1 5 2 3 17 1 15 5 18 2 6 4 12 1 18 7 2 7 3 2 1 11 4 1 1 9 11 3 6 1 2 1 5 15 12 6 12 1 3 1 1 1 1 5 5 7 1 2 7 2 2 2 13 3 1 9 1 1 1 0 5 1 4 15 1
5 5 2 1 1 8 6 25 3 1 1 26 3 18 29 4 1 21 9 4 11 14 16 13 6 1 3 11 6 1 15 1 11 12 20 1 26 13 8 22 14 5 3 1 16 4 11 1 2 1 29 6 27 4 5 10 1 9 5 4 18 1 1 5 3 5 8 2 4 20 1 31 2 5 3 14 10 9 3 1 1 2 5 21 9 1 13 28 8 3 2 5 4 14 7 0 4 4 1 2
2 9 7 2 7 1 3 1 16 2 6 11 13 18 11 8 5 9 2 3 4 1 2 3 2 5 7 2 14 2 1 1 6 4 1 6 3 1 1 17 1 10 6 7 2 2 1 10 2 8 24 1 12 8 1 8 19 6 2 3 11 14 14 6 1 5 3 9 8 11 5 3 2 2 1 2 1 1 1 11 3 1 5 1 1 2 1 2 1 4 4 1 1 1 2 6 0 6 11 2
9 6 9 10 11 6 1 5 3 6 15 2 5 10 2 14 12 5 1 14 1 3 1 2 15 15 3 3 12 1 4 6 1 2 2 12 3 3 7 13 9 2 2 20 1 6 1 16 1 7 9 4 5 6 9 1 24 2 5 9 2 4 5 2 6 6 14 11 11 5 19 8 8 5 5 3 1 7 10 21 8 8 2 1 4 7 3 7 5 6 5 2 3 5 3 11 5 0 9 3
1 20 1 8 2 3 1 26 5 5 1 1 3 15 17 4 3 15 12 4 5 1 7 17 1 1 2 9 25 1 1 1 20 18 14 1 6 3 7 16 1 6 6 3 18 1 7 1 1 3 29 1 21 3 1 2 2 11 5 3 8 1 2 33 4 7 5 4 1 24 1 26 1 4 8 12 8 2 3 1 1 8 2 21 9 2 12 29 10 2 15 9 5 10 11 1 11 19 0 4
1 8 7 1 6 1 1 6 4 7 5 10 14 4 11 1 4 16 12 4 7 4 8 1 1 5 5 1 1 7 9 3 3 2 2 9 7 2 3 6 2 9 1 6 5 2 9 2 5 6 11 3 21 2 2 9 11 10 1 1 4 5 5 3 2 9 1 11 13 2 1 13 3 1 3 1 3 1 1 9 7 5 4 15 2 12 1 6 1 2 9 2 2 1 3 7 1 9 4 0
