100
13 6 4 3 49
19 15 9 2 4
6 2 9 9 44
15 20 20 20 21
3 6 6 8 29
7 3 7 14 14
12 19 12 13 36
4 15 6 14 2
6 20 16 9 9
12 12 5 6 44
11 10 14 2 22
2 13 3 12 45
16 8 3 1 22
17 16 20 15 41
13 5 8 3 1
20 11 13 8 15
5 4 10 2 8
5 17 1 18 10
10 14 2 1 5
1 4 2 20 10
9 16 15 2 39
4 8 16 4 47
2 15 16 18 8
14 13 1 14 12
18 8 14 20 4
3 18 19 11 28
15 6 8 2 27
10 14 7 15 22
1 7 7 5 34
13 4 6 7 9
12 8 11 16 11
16 20 9 9 18
2 19 3 11 13
18 11 3 2 25
8 5 14 6 20
6 15 7 2 46
15 1 15 18 42
2 3 14 18 29
11 12 20 9 3
3 19 10 1 27
20 9 12 8 12
9 16 20 5 42
17 3 11 7 20
6 6 9 17 44
19 15 2 15 11
13 16 10 11 2
13 12 10 5 6
10 18 17 9 33
6 7 3 12 39
8 5 4 8 4
6 15 3 19 27
18 18 20 15 38
2 6 3 7 1
13 6 5 7 27
7 3 9 11 42
5 17 5 3 40
4 11 3 13 6
11 3 8 9 11
9 10 6 13 25
10 16 8 1 43
6 4 1 8 32
10 19 17 13 24
15 19 2 20 27
16 9 16 3 32
1 13 15 12 30
1 13 10 18 2
8 3 10 14 18
19 6 6 5 28
12 6 1 11 25
16 12 11 14 13
1 3 1 13 8
18 13 8 11 22
13 2 11 15 37
1 14 18 8 15
14 3 7 12 44
3 13 20 16 46
15 6 10 6 35
9 11 4 3 32
4 13 12 18 22
7 13 3 3 3
6 12 6 8 0
6 20 2 4 27
7 7 13 18 35
19 8 11 12 47
18 12 19 1 36
3 10 4 19 49
7 19 13 11 11
7 12 20 3 16
10 13 15 20 47
20 17 6 3 44
20 14 4 10 33
3 14 16 4 29
17 9 10 19 0
4 13 2 2 38
12 9 14 9 48
4 14 14 14 38
8 3 15 2 50
15 17 12 20 12
3 12 20 13 20
5 20 1 19 27
0 6 6 6 6 5 5 10 6 3 6 10 3 10 8 9 5 4 5 6 7 2 8 6 3 10 4 9 1 6 2 1 4 10 8 5 2 2 1 10 3 3 7 4 9 8 4 5 6 8 3 9 5 9 4 4 8 6 2 7 5 6 8 7 3 4 1 5 3 9 9 8 6 9 10 5 2 5 9 2 3 2 9 5 3 6 4 3 6 2 1 2 6 10 5 7 6 2 5 1
3 0 2 6 2 3 5 8 3 2 7 7 6 1 5 8 1 4 2 3 3 1 10 6 10 3 1 6 4 2 10 9 5 5 3 8 4 9 1 8 8 9 1 10 6 10 3 8 7 10 8 5 1 5 2 8 1 3 6 4 10 6 3 9 1 10 2 4 5 1 10 3 4 7 2 9 6 8 5 5 3 8 5 8 10 4 10 1 3 6 8 5 9 4 8 1 5 9 5 1
9 6 0 7 2 3 6 1 8 9 2 8 4 8 2 2 5 4 4 1 5 2 7 10 5 4 2 4 1 5 7 6 2 5 5 5 6 4 10 10 9 9 5 10 8 4 6 6 10 4 2 1 8 2 1 9 1 1 10 3 10 5 3 7 8 5 10 6 6 2 4 7 6 5 4 5 4 6 3 2 4 9 3 5 8 7 2 9 1 3 9 3 2 4 9 8 8 9 10 7
5 10 6 0 3 2 1 8 3 6 6 10 8 6 8 1 10 7 7 7 1 5 5 2 2 5 9 9 6 9 5 3 4 6 10 4 7 5 6 2 7 9 8 1 1 1 9 7 4 9 10 2 4 1 1 7 8 6 3 3 7 10 9 7 8 2 8 10 10 6 1 8 2 2 6 2 4 4 6 7 10 3 4 2 7 5 3 1 6 3 6 2 6 10 7 10 7 2 8 2
9 4 6 1 0 9 1 3 6 7 4 10 1 5 6 1 1 8 6 6 9 9 1 7 9 6 7 5 8 8 9 1 4 9 9 3 10 4 10 7 1 8 9 9 9 5 5 1 3 2 9 8 3 6 2 7 4 2 1 3 8 6 3 2 3 4 3 2 8 8 9 5 3 9 3 2 2 6 5 8 6 4 2 1 6 9 1 6 2 6 3 4 7 1 2 9 3 3 9 3
1 4 3 7 2 0 10 10 5 10 9 7 3 5 2 1 1 10 8 2 3 2 8 8 1 4 1 8 8 7 4 1 10 5 6 6 1 5 7 2 9 6 10 6 9 3 7 3 7 10 2 6 7 2 8 5 7 2 5 8 5 1 5 2 8 1 5 4 4 5 9 7 6 3 8 8 3 4 9 1 7 3 6 4 5 5 9 6 10 2 3 8 4 8 8 10 3 10 7 3
5 7 3 3 10 3 0 10 1 9 10 1 8 4 2 3 7 8 1 9 9 5 1 6 6 7 5 9 6 10 4 10 8 8 7 7 7 9 4 5 4 5 7 3 4 10 9 9 9 10 7 6 3 6 3 8 9 9 2 2 8 4 5 8 6 7 9 10 2 2 1 6 4 8 8 4 6 9 4 5 2 1 5 10 3 1 9 2 8 5 7 6 1 1 7 9 1 5 6 9
5 6 9 9 3 7 8 0 9 8 3 2 3 2 8 6 1 7 8 5 7 2 8 10 1 2 2 1 2 6 9 10 3 7 3 6 6 2 8 2 9 10 10 6 9 7 9 6 10 4 9 2 1 3 7 8 2 7 6 1 7 2 8 10 5 3 9 7 3 1 1 5 2 8 2 1 6 3 9 3 7 3 4 6 10 7 9 1 2 7 2 2 2 4 4 8 8 1 5 2
3 3 9 9 9 9 2 8 0 4 5 6 7 9 1 9 3 6 4 9 10 8 7 9 10 8 1 10 6 7 7 10 4 5 5 1 4 2 3 2 3 4 3 1 9 4 4 5 4 7 8 9 7 10 5 6 10 10 2 4 7 7 5 5 7 6 8 7 7 9 2 8 9 7 5 7 8 8 2 1 9 10 1 5 2 4 2 10 4 1 2 9 8 2 1 6 4 8 4 1
10 3 6 9 9 1 8 5 9 0 7 3 4 1 6 2 9 2 1 7 1 1 9 9 5 4 8 5 2 1 4 2 4 2 4 7 9 9 5 1 9 5 7 4 6 10 10 3 7 6 7 10 4 8 4 7 7 7 7 2 4 6 7 3 2 1 9 10 9 8 2 1 9 3 3 3 9 2 4 1 9 6 4 8 4 3 10 6 3 9 2 9 4 5 1 8 8 10 7 7
4 2 9 6 1 2 2 9 8 8 0 1 7 3 8 10 9 5 3 10 2 1 9 7 2 2 3 2 8 3 1 4 6 7 5 8 2 5 2 4 1 7 10 7 2 1 8 5 6 2 9 2 2 7 7 8 10 1 9 6 7 3 5 4 3 1 4 1 10 7 6 8 7 9 6 8 3 6 3 9 8 2 8 5 10 5 9 7 9 1 3 5 2 5 9 8 2 7 4 4
7 9 10 8 10 2 4 9 10 2 10 0 6 6 6 1 6 2 3 4 8 3 6 2 10 3 9 3 8 5 4 9 4 1 8 5 6 7 4 3 5 7 10 2 1 6 5 4 4 10 3 3 1 2 6 8 10 3 10 1 5 7 1 8 6 4 3 10 1 4 10 1 5 2 2 5 2 3 6 7 8 1 5 4 10 5 6 6 1 7 5 4 4 4 2 3 8 6 8 10
2 3 3 10 7 3 4 1 9 8 8 2 0 7 8 10 10 8 3 7 1 5 5 10 10 9 3 10 2 5 4 9 2 10 9 10 10 4 8 4 2 10 9 2 10 6 6 8 10 7 8 9 3 9 5 9 6 5 6 4 3 7 2 6 7 6 1 4 2 1 8 1 6 2 3 10 6 6 7 4 8 7 2 6 5 5 4 9 6 2 2 4 4 8 8 2 7 5 9 3
8 2 10 8 2 8 5 6 6 7 10 1 10 0 5 3 4 1 9 8 1 5 3 2 3 2 4 4 6 1 6 10 9 9 3 6 8 5 9 5 10 4 1 1 6 4 3 1 4 5 1 9 7 1 9 7 10 7 3 10 1 3 9 9 4 5 10 5 6 10 8 2 5 6 8 8 3 7 3 10 8 5 1 4 6 10 9 3 9 2 5 1 9 1 3 6 2 3 2 6
7 2 7 10 4 9 2 4 4 9 3 1 4 9 0 4 3 10 4 8 8 7 2 6 5 6 7 10 4 1 2 9 5 4 4 5 4 2 3 8 5 3 1 2 6 2 7 4 2 2 6 1 10 4 10 3 7 3 2 6 4 6 2 8 4 7 5 8 10 6 3 5 1 1 5 5 9 6 6 5 5 5 4 10 10 2 5 1 10 7 3 3 4 7 1 3 2 10 7 5
6 9 4 8 10 9 6 2 1 5 6 4 6 6 4 0 1 5 3 2 3 1 5 1 7 10 6 7 1 5 3 2 6 9 2 4 8 8 7 8 6 1 6 9 7 8 8 1 7 8 3 4 5 5 6 6 2 2 9 2 8 3 7 5 2 4 9 2 3 2 5 8 9 8 10 7 8 10 7 8 1 6 7 3 1 2 5 1 8 2 4 6 4 6 3 9 3 8 2 9
7 8 5 2 7 10 9 2 1 1 2 2 1 5 6 4 0 2 2 4 3 9 4 5 6 1 4 2 1 10 6 1 2 10 4 6 6 2 3 8 9 9 8 2 9 2 7 4 4 10 7 9 6 4 2 6 6 7 4 6 3 7 6 5 7 9 7 7 1 10 7 4 3 2 6 4 7 6 2 2 5 9 5 6 8 3 1 4 10 4 2 1 10 2 4 7 8 9 9 5
8 10 3 10 7 1 6 10 3 9 7 6 4 5 9 9 3 0 8 3 10 5 1 1 2 4 5 7 3 7 9 6 10 9 10 8 2 8 6 7 8 8 9 8 3 5 8 10 1 10 1 9 9 9 7 7 1 5 9 6 4 10 6 7 4 5 4 5 5 5 5 10 5 4 8 3 1 7 9 8 1 8 4 5 2 6 1 2 4 9 1 2 7 6 5 7 9 8 2 5
9 2 1 2 4 3 6 9 8 3 7 9 3 7 2 2 8 2 0 6 4 10 6 2 10 9 6 7 7 5 7 2 4 9 10 5 7 3 1 6 7 10 3 1 2 3 8 9 7 7 5 4 2 7 1 9 4 8 4 8 4 7 2 7 3 8 10 8 8 7 4 7 6 6 9 8 7 3 3 2 7 4 2 10 3 7 5 4 6 5 10 3 9 5 10 8 10 2 3 9
6 3 3 3 6 5 6 8 1 10 8 1 9 5 9 10 4 7 5 0 5 7 4 6 10 3 4 8 9 3 3 7 1 8 7 8 4 9 2 6 7 2 5 7 4 7 1 9 7 6 1 3 10 1 9 10 7 1 3 2 4 6 6 4 4 4 8 7 7 5 8 4 2 5 2 4 3 10 8 5 10 7 5 4 8 2 3 1 6 2 8 9 5 2 8 9 8 2 10 6
6 10 6 5 2 6 1 7 2 6 10 6 8 2 10 7 9 1 4 9 0 6 10 2 8 7 1 7 2 9 6 5 5 5 5 4 5 4 4 2 9 8 9 6 1 8 4 3 5 9 6 2 1 8 4 3 9 5 9 5 6 7 5 7 6 5 6 3 2 3 10 2 10 3 6 7 9 9 3 10 6 3 7 4 7 4 6 6 3 10 6 7 5 8 7 5 6 4 1 5
6 1 2 9 7 4 4 9 1 9 5 6 3 8 3 1 2 6 2 10 3 0 3 6 5 4 1 6 3 7 1 1 1 10 1 4 5 1 7 9 10 9 4 10 2 3 6 2 3 7 5 6 2 5 10 1 2 3 6 6 5 4 4 3 10 9 6 9 3 1 5 6 1 8 7 4 5 3 6 4 1 8 6 3 1 10 3 6 10 7 1 7 2 5 2 4 5 9 1 5
2 6 2 7 1 10 9 3 5 10 5 2 9 1 10 8 4 9 8 2 6 7 0 8 6 7 4 4 5 8 6 1 8 2 9 4 3 2 3 8 2 10 3 9 6 10 3 1 10 1 2 4 10 7 5 7 3 5 10 4 9 1 3 8 5 3 3 1 4 1 1 2 10 7 7 6 4 5 7 3 10 2 9 5 7 8 8 10 3 5 1 3 5 3 7 7 1 8 9 5
9 3 7 2 4 3 4 10 10 9 8 1 2 10 2 6 4 3 3 3 7 8 6 0 8 9 1 3 6 10 9 2 8 8 4 3 1 3 3 2 7 8 5 8 7 5 9 7 6 10 4 5 9 5 2 6 3 6 6 9 5 1 1 9 6 10 6 2 5 1 4 3 8 2 8 7 3 9 6 4 8 3 5 3 1 8 10 10 1 7 10 4 5 8 3 2 9 2 3 10
7 10 2 2 8 10 10 8 4 8 3 8 2 2 10 10 4 5 8 8 1 10 3 10 0 7 9 9 8 6 1 5 6 8 1 1 2 6 8 9 1 1 3 9 10 9 6 6 6 1 3 2 6 9 3 7 10 5 9 4 10 9 1 10 9 1 9 3 6 8 10 3 5 3 10 3 1 10 3 7 7 5 5 5 4 4 3 5 6 8 9 2 9 2 7 3 10 1 3 7
10 10 6 4 2 3 10 9 1 10 4 7 1 5 5 5 3 9 10 7 9 9 1 7 9 0 4 9 9 3 5 6 10 6 3 6 1 9 8 8 4 6 6 6 4 6 2 5 2 10 3 7 1 8 8 9 6 7 10 3 2 2 10 5 10 8 4 2 3 7 4 8 5 7 1 1 5 8 2 9 4 1 5 5 2 4 2 3 8 10 7 3 8 8 4 6 9 1 8 4
10 7 10 7 4 4 1 10 3 4 5 6 2 4 4 5 8 3 1 6 8 5 5 5 6 1 0 2 7 10 2 3 6 4 6 6 1 8 1 7 6 5 8 7 3 4 2 1 3 8 2 10 8 1 9 4 4 3 2 3 10 9 1 3 5 5 6 2 10 7 10 7 10 10 4 6 2 8 2 3 2 8 1 1 1 10 9 9 5 6 9 3 10 4 7 3 6 3 10 2
3 10 1 2 1 3 10 5 2 10 6 9 7 7 2 1 6 7 4 6 9 1 4 6 2 3 7 0 2 5 4 1 8 5 3 4 7 3 5 10 1 3 4 5 5 10 3 9 1 6 10 1 6 8 8 3 5 6 5 6 8 10 4 6 5 4 9 8 8 8 2 2 6 3 1 4 5 7 1 10 8 6 3 3 2 4 1 6 5 3 2 10 3 4 2 9 2 1 7 9
8 5 4 9 3 9 7 6 5 9 10 8 6 3 5 5 7 3 4 6 1 9 4 6 5 6 4 3 0 2 10 8 9 3 9 2 10 2 2 9 1 7 8 6 8 7 4 2 5 6 8 9 1 2 4 1 10 1 4 10 4 9 7 10 7 1 7 2 5 1 3 6 4 7 8 10 3 4 8 9 7 10 8 10 6 9 2 9 9 6 7 9 6 10 9 1 2 6 7 3
6 6 5 1 4 4 5 2 4 10 3 5 3 9 3 9 2 8 7 9 8 8 8 3 9 9 4 9 5 0 2 8 4 7 7 10 2 3 7 1 7 7 4 2 8 1 6 2 1 6 7 3 1 6 4 2 1 10 10 4 1 6 6 1 10 3 8 5 9 2 8 9 8 5 9 10 7 7 6 5 5 1 7 2 3 2 2 4 8 3 10 6 5 10 4 9 1 2 6 8
4 4 10 7 10 3 5 7 1 3 7 7 8 9 7 5 5 9 6 2 9 6 5 7 3 10 6 9 9 6 0 9 8 2 10 6 4 8 8 7 10 10 5 10 5 4 2 9 10 1 4 4 4 1 9 4 2 9 10 4 5 1 1 9 7 9 9 5 10 9 2 9 5 1 9 2 2 5 8 1 7 7 1 1 3 8 10 10 10 7 9 5 6 6 2 1 2 3 1 9
10 8 6 6 8 9 1 7 6 1 10 6 9 9 4 3 5 4 2 9 5 7 5 7 2 9 10 5 1 5 10 0 7 7 6 10 10 9 2 10 6 9 2 2 8 9 7 7 10 9 10 1 3 3 5 3 4 6 8 6 5 1 3 6 10 4 4 8 3 6 2 7 1 1 8 1 4 1 5 5 7 4 8 7 2 3 5 4 2 2 10 4 2 4 6 1 2 10 7 10
8 2 9 4 7 6 4 2 7 2 9 1 2 10 4 10 3 4 4 7 9 9 8 1 2 8 9 7 1 10 2 7 0 3 5 3 10 1 4 7 6 4 4 7 2 8 9 6 6 6 1 10 4 2 3 7 3 6 9 6 5 4 1 6 6 5 4 6 4 2 8 1 2 5 3 4 7 6 1 10 6 9 9 2 5 10 7 10 10 2 2 7 5 3 9 9 9 1 5 5
6 3 8 6 7 10 2 3 2 6 2 10 4 7 7 2 8 10 9 2 2 2 4 8 9 10 5 2 3 6 7 9 2 0 5 1 3 7 6 5 3 7 7 6 6 7 2 5 4 10 3 3 4 5 10 4 9 1 4 9 9 1 5 1 3 1 7 3 5 3 6 5 2 1 2 10 7 6 5 8 1 1 9 8 8 10 9 4 1 2 3 9 9 3 1 6 4 4 10 1
5 2 1 2 1 8 1 5 7 2 3 8 3 6 5 6 10 4 9 4 2 1 2 2 5 6 5 10 9 3 3 4 4 7 0 10 2 8 2 1 1 4 1 5 4 4 5 9 1 7 6 5 3 9 9 2 2 9 10 9 2 10 10 8 5 10 7 8 5 4 4 5 9 9 7 3 9 9 8 7 10 4 3 2 10 3 2 4 6 5 7 5 3 10 4 8 5 7 3 7
10 3 5 5 5 3 1 8 1 8 6 3 10 2 10 7 10 9 9 8 6 7 1 10 8 2 2 8 7 1 5 4 7 5 1 0 10 3 7 3 8 7 10 3 10 1 4 10 5 4 7 4 10 8 3 1 6 8 10 7 3 6 8 9 4 10 1 1 10 7 4 5 10 2 2 3 9 2 4 5 2 10 4 8 3 9 7 2 2 5 3 5 6 7 10 10 7 3 9 3
3 2 3 4 7 4 4 2 10 9 10 3 6 4 9 1 7 10 6 7 2 1 2 8 4 9 10 5 1 9 2 6 6 1 5 2 0 2 3 8 4 5 7 6 5 3 5 2 9 5 3 2 3 1 1 3 7 1 7 9 10 7 5 7 3 8 8 8 7 6 2 5 8 9 2 10 3 2 8 10 10 7 4 4 1 7 8 10 2 5 10 7 1 1 5 7 5 5 1 2
7 8 4 7 6 3 5 9 3 9 3 6 6 2 3 5 4 10 1 5 5 3 5 4 9 8 3 10 9 10 6 2 7 7 9 10 6 0 2 2 4 10 3 2 2 5 6 5 4 4 1 3 2 4 4 8 5 4 2 1 9 2 9 3 1 2 3 6 4 2 5 3 4 5 8 2 9 6 5 4 1 7 9 3 10 8 5 6 8 10 4 3 7 3 6 8 1 9 3 2
5 10 1 10 3 9 1 8 5 4 5 2 4 3 5 2 8 7 4 8 8 5 4 6 1 3 6 5 9 9 1 8 5 6 4 2 3 10 0 7 3 6 1 5 3 7 6 2 8 2 7 10 3 4 9 10 7 5 4 6 6 8 6 8 6 5 6 9 2 6 8 7 2 2 5 3 6 7 5 9 9 5 9 3 8 2 3 2 9 9 7 4 1 4 3 6 10 6 8 10
9 3 9 7 5 4 4 8 1 8 8 10 8 4 7 7 7 6 3 8 5 2 2 7 1 4 5 7 3 7 5 5 2 5 4 6 9 8 4 0 8 1 6 6 8 9 10 1 6 1 1 8 6 8 2 7 1 7 10 2 6 1 10 8 1 5 2 10 2 6 9 7 6 2 3 5 4 3 3 6 4 5 8 9 1 8 8 10 5 4 4 8 6 10 4 8 5 8 4 5
4 7 8 8 10 3 3 6 5 1 1 8 2 3 1 10 9 10 7 10 6 10 10 9 9 5 6 10 3 10 5 3 8 2 4 7 2 5 1 3 0 9 2 2 5 4 9 2 6 3 8 6 5 4 7 10 9 3 3 8 8 8 4 5 9 8 9 8 4 10 5 9 10 7 8 4 7 4 10 6 2 7 9 3 1 5 7 1 10 7 8 2 4 5 5 6 1 9 9 7
6 10 5 2 5 9 10 3 1 8 8 1 2 7 7 4 8 4 10 5 5 6 10 8 7 10 2 4 4 8 2 6 5 5 2 1 4 7 1 10 5 0 2 5 9 3 7 2 5 4 2 7 4 3 6 1 3 1 10 9 2 10 2 7 10 8 9 3 6 10 7 5 6 6 8 5 2 6 5 7 3 9 3 9 4 8 1 10 3 6 5 7 3 5 3 10 6 8 10 7
4 5 5 9 3 3 8 2 4 7 5 4 6 3 1 4 7 1 6 4 7 1 3 6 3 4 4 5 6 2 10 7 7 9 8 5 6 3 2 7 5 3 0 4 10 3 9 1 4 5 2 8 6 10 6 8 8 3 2 2 6 5 8 7 2 6 8 5 1 5 8 10 8 7 8 2 1 6 6 6 8 9 5 8 4 6 1 8 3 6 2 5 3 4 4 2 1 8 10 4
6 1 2 8 3 1 9 2 5 6 3 6 7 9 3 10 8 9 6 2 9 7 9 1 9 8 4 3 8 8 10 8 4 1 2 6 4 4 9 3 7 5 7 0 2 9 9 2 8 8 3 2 3 6 9 8 4 5 1 6 7 9 3 2 1 5 3 3 4 2 9 3 1 2 4 8 8 8 2 3 2 8 7 6 7 7 8 9 7 1 6 6 2 2 10 7 3 9 5 2
2 1 4 6 4 5 6 3 10 7 9 5 4 9 4 10 3 8 2 9 6 2 6 7 9 5 3 3 3 5 10 4 8 5 2 8 6 7 10 8 2 1 6 7 0 2 5 1 9 2 1 2 9 2 3 8 8 1 1 3 4 1 10 3 4 4 4 2 4 6 7 7 1 5 1 1 6 4 4 9 5 1 3 1 2 1 5 9 2 3 9 10 7 5 10 6 1 2 10 2
8 8 1 9 5 9 2 9 9 10 10 2 1 4 5 7 1 4 4 8 5 3 8 6 4 7 5 3 3 3 6 9 6 5 5 10 2 1 5 10 4 6 9 7 6 0 2 8 3 9 9 9 4 2 2 1 10 7 8 3 8 7 4 5 1 9 7 7 4 5 6 7 7 4 8 10 4 5 5 4 1 3 5 10 1 10 4 4 7 1 4 7 2 5 3 9 8 4 1 9
6 8 5 8 8 1 7 8 7 9 5 8 2 9 4 6 7 5 2 10 10 6 2 9 5 8 8 5 7 1 8 9 1 2 5 4 2 8 9 3 9 3 9 5 3 5 0 8 10 8 9 2 5 4 8 4 9 2 8 2 7 4 7 10 4 5 7 8 3 2 6 5 10 3 8 9 7 3 7 5 1 10 10 9 2 5 6 9 2 7 8 6 10 10 6 3 5 9 10 8
7 10 3 6 5 2 10 10 1 8 9 6 1 9 3 1 2 5 1 5 6 7 1 6 10 6 7 1 7 5 3 10 6 5 2 10 10 2 10 4 2 4 5 1 7 5 1 0 10 2 8 8 8 6 9 3 2 5 9 6 8 2 1 8 6 1 3 8 7 5 7 7 4 7 10 10 6 4 2 5 1 6 2 1 7 10 6 2 3 6 8 4 8 7 4 2 4 2 2 8
7 2 5 8 9 10 2 7 6 6 9 5 8 5 9 9 5 8 3 4 3 2 3 1 6 3 2 9 7 9 6 3 10 3 1 1 5 10 10 2 6 4 5 4 8 2 1 1 0 8 3 6 2 8 6 2 1 6 3 9 4 6 5 2 4 2 2 9 9 1 2 3 7 1 7 3 4 1 1 7 4 6 7 6 8 3 10 1 3 10 1 3 1 7 4 8 3 2 3 8
3 2 8 5 3 10 3 1 2 1 6 5 1 3 7 4 3 3 10 9 9 2 4 6 10 2 9 1 1 9 9 6 7 4 6 5 1 1 3 1 3 4 5 6 8 1 5 3 6 0 10 5 6 4 4 7 10 1 4 3 8 2 6 8 4 4 1 8 3 8 2 7 10 10 10 3 2 7 6 2 7 2 7 1 6 6 6 4 2 8 4 1 2 5 8 3 10 10 9 2
3 5 1 9 6 6 7 3 2 4 3 9 9 1 3 3 7 7 7 2 3 9 9 2 10 2 2 6 1 8 5 5 6 3 1 4 2 5 4 9 2 2 9 6 9 5 3 5 8 2 0 7 3 5 7 3 2 5 9 3 6 10 9 2 4 5 4 4 8 2 6 8 5 9 7 7 1 9 6 7 1 6 10 6 5 4 2 2 6 5 8 4 7 2 2 10 2 10 9 8
9 3 6 9 10 9 5 9 10 10 7 10 3 2 5 8 3 4 3 9 1 1 10 1 2 2 2 10 8 5 7 5 6 2 5 6 10 5 4 4 1 7 7 7 2 2 3 1 10 7 5 0 3 7 1 9 9 8 1 5 7 9 6 3 4 3 1 7 4 9 3 9 10 9 5 3 8 10 4 10 10 2 9 9 5 2 2 5 10 4 5 10 4 3 10 9 1 5 10 9
8 5 8 1 10 4 1 1 4 7 1 3 6 3 10 4 2 3 2 8 1 8 3 9 6 5 3 8 6 5 2 9 5 3 10 6 8 10 6 7 5 5 4 8 9 7 5 5 9 8 8 9 0 6 10 5 5 8 6 5 7 4 1 2 9 4 10 5 6 6 3 8 9 4 3 4 7 9 2 1 9 1 2 2 5 10 6 1 1 4 8 1 2 5 7 10 1 6 5 10
1 9 3 10 1 6 8 4 7 8 10 5 3 5 6 4 6 6 9 4 10 2 10 8 3 4 2 9 3 9 9 3 4 6 9 1 5 6 3 7 4 3 5 4 9 6 7 10 5 1 4 6 2 0 3 8 9 10 3 5 1 6 4 2 10 8 8 10 7 9 3 9 8 1 10 8 5 4 6 2 3 7 6 9 1 2 8 8 5 4 8 8 7 6 2 9 8 5 4 4
4 8 6 9 10 1 3 9 1 3 6 2 9 8 2 2 7 7 3 9 7 6 4 6 10 4 9 3 10 1 5 1 7 2 4 3 5 5 7 2 10 5 10 5 1 3 1 10 10 7 4 9 1 9 0 2 2 7 4 3 9 10 8 9 4 6 9 8 1 10 6 2 5 3 9 5 3 8 9 5 4 8 6 4 3 8 8 4 7 9 2 10 7 1 6 9 4 10 8 3
9 4 10 1 10 1 1 7 3 9 7 8 8 5 8 6 1 4 5 5 6 1 5 10 9 3 9 1 5 3 8 3 3 10 9 8 8 6 8 10 8 7 7 2 4 10 4 10 7 4 3 7 5 7 1 0 7 2 6 5 8 8 5 3 3 9 4 1 1 10 2 8 2 9 5 7 3 5 7 9 3 6 6 1 8 7 3 1 9 7 5 6 8 3 4 9 2 4 6 5
7 1 2 10 8 1 5 10 4 8 2 9 10 7 3 1 6 2 4 10 6 8 6 3 8 9 5 3 1 3 4 1 1 8 8 10 8 8 4 7 8 10 7 2 2 3 7 6 6 10 6 4 2 7 1 7 0 6 2 10 7 3 9 10 7 6 7 3 8 4 6 3 4 6 7 4 2 5 6 10 8 8 8 6 10 10 5 2 3 7 5 6 3 9 2 10 7 5 5 7
8 4 5 5 5 6 4 4 1 7 7 10 4 6 9 8 5 9 7 9 10 10 5 2 5 3 10 3 3 2 9 5 1 1 1 4 6 7 5 4 3 2 7 10 4 6 9 2 7 4 8 2 4 10 3 4 5 0 6 7 1 1 5 4 1 10 10 9 4 3 5 2 8 5 10 2 4 3 10 9 6 7 5 10 5 3 8 3 6 10 4 10 1 3 10 10 7 7 5 9
1 3 1 9 2 9 10 6 6 1 6 9 1 4 2 8 8 7 4 2 3 6 1 8 7 8 8 1 9 4 2 7 2 2 6 10 1 1 2 1 9 10 3 9 4 1 8 9 4 2 4 3 9 1 8 4 3 3 0 7 4 9 5 4 2 9 10 6 4 2 5 1 9 1 1 7 2 8 3 3 6 3 2 5 4 8 4 7 10 5 1 5 1 3 3 10 4 7 3 5
3 3 4 3 2 9 10 8 4 3 9 1 8 1 2 2 2 2 5 8 4 8 3 5 7 6 9 9 8 3 1 6 10 5 8 2 6 6 9 10 5 5 8 7 3 2 3 10 8 10 9 9 9 10 5 2 3 1 10 0 1 3 2 7 5 4 9 2 3 8 10 5 4 6 8 3 6 7 9 3 8 8 8 3 10 3 3 1 1 6 3 6 8 7 5 6 4 9 7 7
8 3 10 9 6 1 10 4 8 2 1 6 8 7 8 2 7 3 4 5 4 7 6 9 5 1 6 8 3 5 10 7 7 1 9 2 6 1 1 10 10 4 1 4 7 4 3 2 7 5 10 7 10 6 6 9 4 5 1 7 0 8 1 8 4 7 2 3 4 3 2 1 5 1 5 7 8 6 6 9 1 6 1 10 6 1 10 6 8 10 7 6 10 1 2 10 2 9 3 2
5 2 8 5 3 5 5 3 6 3 1 5 6 8 7 2 6 10 10 4 6 7 8 8 9 10 8 7 4 8 6 5 8 2 5 3 7 5 8 4 3 3 9 1 2 9 2 8 8 5 3 10 3 9 10 1 5 7 4 6 9 0 7 3 10 3 7 8 8 2 8 6 1 10 5 7 2 10 3 4 4 2 8 1 4 4 6 3 3 10 3 2 9 6 8 6 4 6 8 4
10 2 1 6 2 1 10 5 3 3 4 1 4 6 7 3 9 5 6 9 5 10 2 5 5 5 10 9 4 7 3 10 2 5 2 3 7 2 4 6 8 4 2 8 7 7 1 1 7 3 2 10 7 10 2 2 7 8 1 5 9 8 0 8 8 5 5 7 7 6 1 7 1 4 8 8 9 8 7 7 10 2 9 8 10 10 1 8 2 1 9 10 10 7 10 10 7 4 6 10
7 5 2 3 4 5 9 7 4 2 8 8 2 5 8 6 3 7 10 10 1 1 8 10 10 10 6 5 3 2 10 9 3 2 9 3 3 6 10 2 9 6 3 7 5 9 4 3 7 2 10 10 3 4 4 3 5 7 8 6 5 8 2 0 7 2 3 2 8 9 4 9 8 2 6 8 1 1 9 1 5 4 9 6 2 8 1 4 4 4 6 6 2 1 5 4 5 3 7 4
2 7 8 10 8 4 7 1 7 4 7 3 4 1 10 3 3 3 8 8 6 3 7 3 5 7 8 8 8 2 3 9 3 1 6 1 8 4 9 2 6 6 3 9 6 2 8 8 8 9 10 3 10 8 5 5 2 5 8 1 3 10 1 5 0 7 2 3 5 8 10 8 5 6 9 2 7 8 7 1 2 1 10 7 7 9 2 10 10 10 8 6 9 5 1 5 3 1 7 2
3 5 9 9 7 9 5 4 10 6 2 7 5 1 4 3 5 6 5 4 3 5 4 4 10 9 3 9 3 5 9 9 4 4 6 1 10 2 2 9 5 6 1 1 3 10 6 10 8 7 9 2 9 4 7 4 5 2 6 1 7 3 1 7 7 0 5 3 3 7 5 6 8 6 8 1 1 7 3 8 7 5 7 1 3 2 4 7 10 1 1 2 7 5 3 9 1 7 5 3
6 1 8 6 2 9 4 5 8 7 1 4 3 2 4 3 2 6 7 4 5 7 4 3 9 10 10 2 10 6 6 4 10 8 4 6 3 6 1 8 9 10 8 4 2 3 4 1 4 8 4 2 4 4 10 6 9 3 5 6 3 2 2 1 1 6 0 9 4 3 3 1 7 9 3 2 10 4 9 1 9 4 2 10 4 4 4 8 4 6 8 4 10 1 2 2 1 3 8 10
9 4 4 4 8 3 7 5 6 7 6 6 6 3 1 9 6 5 10 5 1 6 10 6 1 1 10 1 2 6 3 2 6 6 5 10 3 5 8 1 6 2 7 7 2 9 7 5 6 9 2 9 5 10 5 1 7 1 5 10 10 1 8 3 4 1 9 0 10 6 7 1 3 3 2 8 4 6 3 7 9 3 3 2 4 1 8 8 4 10 9 7 8 6 10 10 7 1 10 7
8 3 9 10 2 4 9 4 10 6 1 5 1 5 8 7 1 1 5 9 4 6 8 9 8 6 10 9 8 1 3 6 9 9 10 9 3 6 6 7 9 2 1 7 10 8 8 4 8 7 7 6 3 5 1 6 8 2 5 7 1 6 8 7 9 3 1 1 0 7 8 8 5 3 7 5 3 7 6 3 7 3 8 7 3 9 3 4 1 8 10 7 10 1 6 1 1 1 5 2
8 1 7 8 6 2 6 3 1 2 6 4 8 10 5 7 5 9 9 3 4 3 4 10 1 1 1 4 7 7 5 7 10 9 1 10 2 9 9 6 8 4 5 6 8 7 4 2 5 7 8 1 5 5 6 8 5 7 8 4 7 2 9 3 2 5 6 6 5 0 3 5 9 7 4 9 4 9 6 2 7 1 7 1 4 5 10 1 9 6 2 6 7 8 5 7 3 6 9 3
1 2 7 3 8 5 4 6 9 4 4 5 6 6 1 4 7 7 6 5 9 6 6 5 9 7 8 1 4 10 3 9 8 9 9 1 1 9 6 2 1 3 9 5 2 1 4 10 4 5 4 7 1 2 3 2 9 10 9 10 9 3 1 9 8 7 4 1 5 7 0 3 4 10 3 4 8 8 5 9 7 9 3 1 7 8 6 1 7 3 2 2 5 9 8 1 3 7 6 10
3 1 10 10 6 5 2 7 10 5 9 9 4 1 6 8 4 1 7 10 4 5 10 9 5 3 7 8 6 9 6 7 9 7 7 6 9 10 10 9 8 6 2 8 1 7 1 4 2 8 8 7 7 8 9 10 8 8 2 9 5 9 7 6 10 6 3 8 6 6 8 0 2 7 10 6 4 2 5 8 7 5 5 10 6 3 9 2 10 3 9 5 1 4 9 6 7 9 5 7
1 2 7 2 5 4 8 7 4 9 7 8 8 6 3 8 7 2 8 1 6 9 3 5 2 6 5 8 7 7 3 4 3 1 3 6 6 10 3 1 9 5 5 5 3 5 8 9 6 7 1 3 2 8 2 6 8 9 6 4 7 1 5 4 9 9 1 3 6 10 4 1 0 7 9 7 2 3 2 2 5 1 1 6 10 4 2 3 7 6 2 3 9 1 8 10 2 9 5 7
1 2 10 9 1 8 7 6 6 10 5 10 6 5 7 4 1 7 7 10 5 7 1 2 10 2 7 10 2 7 4 3 9 10 5 10 2 3 4 3 6 2 1 3 2 8 6 3 4 1 5 5 9 10 6 2 2 1 1 1 7 3 2 5 5 3 8 6 5 2 8 1 4 0 8 5 4 7 5 5 9 8 10 9 3 8 5 3 1 10 5 9 4 5 2 10 8 7 9 10
5 9 9 8 6 6 3 7 1 4 7 2 1 8 7 4 6 4 3 3 4 1 8 9 10 10 8 8 9 2 10 9 3 7 8 7 1 8 6 9 8 6 4 2 10 9 6 8 5 4 10 5 3 5 1 1 8 9 5 4 2 9 2 8 7 10 1 9 5 5 6 9 6 5 0 4 8 1 10 7 10 5 9 6 5 7 3 5 10 1 7 10 6 4 10 10 10 10 1 2
2 2 6 1 9 7 1 9 7 5 4 6 10 2 9 1 1 6 5 3 2 5 7 10 5 8 9 6 1 4 2 1 5 7 6 10 3 9 4 10 7 5 5 10 8 10 2 9 6 3 4 9 4 2 6 6 3 3 10 4 6 8 1 4 8 4 6 8 7 5 10 3 5 6 3 0 7 5 1 6 6 5 9 3 3 9 3 9 8 8 3 9 10 3 10 8 6 6 2 6
2 1 2 8 9 9 2 8 7 9 6 4 10 10 8 9 2 9 6 5 10 10 8 9 2 3 1 7 1 8 5 7 1 6 8 4 5 4 4 2 7 10 1 7 6 7 1 10 9 5 6 5 4 5 4 8 5 5 5 5 2 6 4 4 2 10 5 9 2 3 5 2 3 8 5 3 0 7 1 8 6 6 8 1 4 9 5 6 7 10 8 3 10 7 8 7 2 2 2 2
3 2 5 2 6 3 3 1 4 3 4 9 9 10 1 8 6 6 5 8 8 5 6 10 8 10 8 6 5 9 7 7 3 3 1 5 7 3 3 4 1 5 7 7 7 4 10 6 2 4 10 8 5 4 4 1 6 10 5 1 8 8 4 4 2 6 10 3 7 1 1 10 4 5 9 2 10 0 6 4 5 4 2 6 9 4 9 3 9 10 3 1 7 6 7 3 1 9 7 6
8 1 2 5 8 4 7 9 5 4 2 1 10 7 9 9 4 8 4 5 3 8 4 8 8 8 2 10 3 5 3 10 2 6 7 9 6 10 7 4 5 1 4 8 3 3 10 2 3 7 7 10 9 8 2 2 9 1 8 10 10 4 7 10 6 4 6 3 4 10 9 5 7 7 9 2 6 9 0 10 4 2 2 2 8 4 1 6 3 9 5 4 7 3 1 6 7 6 8 8
3 5 6 5 1 10 6 10 1 6 6 5 10 5 3 8 8 8 8 10 9 9 4 2 5 10 2 10 9 9 10 6 10 9 3 3 10 5 9 3 10 9 3 10 6 5 1 5 3 1 4 6 7 6 8 6 9 5 9 5 10 7 9 1 1 8 5 10 3 1 6 10 2 7 9 9 1 6 9 0 10 10 4 7 10 1 9 9 3 6 9 6 2 4 3 4 7 8 8 1
7 5 5 3 3 6 7 5 7 7 8 9 9 6 9 6 1 6 1 2 4 8 9 4 1 3 10 10 8 8 5 6 5 10 7 7 10 4 8 8 2 9 2 2 8 10 9 7 1 7 7 2 6 3 5 8 2 10 8 5 10 9 1 10 2 6 1 4 2 1 3 4 3 1 4 8 1 7 4 9 0 5 1 10 9 6 3 2 10 1 1 1 4 7 6 1 5 3 5 8
10 5 6 4 10 8 2 5 4 10 5 7 3 9 7 3 10 9 10 3 3 1 9 3 8 1 4 2 3 2 5 10 7 6 8 3 3 3 10 9 8 6 10 1 1 9 6 2 3 6 3 8 4 5 2 8 3 8 3 3 10 10 4 10 4 9 5 2 3 5 9 7 10 9 9 5 1 2 9 7 8 0 6 10 4 1 6 6 7 2 6 1 1 3 5 5 1 9 7 7
3 3 4 10 3 4 9 1 10 4 5 6 7 2 4 3 2 2 1 10 1 1 8 5 3 7 10 3 1 2 1 9 8 6 3 4 1 3 4 3 2 9 8 8 5 8 8 1 2 2 5 6 3 3 9 1 5 7 8 4 10 2 5 6 9 5 10 6 4 10 3 5 1 10 6 10 9 8 4 7 1 5 0 3 7 1 5 10 4 3 9 10 9 5 6 7 9 7 7 2
7 10 10 9 10 7 5 10 5 4 9 10 7 5 8 3 10 8 1 8 1 2 5 4 8 3 3 8 1 1 4 2 1 5 8 3 10 8 10 7 3 3 4 2 4 5 6 9 10 5 8 6 1 6 7 5 2 1 8 8 10 6 5 5 3 8 1 1 5 8 3 2 4 3 4 1 9 7 3 2 2 1 8 0 6 5 3 6 9 9 6 5 9 10 10 6 1 1 5 6
2 6 6 7 9 9 8 3 5 1 7 4 5 5 6 10 8 9 5 4 1 6 3 6 1 6 9 2 10 9 1 6 9 2 8 8 3 5 3 8 2 7 6 8 3 5 3 3 6 6 4 9 8 6 7 9 8 9 5 8 5 1 10 5 4 10 1 9 1 3 4 7 1 10 9 2 5 2 3 5 9 9 2 10 0 3 6 6 7 4 9 8 3 7 9 10 4 3 9 8
5 4 1 6 8 1 10 5 1 4 3 7 8 3 3 9 5 10 10 8 10 6 9 7 1 5 4 5 10 3 1 3 6 8 3 4 6 9 4 4 9 5 9 2 8 6 10 9 10 10 2 3 2 9 8 7 3 3 5 5 9 8 10 5 8 9 3 4 8 9 7 6 6 2 8 7 3 6 7 8 6 3 2 7 7 0 4 6 3 10 10 4 6 6 10 9 1 6 5 3
4 6 9 4 1 1 7 6 1 10 2 10 9 4 6 2 5 4 5 10 8 7 8 6 3 2 9 2 7 8 5 8 9 3 7 3 10 5 4 4 3 1 10 6 7 5 1 10 3 10 10 1 9 3 6 7 9 3 7 9 6 9 8 8 6 7 6 9 6 9 7 3 2 9 8 6 3 8 9 8 7 7 9 2 2 7 0 2 9 4 1 8 8 9 9 2 3 9 9 5
7 3 5 6 3 2 10 6 1 3 7 8 8 5 1 5 6 6 3 6 10 8 10 2 8 6 10 4 6 2 10 8 8 2 4 5 8 5 3 5 3 7 5 2 5 5 10 3 8 5 7 10 3 4 10 9 4 10 7 3 4 4 5 8 1 4 6 6 9 9 6 4 8 7 7 2 3 10 2 3 7 5 5 1 5 3 1 0 3 8 1 10 3 5 10 6 5 8 1 10
9 2 8 5 7 9 5 3 2 10 4 10 3 3 7 1 6 10 5 1 1 5 4 1 6 7 8 6 8 8 8 9 9 4 2 8 9 9 8 7 9 7 7 1 8 4 4 5 2 6 8 7 6 1 2 1 7 6 5 5 7 5 1 3 10 1 3 9 6 8 10 10 8 5 6 1 4 5 5 3 2 2 3 10 9 2 2 7 0 8 1 6 7 4 3 10 4 6 1 2
3 6 8 7 8 3 7 4 4 7 1 3 10 7 10 2 5 4 7 3 1 9 3 4 10 1 3 4 10 8 5 10 10 7 7 3 7 6 4 6 2 1 9 7 4 8 5 2 3 5 5 6 7 1 7 1 3 7 4 3 4 6 1 7 3 10 3 8 6 9 5 2 4 5 7 8 4 5 4 8 4 3 10 7 4 1 10 1 3 0 1 7 4 6 7 1 9 1 8 5
9 4 9 9 8 10 7 2 3 3 9 8 2 2 8 8 9 3 2 4 1 2 4 1 6 7 4 5 6 3 5 8 7 8 2 6 5 6 4 5 4 7 6 8 10 3 6 6 3 5 2 9 9 4 10 6 9 1 7 4 1 6 5 3 7 7 4 2 4 4 7 1 3 6 7 1 5 9 1 1 9 1 7 7 10 2 1 9 10 1 0 5 3 1 2 5 10 2 7 8
8 9 9 2 4 10 5 6 8 4 4 7 9 10 5 1 4 2 7 7 8 7 7 5 7 10 2 2 4 7 3 8 9 4 5 1 7 3 5 2 7 9 3 5 8 8 7 5 6 6 3 1 7 1 7 3 9 3 4 7 9 8 9 7 8 1 4 1 5 10 2 3 1 8 6 7 8 1 4 1 7 8 6 9 5 4 1 10 2 3 3 0 7 2 1 1 7 7 9 3
8 5 3 4 2 2 4 2 1 5 5 10 5 10 6 2 4 9 10 1 10 5 6 5 3 2 4 3 8 1 6 8 6 8 10 10 5 8 2 4 3 10 2 6 4 8 6 3 1 5 5 8 4 3 5 9 5 3 9 8 9 7 6 9 10 1 7 3 1 3 8 3 10 1 2 9 3 1 5 8 1 2 2 7 1 9 7 1 10 3 2 8 0 3 1 3 10 10 2 2
1 9 8 8 9 7 4 2 5 8 3 5 9 4 10 6 2 2 10 8 3 5 6 7 7 10 4 10 2 8 8 7 5 2 3 10 6 4 9 3 1 3 2 3 7 2 5 9 2 8 4 1 6 9 6 7 10 10 7 10 9 4 5 9 8 9 10 7 5 5 8 7 4 5 1 2 10 1 4 8 8 1 1 7 3 2 6 4 10 5 5 7 8 0 2 5 6 7 9 3
5 9 9 1 5 6 9 1 7 8 1 10 3 5 5 4 1 9 4 1 3 10 7 6 10 9 5 7 6 7 2 1 6 4 9 6 4 3 2 8 6 8 2 6 7 2 3 2 1 2 4 9 3 1 3 1 6 4 9 10 3 6 4 10 1 5 8 5 1 9 9 5 7 4 9 4 10 2 9 8 3 3 3 10 5 4 8 3 2 1 2 2 10 2 0 2 1 3 4 6
5 9 10 6 8 2 7 3 2 3 5 1 2 9 7 2 10 6 3 7 9 7 5 7 7 1 3 3 9 8 9 8 5 8 9 6 10 7 6 6 4 3 1 9 10 2 5 6 8 7 10 5 9 5 1 4 4 1 9 6 1 2 1 6 4 2 4 5 5 8 2 5 5 2 5 6 7 2 10 3 7 1 1 5 6 9 5 1 9 3 10 4 7 5 3 0 2 6 7 10
6 7 8 7 4 5 9 10 9 6 4 7 10 3 3 2 2 9 3 3 4 5 8 10 6 8 3 4 1 5 10 4 2 1 5 6 8 10 2 5 4 8 9 1 8 3 10 10 1 3 2 4 7 1 7 9 10 8 6 1 6 6 8 2 7 3 8 8 2 1 5 7 4 10 2 9 4 2 5 7 9 4 9 4 3 5 2 4 9 3 6 6 6 8 3 2 0 9 6 3
8 5 6 5 8 1 3 7 3 8 9 2 6 5 1 4 10 4 8 8 4 5 6 7 6 7 6 5 3 1 8 8 4 10 9 4 9 3 8 4 7 3 4 1 5 9 1 1 4 8 7 10 4 10 2 9 8 4 4 2 4 9 3 7 6 1 9 10 6 8 3 10 4 10 6 3 4 8 6 5 5 6 3 9 7 1 7 10 2 7 1 1 10 2 9 8 4 0 3 2
9 7 8 3 3 9 1 2 6 1 4 6 7 3 10 1 4 6 7 6 1 5 3 5 4 6 2 4 10 7 4 7 10 1 1 10 1 3 3 4 5 5 7 1 10 3 8 8 9 4 4 5 5 3 4 2 9 8 4 8 2 2 3 7 6 8 5 7 4 1 3 1 3 1 4 1 8 4 8 7 7 1 8 10 4 8 8 3 1 9 10 10 9 1 5 2 7 6 0 4
10 1 1 6 4 2 8 6 7 6 4 6 1 9 3 3 6 3 6 9 5 4 4 3 10 5 8 9 9 9 7 7 2 10 10 6 9 10 8 7 9 2 1 9 3 4 10 6 9 10 5 9 1 10 6 1 4 10 9 2 3 3 3 3 3 7 6 9 5 9 4 3 7 2 4 5 4 3 7 2 3 3 9 4 10 3 7 8 9 10 4 4 6 2 2 4 5 10 4 0
